(294335, 0.93982522)
(212556, 0.93982522)
(329676, 0.9398113)
(355773, 0.9398113)
(371347, 0.93981121)
(143032, 0.93864875)
(362595, 0.93864179)
(194670, 0.93864179)
(330561, 0.93864179)
(70493, 0.93863483)
(251733, 0.93862778)
(31937, 0.93862778)
(168173, 0.93746532)
(128489, 0.93746532)
(94085, 0.93746532)
(152992, 0.93746532)
(188578, 0.93746532)
(272871, 0.93746532)
(190972, 0.93746532)
(177195, 0.93746532)
(60036, 0.93746532)
(220533, 0.93745836)
(333042, 0.93745836)
(314785, 0.93745836)
(247093, 0.93745836)
(309304, 0.93745836)
(322639, 0.93745836)
(379643, 0.93745836)
(253061, 0.93745836)
(267757, 0.93745836)
(154347, 0.93745836)
(32848, 0.93745836)
(126073, 0.93745836)
(235596, 0.93745836)
(243979, 0.93745827)
(74037, 0.93745139)
(135914, 0.93745131)
(88333, 0.93745131)
(187178, 0.93745131)
(7363, 0.93745131)
(370990, 0.93745131)
(53905, 0.93745131)
(148683, 0.93745131)
(317550, 0.93745131)
(212000, 0.93745131)
(109520, 0.93744443)
(39167, 0.93744435)
(313386, 0.93744435)
(108019, 0.93744435)
(336440, 0.93629581)
(292962, 0.93628885)
(206490, 0.93628885)
(28692, 0.93628885)
(212660, 0.93628885)
(343800, 0.93628885)
(36134, 0.93628885)
(300163, 0.93628885)
(184960, 0.93628885)
(118362, 0.93628885)
(181676, 0.93628885)
(292375, 0.93628189)
(270252, 0.93628189)
(76383, 0.93628189)
(249692, 0.93628189)
(371045, 0.93628189)
(120121, 0.93628189)
(274116, 0.93628189)
(345704, 0.93628189)
(116080, 0.93628189)
(110353, 0.93628189)
(77851, 0.93628189)
(232030, 0.93628189)
(406080, 0.93628189)
(61116, 0.93628189)
(146699, 0.93628189)
(313250, 0.9362818)
(78468, 0.9362818)
(84582, 0.9362818)
(257078, 0.9362818)
(156516, 0.93627492)
(215573, 0.93627492)
(114955, 0.93627492)
(23894, 0.93627492)
(415170, 0.93627492)
(260434, 0.93627492)
(114455, 0.93627492)
(166085, 0.93627492)
(25313, 0.93627484)
(157944, 0.93627484)
(382420, 0.93627484)
(217714, 0.93627484)
(146048, 0.93627484)
(145642, 0.93627484)
(162284, 0.93627484)
(176690, 0.93627484)
(340014, 0.93627484)
(79603, 0.93627484)
(322497, 0.93627484)
(266565, 0.93627484)
(287443, 0.93627484)
(363666, 0.93627484)
(166665, 0.93627484)
(152188, 0.93627484)
(51622, 0.93627484)
(67892, 0.93627484)
(91002, 0.93627484)
(320481, 0.93626788)
(92017, 0.93626788)
(148155, 0.93626788)
(49140, 0.93626788)
(257533, 0.93626788)
(351972, 0.93626788)
(178767, 0.93626788)
(309540, 0.93626788)
(257719, 0.93626788)
(45617, 0.93626788)
(15679, 0.93626788)
(187220, 0.93626788)
(392113, 0.93626788)
(305147, 0.93626788)
(77003, 0.93626788)
(12537, 0.93626788)
(254637, 0.93626788)
(251426, 0.93626788)
(263568, 0.93626788)
(255600, 0.9362678)
(267778, 0.936261)
(117218, 0.93626092)
(54303, 0.93626092)
(238208, 0.93626084)
(144843, 0.93626084)
(55506, 0.93626084)
(260046, 0.93625387)
(144537, 0.93625387)
(94912, 0.93625387)
(391568, 0.93625387)
(300026, 0.93625379)
(79213, 0.93624683)
(338001, 0.93511934)
(90712, 0.93511934)
(195925, 0.93511238)
(76291, 0.93511238)
(86058, 0.93511238)
(294091, 0.93511238)
(5349, 0.93511238)
(226428, 0.93511238)
(249481, 0.93511238)
(315314, 0.93511238)
(244688, 0.93511238)
(395289, 0.93511238)
(217152, 0.93511238)
(369107, 0.93510541)
(157058, 0.93510541)
(13567, 0.93510541)
(247772, 0.93510541)
(159537, 0.93510541)
(417542, 0.93510541)
(110356, 0.93510541)
(270343, 0.93510541)
(98620, 0.93510541)
(393044, 0.93510541)
(34780, 0.93510541)
(297683, 0.93510541)
(325025, 0.93510541)
(227437, 0.93510541)
(236379, 0.93510541)
(284845, 0.93510541)
(113285, 0.93510541)
(148897, 0.93510541)
(205480, 0.93510541)
(272932, 0.93509845)
(67194, 0.93509845)
(201300, 0.93509845)
(279454, 0.93509845)
(401717, 0.93509845)
(326964, 0.93509845)
(361511, 0.93509845)
(63106, 0.93509845)
(95756, 0.93509845)
(287679, 0.93509845)
(340478, 0.93509845)
(211157, 0.93509845)
(94511, 0.93509845)
(388249, 0.93509845)
(35805, 0.93509845)
(132503, 0.93509845)
(162689, 0.93509845)
(296610, 0.93509845)
(60025, 0.93509845)
(399971, 0.93509845)
(48031, 0.93509845)
(409007, 0.93509845)
(359997, 0.93509845)
(333905, 0.93509845)
(94082, 0.93509845)
(292089, 0.93509845)
(358943, 0.93509845)
(64405, 0.93509845)
(81702, 0.93509845)
(93220, 0.93509845)
(379792, 0.93509837)
(413225, 0.93509837)
(190255, 0.93509837)
(81487, 0.93509837)
(116402, 0.93509837)
(297484, 0.93509837)
(245443, 0.93509837)
(377202, 0.93509837)
(338983, 0.93509837)
(148990, 0.93509837)
(290932, 0.93509837)
(14923, 0.93509837)
(184550, 0.93509837)
(34659, 0.93509837)
(191947, 0.93509837)
(123302, 0.93509837)
(24187, 0.93509149)
(313649, 0.93509149)
(334328, 0.93509149)
(378276, 0.93509149)
(181933, 0.93509149)
(396137, 0.93509149)
(37457, 0.93509149)
(278793, 0.93509141)
(146520, 0.93509141)
(54018, 0.93509141)
(210474, 0.93509141)
(405326, 0.93509141)
(318486, 0.93509141)
(373637, 0.93509141)
(94575, 0.93509141)
(143963, 0.93509141)
(82239, 0.93509141)
(253676, 0.93509141)
(117567, 0.93509141)
(35670, 0.93509141)
(79749, 0.93509141)
(260811, 0.93509141)
(286339, 0.93509141)
(334952, 0.93509141)
(109381, 0.93509141)
(88506, 0.93509141)
(160753, 0.93509141)
(63934, 0.93509141)
(124771, 0.93509141)
(64198, 0.93509141)
(163639, 0.93509141)
(126940, 0.93509141)
(146223, 0.93509141)
(110990, 0.93509141)
(334780, 0.93509141)
(180194, 0.93509141)
(30584, 0.93509141)
(395544, 0.93509141)
(394852, 0.93509141)
(153868, 0.93509141)
(364068, 0.93509141)
(181363, 0.93509141)
(54308, 0.93509141)
(288468, 0.93509141)
(13289, 0.93509141)
(261669, 0.93509141)
(159656, 0.93509141)
(150144, 0.93509141)
(294904, 0.93509141)
(361949, 0.93509141)
(128190, 0.93509141)
(242366, 0.93509141)
(63630, 0.93509141)
(182329, 0.93509141)
(136451, 0.93509141)
(210273, 0.93509141)
(88344, 0.93509141)
(339220, 0.93509133)
(83966, 0.93509133)
(77360, 0.93508453)
(237373, 0.93508445)
(85018, 0.93508445)
(303583, 0.93508445)
(15375, 0.93508445)
(164436, 0.93508445)
(131442, 0.93508445)
(41584, 0.93508445)
(86679, 0.93508445)
(338571, 0.93508445)
(379261, 0.93508445)
(248542, 0.93508445)
(336348, 0.93508445)
(73927, 0.93508445)
(387667, 0.93508445)
(263304, 0.93508445)
(416478, 0.93508437)
(295799, 0.93508437)
(193723, 0.93508437)
(362938, 0.93508437)
(337463, 0.93508437)
(284276, 0.93508437)
(338866, 0.93508437)
(234941, 0.93508437)
(11426, 0.93508437)
(263396, 0.93508437)
(295139, 0.93508437)
(204665, 0.93508437)
(127721, 0.93508437)
(414443, 0.93508437)
(350265, 0.93508437)
(161035, 0.93508437)
(274421, 0.9350774)
(188281, 0.9350774)
(110650, 0.9350774)
(239896, 0.9350774)
(358956, 0.9350774)
(23044, 0.9350774)
(98602, 0.9350774)
(314326, 0.93507044)
(297707, 0.93507044)
(379091, 0.93507044)
(192231, 0.93507036)
(351606, 0.9350634)
(300067, 0.93393591)
(394372, 0.93393591)
(407326, 0.93393591)
(359164, 0.93393591)
(12026, 0.93393591)
(283132, 0.93393591)
(405663, 0.93392894)
(369038, 0.93392894)
(407203, 0.93392894)
(166502, 0.93392894)
(276816, 0.93392894)
(377593, 0.93392894)
(403598, 0.93392894)
(250280, 0.93392894)
(161913, 0.93392894)
(321535, 0.93392894)
(143999, 0.93392894)
(192470, 0.93392894)
(352002, 0.93392894)
(412943, 0.93392894)
(234620, 0.93392894)
(308736, 0.93392894)
(369982, 0.93392894)
(207151, 0.93392894)
(371789, 0.93392894)
(397077, 0.93392894)
(310824, 0.93392894)
(391403, 0.93392894)
(132581, 0.93392886)
(178266, 0.93392886)
(284866, 0.93392198)
(206948, 0.93392198)
(195129, 0.93392198)
(299304, 0.93392198)
(182054, 0.93392198)
(48668, 0.93392198)
(171479, 0.93392198)
(370636, 0.93392198)
(191564, 0.93392198)
(69494, 0.93392198)
(107861, 0.93392198)
(19923, 0.93392198)
(98184, 0.93392198)
(322147, 0.93392198)
(51034, 0.93392198)
(254102, 0.93392198)
(291809, 0.93392198)
(221033, 0.93392198)
(6337, 0.93392198)
(318963, 0.93392198)
(259478, 0.93392198)
(62827, 0.9339219)
(92507, 0.9339219)
(412046, 0.9339219)
(417745, 0.9339219)
(42649, 0.9339219)
(341318, 0.9339219)
(301301, 0.9339219)
(374661, 0.9339219)
(110348, 0.9339219)
(268236, 0.9339219)
(213261, 0.9339219)
(44436, 0.9339219)
(378762, 0.9339219)
(15144, 0.9339219)
(247248, 0.9339219)
(30633, 0.9339219)
(244066, 0.9339219)
(165387, 0.9339219)
(279779, 0.9339219)
(315389, 0.9339219)
(88154, 0.9339219)
(388466, 0.9339219)
(328606, 0.9339219)
(48151, 0.9339219)
(196100, 0.9339219)
(282717, 0.9339219)
(129064, 0.9339219)
(179443, 0.9339219)
(102252, 0.93391502)
(123327, 0.93391502)
(20069, 0.93391502)
(368653, 0.93391502)
(153518, 0.93391502)
(60356, 0.93391502)
(358230, 0.93391502)
(91630, 0.93391502)
(408658, 0.93391502)
(95643, 0.93391502)
(193634, 0.93391494)
(205433, 0.93391494)
(256547, 0.93391494)
(79383, 0.93391494)
(121390, 0.93391494)
(250414, 0.93391494)
(372594, 0.93391494)
(279432, 0.93391494)
(400305, 0.93391494)
(307388, 0.93391494)
(205713, 0.93391494)
(83775, 0.93391494)
(186706, 0.93391494)
(126179, 0.93391494)
(130291, 0.93391494)
(158690, 0.93391494)
(242042, 0.93391494)
(252667, 0.93391494)
(400715, 0.93391494)
(240981, 0.93391494)
(375550, 0.93391494)
(289769, 0.93391494)
(210445, 0.93391494)
(45137, 0.93391494)
(78647, 0.93391494)
(351923, 0.93391494)
(273918, 0.93391494)
(345909, 0.93391494)
(221379, 0.93391494)
(10354, 0.93391494)
(87852, 0.93391494)
(314484, 0.93391494)
(412707, 0.93391494)
(377295, 0.93391494)
(159337, 0.93391494)
(218723, 0.93391494)
(259813, 0.93391494)
(410737, 0.93391494)
(357339, 0.93391494)
(200434, 0.93391494)
(239555, 0.93391494)
(185050, 0.93391494)
(389643, 0.93391494)
(250930, 0.93391494)
(336687, 0.93391494)
(74419, 0.93391494)
(63519, 0.93391494)
(191255, 0.93391494)
(157162, 0.93391494)
(357740, 0.93391494)
(180377, 0.93391494)
(326257, 0.93391494)
(6893, 0.93391494)
(103231, 0.93391494)
(258237, 0.93391494)
(17513, 0.93391494)
(165015, 0.93391494)
(292264, 0.93391494)
(229029, 0.93391494)
(44787, 0.93391494)
(184393, 0.93391494)
(283141, 0.93391494)
(286267, 0.93391494)
(186207, 0.93391494)
(47588, 0.93391494)
(203348, 0.93391494)
(386968, 0.93391494)
(217300, 0.93391494)
(155688, 0.93391494)
(284608, 0.93391494)
(60431, 0.93391494)
(264347, 0.93390806)
(102803, 0.93390806)
(187840, 0.93390806)
(221814, 0.93390798)
(352275, 0.93390798)
(394537, 0.93390798)
(212292, 0.93390798)
(43044, 0.93390798)
(158008, 0.93390798)
(376506, 0.93390798)
(274946, 0.93390798)
(341425, 0.93390798)
(409651, 0.93390798)
(389553, 0.93390798)
(114637, 0.93390798)
(21117, 0.93390798)
(98611, 0.93390798)
(270491, 0.93390798)
(265658, 0.93390798)
(416834, 0.93390798)
(380970, 0.93390798)
(77806, 0.93390798)
(42801, 0.93390798)
(51306, 0.93390798)
(303580, 0.93390798)
(102408, 0.93390798)
(48042, 0.93390798)
(4707, 0.93390798)
(81510, 0.93390798)
(36367, 0.93390798)
(33795, 0.93390798)
(321194, 0.93390798)
(385461, 0.93390798)
(106296, 0.93390798)
(256827, 0.93390798)
(10676, 0.93390798)
(77633, 0.93390798)
(44851, 0.93390798)
(91116, 0.93390798)
(285377, 0.93390798)
(64540, 0.93390798)
(155403, 0.93390789)
(112158, 0.93390789)
(417221, 0.93390789)
(234068, 0.93390789)
(214558, 0.93390789)
(400484, 0.93390789)
(378062, 0.93390789)
(229477, 0.93390789)
(343564, 0.93390789)
(84406, 0.93390789)
(169729, 0.93390789)
(257569, 0.93390789)
(48002, 0.93390789)
(105182, 0.93390789)
(267985, 0.93390789)
(36985, 0.93390102)
(18835, 0.93390102)
(232299, 0.93390102)
(170856, 0.93390102)
(98208, 0.93390102)
(244227, 0.93390102)
(340418, 0.93390093)
(240610, 0.93390093)
(26983, 0.93390093)
(164680, 0.93390093)
(229090, 0.93390093)
(124899, 0.93390093)
(270103, 0.93390093)
(66218, 0.93390093)
(231355, 0.93390093)
(343694, 0.93390093)
(376853, 0.93390093)
(149430, 0.93390093)
(304832, 0.93390093)
(32333, 0.93390093)
(39750, 0.93390093)
(108081, 0.93390093)
(92895, 0.93390093)
(290127, 0.93390093)
(85196, 0.93390093)
(156565, 0.93390093)
(12110, 0.93390093)
(190539, 0.93389405)
(258348, 0.93389405)
(105181, 0.93389405)
(389215, 0.93389405)
(291430, 0.93389397)
(398288, 0.93389397)
(161450, 0.93389397)
(395051, 0.93389397)
(257618, 0.93389397)
(95937, 0.93389397)
(198610, 0.93389389)
(167085, 0.93389389)
(45516, 0.93389389)
(295667, 0.93389389)
(405883, 0.93388701)
(107328, 0.93388693)
(349746, 0.93388693)
(158795, 0.93387988)
(12161, 0.9327664)
(279030, 0.93275944)
(330870, 0.93275944)
(306486, 0.93275944)
(39308, 0.93275944)
(167678, 0.93275944)
(67917, 0.93275247)
(300231, 0.93275247)
(132211, 0.93275247)
(149295, 0.93275247)
(149009, 0.93275247)
(294212, 0.93275247)
(315726, 0.93275247)
(272747, 0.93275247)
(391717, 0.93275247)
(362082, 0.93275247)
(67227, 0.93275247)
(220327, 0.93275247)
(79091, 0.93275247)
(145502, 0.93275247)
(662, 0.93275247)
(319864, 0.93275247)
(346480, 0.93275247)
(171173, 0.93275247)
(393106, 0.93275247)
(122811, 0.93275247)
(192826, 0.93275247)
(154741, 0.93275247)
(182561, 0.93275247)
(208863, 0.93275247)
(90481, 0.93275239)
(223554, 0.93275239)
(412440, 0.93274551)
(26024, 0.93274551)
(34644, 0.93274551)
(212624, 0.93274551)
(114223, 0.93274551)
(356484, 0.93274551)
(93734, 0.93274551)
(296922, 0.93274551)
(374406, 0.93274551)
(56211, 0.93274551)
(297576, 0.93274551)
(311455, 0.93274551)
(224576, 0.93274551)
(184318, 0.93274551)
(97067, 0.93274551)
(30271, 0.93274551)
(369542, 0.93274551)
(81643, 0.93274551)
(406857, 0.93274551)
(239364, 0.93274551)
(229381, 0.93274551)
(51715, 0.93274551)
(193087, 0.93274551)
(63019, 0.93274551)
(235669, 0.93274551)
(312544, 0.93274551)
(388414, 0.93274551)
(334387, 0.93274543)
(311015, 0.93274543)
(228340, 0.93274543)
(179658, 0.93274543)
(285918, 0.93274543)
(225118, 0.93274543)
(299183, 0.93274543)
(74854, 0.93274543)
(296630, 0.93274543)
(411906, 0.93274543)
(332677, 0.93274543)
(105996, 0.93274543)
(409681, 0.93274543)
(19901, 0.93274543)
(304689, 0.93274543)
(226200, 0.93274543)
(379403, 0.93274543)
(180889, 0.93274543)
(226046, 0.93273855)
(221576, 0.93273855)
(150957, 0.93273855)
(210800, 0.93273855)
(133884, 0.93273855)
(412313, 0.93273855)
(28474, 0.93273855)
(102217, 0.93273855)
(366198, 0.93273855)
(110394, 0.93273855)
(45508, 0.93273855)
(233931, 0.93273855)
(323112, 0.93273855)
(343261, 0.93273855)
(2078, 0.93273847)
(385035, 0.93273847)
(138454, 0.93273847)
(242217, 0.93273847)
(5572, 0.93273847)
(340146, 0.93273847)
(25885, 0.93273847)
(272861, 0.93273847)
(90668, 0.93273847)
(150964, 0.93273847)
(100960, 0.93273847)
(390051, 0.93273847)
(156112, 0.93273847)
(205004, 0.93273847)
(182651, 0.93273847)
(377142, 0.93273847)
(381301, 0.93273847)
(180008, 0.93273847)
(42421, 0.93273847)
(157272, 0.93273847)
(96732, 0.93273847)
(17227, 0.93273847)
(255882, 0.93273847)
(130156, 0.93273847)
(412624, 0.93273847)
(200969, 0.93273847)
(56679, 0.93273847)
(157289, 0.93273847)
(200351, 0.93273847)
(111921, 0.93273847)
(94000, 0.93273847)
(357084, 0.93273847)
(356703, 0.93273847)
(282647, 0.93273847)
(116497, 0.93273847)
(267209, 0.93273847)
(64973, 0.93273847)
(180556, 0.93273847)
(186200, 0.93273847)
(78524, 0.93273847)
(109570, 0.93273847)
(365747, 0.93273847)
(280434, 0.93273847)
(261084, 0.93273847)
(158540, 0.93273847)
(334740, 0.93273847)
(41543, 0.93273847)
(110809, 0.93273847)
(381189, 0.93273847)
(260033, 0.93273847)
(165259, 0.93273847)
(419132, 0.93273839)
(172739, 0.93273839)
(88543, 0.93273839)
(105802, 0.93273159)
(149451, 0.93273151)
(191208, 0.93273151)
(402035, 0.93273151)
(124972, 0.93273151)
(363857, 0.93273151)
(388834, 0.93273151)
(46539, 0.93273151)
(349260, 0.93273151)
(51111, 0.93273151)
(310812, 0.93273151)
(96330, 0.93273151)
(318731, 0.93273151)
(163490, 0.93273151)
(292232, 0.93273151)
(19239, 0.93273151)
(316379, 0.93273151)
(392315, 0.93273151)
(415493, 0.93273151)
(148592, 0.93273151)
(129860, 0.93273151)
(169116, 0.93273151)
(171853, 0.93273151)
(265581, 0.93273151)
(184971, 0.93273151)
(206280, 0.93273151)
(269518, 0.93273151)
(221727, 0.93273151)
(320708, 0.93273151)
(116889, 0.93273151)
(78583, 0.93273151)
(317587, 0.93273151)
(256691, 0.93273151)
(15592, 0.93273151)
(277504, 0.93273151)
(283800, 0.93273151)
(56800, 0.93273151)
(234083, 0.93273151)
(356577, 0.93273151)
(267095, 0.93273151)
(65672, 0.93273151)
(100293, 0.93273151)
(113195, 0.93273151)
(171670, 0.93273151)
(162941, 0.93273151)
(98240, 0.93273151)
(332620, 0.93273151)
(29778, 0.93273151)
(103235, 0.93273151)
(386932, 0.93273151)
(48844, 0.93273151)
(361321, 0.93273151)
(334762, 0.93273151)
(121549, 0.93273151)
(131688, 0.93273151)
(165028, 0.93273151)
(146807, 0.93273151)
(91971, 0.93273151)
(231074, 0.93273151)
(262024, 0.93273151)
(301646, 0.93273151)
(55064, 0.93273151)
(190550, 0.93273151)
(156834, 0.93273151)
(253874, 0.93273142)
(247393, 0.93273142)
(144267, 0.93273142)
(294460, 0.93273142)
(336177, 0.93273142)
(128754, 0.93273142)
(101442, 0.93273142)
(174190, 0.93273142)
(115190, 0.93273142)
(119331, 0.93273142)
(405534, 0.93273142)
(25159, 0.93273142)
(161013, 0.93273142)
(46160, 0.93273142)
(394120, 0.93272463)
(287824, 0.93272455)
(112687, 0.93272455)
(354223, 0.93272455)
(216871, 0.93272455)
(66863, 0.93272455)
(30330, 0.93272455)
(180769, 0.93272455)
(416442, 0.93272455)
(367627, 0.93272455)
(383349, 0.93272455)
(403899, 0.93272455)
(84213, 0.93272455)
(3105, 0.93272455)
(363914, 0.93272455)
(230718, 0.93272455)
(300345, 0.93272455)
(52537, 0.93272455)
(418898, 0.93272455)
(352146, 0.93272455)
(91155, 0.93272455)
(98561, 0.93272455)
(62873, 0.93272455)
(286882, 0.93272446)
(141921, 0.93272446)
(356497, 0.93272446)
(203660, 0.93272446)
(59451, 0.93272446)
(374613, 0.93272446)
(112043, 0.93272446)
(401507, 0.93272446)
(262970, 0.93272446)
(130656, 0.93272446)
(188630, 0.93272446)
(12045, 0.93272446)
(43274, 0.93272446)
(73951, 0.93272446)
(305947, 0.93272446)
(377480, 0.93272446)
(338138, 0.93272446)
(279816, 0.93272446)
(401714, 0.93272446)
(223458, 0.93272446)
(214940, 0.93272446)
(148939, 0.93272446)
(182452, 0.93272446)
(50645, 0.93272446)
(171495, 0.93272446)
(64992, 0.93272446)
(55115, 0.93272446)
(313056, 0.93272446)
(297072, 0.93272438)
(356178, 0.93272438)
(287465, 0.93272438)
(33470, 0.93271758)
(397330, 0.93271758)
(130659, 0.93271758)
(245454, 0.93271758)
(62171, 0.93271758)
(278749, 0.93271758)
(19854, 0.9327175)
(179850, 0.9327175)
(291856, 0.9327175)
(50108, 0.9327175)
(122323, 0.9327175)
(352287, 0.9327175)
(192710, 0.9327175)
(336407, 0.9327175)
(407952, 0.9327175)
(98437, 0.9327175)
(59011, 0.9327175)
(281745, 0.9327175)
(284691, 0.9327175)
(117314, 0.9327175)
(376266, 0.9327175)
(243214, 0.93271742)
(132334, 0.93271742)
(266799, 0.93271742)
(49284, 0.93271742)
(402710, 0.93271054)
(20428, 0.93271054)
(161130, 0.93271054)
(139845, 0.93271054)
(101678, 0.93271054)
(379443, 0.93271054)
(81693, 0.93271054)
(59346, 0.93271054)
(109212, 0.93271054)
(196921, 0.93271054)
(50547, 0.93271054)
(84286, 0.93271046)
(142379, 0.93271046)
(239071, 0.93271046)
(412600, 0.93271037)
(78124, 0.93270358)
(244681, 0.9327035)
(304646, 0.9327035)
(76441, 0.9327035)
(135001, 0.9327035)
(65799, 0.9327035)
(227184, 0.93270341)
(260517, 0.93270341)
(415365, 0.93268957)
(331686, 0.93158993)
(312849, 0.93158296)
(73854, 0.93158296)
(81433, 0.93158296)
(408114, 0.93158296)
(100817, 0.93158296)
(3576, 0.93158296)
(74659, 0.93158296)
(403308, 0.931576)
(349621, 0.931576)
(408610, 0.931576)
(54290, 0.931576)
(246114, 0.931576)
(259378, 0.931576)
(208002, 0.931576)
(384806, 0.931576)
(210674, 0.931576)
(186632, 0.931576)
(530, 0.931576)
(326390, 0.931576)
(83702, 0.931576)
(342884, 0.931576)
(274646, 0.93157592)
(99930, 0.93156904)
(372932, 0.93156904)
(250597, 0.93156904)
(138996, 0.93156904)
(125626, 0.93156904)
(174906, 0.93156904)
(284968, 0.93156904)
(85045, 0.93156904)
(19301, 0.93156904)
(96007, 0.93156904)
(230863, 0.93156904)
(79988, 0.93156904)
(99356, 0.93156904)
(21915, 0.93156904)
(247350, 0.93156904)
(412357, 0.93156904)
(8482, 0.93156904)
(326237, 0.93156904)
(240092, 0.93156904)
(352781, 0.93156904)
(411218, 0.93156896)
(382594, 0.93156896)
(413035, 0.93156896)
(95421, 0.93156896)
(137245, 0.93156896)
(215532, 0.93156896)
(222267, 0.93156896)
(340537, 0.93156896)
(400855, 0.93156896)
(273751, 0.93156896)
(155466, 0.93156896)
(387042, 0.93156896)
(23055, 0.93156896)
(108497, 0.93156896)
(220177, 0.93156896)
(207645, 0.93156896)
(65078, 0.93156208)
(152169, 0.93156208)
(104754, 0.93156208)
(184075, 0.93156208)
(257446, 0.93156208)
(156974, 0.93156208)
(237618, 0.93156208)
(179990, 0.93156208)
(243444, 0.93156208)
(288354, 0.93156208)
(220784, 0.93156208)
(44086, 0.93156208)
(220348, 0.93156208)
(149501, 0.93156208)
(106345, 0.93156208)
(193984, 0.93156208)
(243860, 0.931562)
(87087, 0.931562)
(338025, 0.931562)
(378431, 0.931562)
(131716, 0.931562)
(176110, 0.931562)
(358193, 0.931562)
(38555, 0.931562)
(368257, 0.931562)
(400736, 0.931562)
(29613, 0.931562)
(346223, 0.931562)
(189881, 0.931562)
(40961, 0.931562)
(372616, 0.931562)
(206960, 0.931562)
(110969, 0.931562)
(61170, 0.931562)
(90019, 0.931562)
(309781, 0.931562)
(163535, 0.931562)
(391636, 0.931562)
(93384, 0.931562)
(258547, 0.931562)
(403031, 0.931562)
(232150, 0.931562)
(130710, 0.931562)
(290007, 0.931562)
(278364, 0.931562)
(187384, 0.931562)
(306460, 0.931562)
(85122, 0.931562)
(147826, 0.931562)
(367629, 0.931562)
(320044, 0.931562)
(189536, 0.931562)
(239965, 0.931562)
(144306, 0.931562)
(117641, 0.931562)
(96920, 0.931562)
(172755, 0.931562)
(10819, 0.931562)
(258318, 0.931562)
(364014, 0.931562)
(335214, 0.931562)
(48163, 0.931562)
(409261, 0.931562)
(305041, 0.931562)
(273300, 0.931562)
(177856, 0.931562)
(351365, 0.931562)
(259356, 0.931562)
(227973, 0.93156191)
(318001, 0.93156191)
(3807, 0.93156191)
(89072, 0.93156191)
(94414, 0.93155512)
(56943, 0.93155512)
(373195, 0.93155512)
(55047, 0.93155512)
(85478, 0.93155512)
(331234, 0.93155504)
(365671, 0.93155504)
(30755, 0.93155504)
(157040, 0.93155504)
(67232, 0.93155504)
(308636, 0.93155504)
(50344, 0.93155504)
(182306, 0.93155504)
(218057, 0.93155504)
(225361, 0.93155504)
(297353, 0.93155504)
(224518, 0.93155504)
(54463, 0.93155504)
(140499, 0.93155504)
(106562, 0.93155504)
(20878, 0.93155504)
(190452, 0.93155504)
(105459, 0.93155504)
(402374, 0.93155504)
(278633, 0.93155504)
(361239, 0.93155504)
(406606, 0.93155504)
(291655, 0.93155504)
(401826, 0.93155504)
(370005, 0.93155504)
(37799, 0.93155504)
(378577, 0.93155504)
(233774, 0.93155504)
(290094, 0.93155504)
(170814, 0.93155504)
(308883, 0.93155504)
(52055, 0.93155504)
(49038, 0.93155504)
(305884, 0.93155504)
(312305, 0.93155504)
(172965, 0.93155504)
(94792, 0.93155504)
(367109, 0.93155504)
(230296, 0.93155504)
(410295, 0.93155504)
(137553, 0.93155504)
(330140, 0.93155504)
(298396, 0.93155504)
(226987, 0.93155504)
(179997, 0.93155504)
(304410, 0.93155504)
(368398, 0.93155504)
(303663, 0.93155504)
(384579, 0.93155504)
(179603, 0.93155504)
(262988, 0.93155504)
(327881, 0.93155504)
(401635, 0.93155504)
(100877, 0.93155504)
(185805, 0.93155504)
(410259, 0.93155495)
(9145, 0.93155495)
(157856, 0.93155495)
(225304, 0.93155495)
(228142, 0.93155495)
(273454, 0.93155495)
(361706, 0.93155495)
(300011, 0.93155495)
(392613, 0.93154816)
(76803, 0.93154807)
(296340, 0.93154807)
(250723, 0.93154807)
(321682, 0.93154807)
(376618, 0.93154807)
(273422, 0.93154807)
(280570, 0.93154807)
(112122, 0.93154807)
(381228, 0.93154807)
(20738, 0.93154807)
(393105, 0.93154807)
(59978, 0.93154807)
(180577, 0.93154807)
(304053, 0.93154807)
(378161, 0.93154807)
(239239, 0.93154807)
(250948, 0.93154807)
(3974, 0.93154807)
(97129, 0.93154807)
(55924, 0.93154807)
(324334, 0.93154807)
(370457, 0.93154807)
(246692, 0.93154807)
(125123, 0.93154807)
(110166, 0.93154807)
(345780, 0.93154807)
(333754, 0.93154807)
(252770, 0.93154807)
(355415, 0.93154807)
(7257, 0.93154807)
(258855, 0.93154807)
(348876, 0.93154807)
(54761, 0.93154807)
(37273, 0.93154799)
(175942, 0.93154799)
(136411, 0.93154799)
(277186, 0.93154799)
(405749, 0.93154799)
(336788, 0.93154799)
(216609, 0.93154799)
(151745, 0.93154799)
(73916, 0.93154799)
(31334, 0.93154799)
(221154, 0.93154799)
(406439, 0.93154799)
(406343, 0.93154799)
(41116, 0.93154799)
(74997, 0.93154799)
(161699, 0.93154799)
(146245, 0.93154799)
(251785, 0.93154799)
(321984, 0.93154799)
(395405, 0.93154799)
(105911, 0.93154799)
(168160, 0.93154799)
(92781, 0.93154799)
(49181, 0.93154799)
(212314, 0.93154799)
(240851, 0.93154799)
(288454, 0.93154799)
(216908, 0.93154799)
(393086, 0.93154799)
(221911, 0.93154799)
(326005, 0.93154799)
(154381, 0.93154799)
(49697, 0.93154799)
(280490, 0.93154799)
(216033, 0.93154799)
(16935, 0.93154799)
(108606, 0.93154799)
(322012, 0.93154799)
(196499, 0.93154799)
(265884, 0.93154111)
(202477, 0.93154111)
(150332, 0.93154111)
(328247, 0.93154111)
(320128, 0.93154111)
(414060, 0.93154111)
(87121, 0.93154111)
(248256, 0.93154111)
(334810, 0.93154111)
(58279, 0.93154111)
(189300, 0.93154111)
(232691, 0.93154111)
(160983, 0.93154111)
(248506, 0.93154103)
(60862, 0.93154103)
(349901, 0.93154103)
(158765, 0.93154103)
(56531, 0.93154103)
(336326, 0.93154103)
(354490, 0.93154103)
(230022, 0.93154103)
(205874, 0.93154103)
(390049, 0.93154103)
(353184, 0.93154103)
(165125, 0.93154103)
(286395, 0.93154103)
(258649, 0.93154103)
(96050, 0.93154103)
(311275, 0.93154103)
(118416, 0.93154103)
(15972, 0.93154103)
(307428, 0.93154103)
(315075, 0.93154103)
(19064, 0.93154103)
(19754, 0.93154103)
(350836, 0.93154103)
(334825, 0.93154103)
(316040, 0.93154103)
(325770, 0.93154103)
(45552, 0.93154103)
(343333, 0.93154103)
(341607, 0.93154103)
(91777, 0.93154103)
(305996, 0.93154103)
(103047, 0.93154103)
(153291, 0.93154103)
(208188, 0.93154103)
(47958, 0.93154103)
(38800, 0.93154103)
(301474, 0.93154103)
(9460, 0.93154103)
(347741, 0.93154103)
(398032, 0.93154103)
(305256, 0.93154103)
(383338, 0.93154095)
(154733, 0.93154095)
(375499, 0.93154095)
(337174, 0.93154095)
(92168, 0.93154095)
(171269, 0.93154095)
(317241, 0.93154095)
(158931, 0.93154095)
(220067, 0.93153407)
(52220, 0.93153407)
(55591, 0.93153407)
(197040, 0.93153407)
(186142, 0.93153407)
(373926, 0.93153407)
(392335, 0.93153407)
(319597, 0.93153407)
(250323, 0.93153407)
(172274, 0.93153407)
(331649, 0.93153407)
(297592, 0.93153407)
(347146, 0.93153407)
(401167, 0.93153407)
(338967, 0.93153407)
(69543, 0.93153407)
(164672, 0.93153407)
(153321, 0.93153407)
(396906, 0.93153407)
(88577, 0.93153407)
(401259, 0.93153399)
(184697, 0.93153399)
(65319, 0.93153399)
(158455, 0.93153399)
(333446, 0.93153399)
(8708, 0.93153399)
(195369, 0.93153399)
(406157, 0.93153399)
(383046, 0.93153399)
(156231, 0.93153399)
(246076, 0.93153399)
(9856, 0.93153399)
(416159, 0.93153399)
(328378, 0.93153399)
(57528, 0.93153399)
(190046, 0.93153399)
(117648, 0.93153399)
(96304, 0.93153399)
(299649, 0.93152711)
(390385, 0.93152711)
(197288, 0.93152711)
(27356, 0.93152703)
(79746, 0.93152703)
(138300, 0.93152703)
(98963, 0.93152703)
(96229, 0.93152703)
(9021, 0.93152703)
(339374, 0.93152703)
(353602, 0.93152703)
(241076, 0.93152703)
(315621, 0.93152703)
(166772, 0.93152703)
(57266, 0.93152703)
(209546, 0.93152006)
(290593, 0.93152006)
(400955, 0.93152006)
(192212, 0.93152006)
(120123, 0.93152006)
(38684, 0.93152006)
(310604, 0.93151998)
(142904, 0.93151998)
(231946, 0.93151998)
(261507, 0.93151302)
(350006, 0.93151302)
(275819, 0.93150598)
(346341, 0.93150598)
(419740, 0.93150598)
(180199, 0.9304205)
(249470, 0.93040649)
(8080, 0.93039962)
(274837, 0.93039953)
(87693, 0.93039953)
(78749, 0.93039953)
(93753, 0.93039953)
(164765, 0.93039953)
(151615, 0.93039953)
(6901, 0.93039953)
(177453, 0.93039945)
(196871, 0.93039257)
(394577, 0.93039257)
(390272, 0.93039257)
(287464, 0.93039257)
(10682, 0.93039257)
(79479, 0.93039257)
(5525, 0.93039257)
(69798, 0.93039257)
(346956, 0.93039257)
(120751, 0.93039257)
(195253, 0.93039257)
(318253, 0.93039257)
(394348, 0.93039257)
(10352, 0.93039257)
(7790, 0.93039257)
(221345, 0.93039249)
(32022, 0.93039249)
(31938, 0.93039249)
(402151, 0.93039249)
(414937, 0.93039249)
(187732, 0.93039249)
(376430, 0.93039249)
(300257, 0.93039249)
(296618, 0.93039249)
(6196, 0.93039249)
(373341, 0.93039249)
(218570, 0.93039249)
(331233, 0.93039249)
(414214, 0.93039249)
(55818, 0.93038561)
(333916, 0.93038561)
(102257, 0.93038561)
(7895, 0.93038561)
(395494, 0.93038561)
(50764, 0.93038561)
(181626, 0.93038561)
(407032, 0.93038561)
(22398, 0.93038561)
(245169, 0.93038561)
(311445, 0.93038561)
(69079, 0.93038553)
(243947, 0.93038553)
(240706, 0.93038553)
(79953, 0.93038553)
(375373, 0.93038553)
(126739, 0.93038553)
(171762, 0.93038553)
(56856, 0.93038553)
(375892, 0.93038553)
(43268, 0.93038553)
(194979, 0.93038553)
(225086, 0.93038553)
(401383, 0.93038553)
(199163, 0.93038553)
(88180, 0.93038553)
(270235, 0.93038553)
(15754, 0.93038553)
(275244, 0.93038553)
(120874, 0.93038553)
(328557, 0.93038553)
(328138, 0.93038553)
(384554, 0.93038553)
(102306, 0.93038553)
(216093, 0.93038553)
(152668, 0.93038553)
(13998, 0.93038553)
(234801, 0.93038553)
(10309, 0.93038553)
(406274, 0.93038553)
(359587, 0.93038553)
(202835, 0.93038553)
(356214, 0.93038553)
(341372, 0.93038553)
(233267, 0.93038553)
(114511, 0.93038553)
(170686, 0.93037865)
(220399, 0.93037865)
(223403, 0.93037865)
(264775, 0.93037865)
(396178, 0.93037857)
(200790, 0.93037857)
(51310, 0.93037857)
(91635, 0.93037857)
(80528, 0.93037857)
(89366, 0.93037857)
(59780, 0.93037857)
(100821, 0.93037857)
(417861, 0.93037857)
(416948, 0.93037857)
(159952, 0.93037857)
(136653, 0.93037857)
(66011, 0.93037857)
(403709, 0.93037857)
(360678, 0.93037857)
(258618, 0.93037857)
(32530, 0.93037857)
(3361, 0.93037857)
(311304, 0.93037857)
(185792, 0.93037857)
(67954, 0.93037857)
(282271, 0.93037857)
(286857, 0.93037857)
(267204, 0.93037857)
(82247, 0.93037857)
(147185, 0.93037857)
(54439, 0.93037857)
(4334, 0.93037857)
(109474, 0.93037857)
(309125, 0.93037857)
(316461, 0.93037857)
(26764, 0.93037857)
(302190, 0.93037857)
(195460, 0.93037857)
(256942, 0.93037857)
(108498, 0.93037857)
(71586, 0.93037857)
(224202, 0.93037857)
(288767, 0.93037857)
(346674, 0.93037857)
(57683, 0.93037857)
(260006, 0.93037857)
(292246, 0.93037857)
(361610, 0.93037857)
(126175, 0.93037857)
(136774, 0.93037857)
(252186, 0.93037857)
(349310, 0.93037857)
(170443, 0.93037857)
(230567, 0.93037857)
(412322, 0.93037857)
(238886, 0.93037857)
(1668, 0.93037857)
(275493, 0.93037857)
(222527, 0.93037857)
(332483, 0.93037857)
(24180, 0.93037848)
(395851, 0.93037848)
(395970, 0.93037848)
(101444, 0.93037848)
(139534, 0.93037848)
(94902, 0.93037848)
(281040, 0.93037848)
(352465, 0.93037848)
(177828, 0.93037848)
(212249, 0.93037848)
(18161, 0.93037169)
(116464, 0.93037169)
(317041, 0.93037169)
(263754, 0.93037169)
(34515, 0.93037169)
(204009, 0.93037169)
(296691, 0.9303716)
(47304, 0.9303716)
(179207, 0.9303716)
(135923, 0.9303716)
(359377, 0.9303716)
(395312, 0.9303716)
(168906, 0.9303716)
(371490, 0.9303716)
(37630, 0.9303716)
(112299, 0.9303716)
(142633, 0.9303716)
(214172, 0.9303716)
(252876, 0.9303716)
(56212, 0.9303716)
(395640, 0.9303716)
(156027, 0.9303716)
(99668, 0.9303716)
(374795, 0.9303716)
(10131, 0.9303716)
(295919, 0.9303716)
(249313, 0.9303716)
(169193, 0.9303716)
(23258, 0.9303716)
(180361, 0.9303716)
(124640, 0.9303716)
(279483, 0.9303716)
(4383, 0.9303716)
(157295, 0.9303716)
(270075, 0.9303716)
(110513, 0.9303716)
(257859, 0.9303716)
(161298, 0.9303716)
(105204, 0.9303716)
(57353, 0.9303716)
(114325, 0.93037152)
(45787, 0.93037152)
(194820, 0.93037152)
(94556, 0.93037152)
(295893, 0.93037152)
(371107, 0.93037152)
(408426, 0.93037152)
(302387, 0.93037152)
(140409, 0.93037152)
(66240, 0.93037152)
(151646, 0.93037152)
(272281, 0.93037152)
(224607, 0.93037152)
(331422, 0.93037152)
(114197, 0.93037152)
(106350, 0.93037152)
(165342, 0.93037152)
(275807, 0.93037152)
(147575, 0.93037152)
(135879, 0.93037152)
(267264, 0.93037152)
(273429, 0.93037152)
(347227, 0.93037152)
(99144, 0.93037152)
(72939, 0.93037152)
(86347, 0.93037152)
(97696, 0.93037152)
(230881, 0.93037152)
(55960, 0.93037152)
(150782, 0.93037152)
(344015, 0.93037144)
(219576, 0.93036464)
(249379, 0.93036464)
(294529, 0.93036464)
(190730, 0.93036464)
(25110, 0.93036464)
(362138, 0.93036464)
(26951, 0.93036456)
(44838, 0.93036456)
(31010, 0.93036456)
(340701, 0.93036456)
(360587, 0.93036456)
(53057, 0.93036456)
(84274, 0.93036456)
(280272, 0.93036456)
(172785, 0.93036456)
(147433, 0.93036456)
(183761, 0.93036456)
(294473, 0.93036456)
(207570, 0.93036456)
(375041, 0.93036456)
(395977, 0.93036456)
(344949, 0.93036456)
(288202, 0.93036456)
(208728, 0.93036456)
(114897, 0.93036456)
(177712, 0.93036456)
(71161, 0.93036456)
(235765, 0.93036456)
(425, 0.93036456)
(320234, 0.93036456)
(288235, 0.93036456)
(309792, 0.93036456)
(4701, 0.93036456)
(75393, 0.93036456)
(18222, 0.93036456)
(308956, 0.93036456)
(115427, 0.93036456)
(341143, 0.93036456)
(216149, 0.93036456)
(56667, 0.93036456)
(294169, 0.93036456)
(186406, 0.93036456)
(17101, 0.93036456)
(334513, 0.93036456)
(132588, 0.93036456)
(274285, 0.93036456)
(322555, 0.93036456)
(212746, 0.93036456)
(34220, 0.93036456)
(141817, 0.93036456)
(5830, 0.93036456)
(299372, 0.93036456)
(180783, 0.93036448)
(52583, 0.93036448)
(154543, 0.93036448)
(134239, 0.93036448)
(150020, 0.93036448)
(3677, 0.93036448)
(116599, 0.93036448)
(23211, 0.93036448)
(265300, 0.93035768)
(89478, 0.93035768)
(104254, 0.93035768)
(331293, 0.93035768)
(354585, 0.9303576)
(91616, 0.9303576)
(42414, 0.9303576)
(234445, 0.9303576)
(50374, 0.9303576)
(117159, 0.9303576)
(331503, 0.9303576)
(417764, 0.9303576)
(262511, 0.9303576)
(266030, 0.9303576)
(180369, 0.9303576)
(358614, 0.9303576)
(75037, 0.9303576)
(265149, 0.9303576)
(176657, 0.9303576)
(416145, 0.9303576)
(310466, 0.9303576)
(92825, 0.9303576)
(271930, 0.9303576)
(118807, 0.9303576)
(145680, 0.9303576)
(115047, 0.9303576)
(335108, 0.9303576)
(340104, 0.9303576)
(26808, 0.9303576)
(171683, 0.9303576)
(205826, 0.9303576)
(125126, 0.9303576)
(21766, 0.93035752)
(190080, 0.93035752)
(87769, 0.93035752)
(280787, 0.93035752)
(316129, 0.93035752)
(5367, 0.93035752)
(331688, 0.93035752)
(378072, 0.93035752)
(340911, 0.93035752)
(173060, 0.93035752)
(340565, 0.93035752)
(312241, 0.93035752)
(122702, 0.93035752)
(402828, 0.93035752)
(35889, 0.93035752)
(114634, 0.93035752)
(220176, 0.93035752)
(399654, 0.93035743)
(49849, 0.93035743)
(7926, 0.93035072)
(155228, 0.93035064)
(248682, 0.93035064)
(321761, 0.93035064)
(100375, 0.93035064)
(392081, 0.93035064)
(248308, 0.93035055)
(259217, 0.93035055)
(39946, 0.93035055)
(224848, 0.93035055)
(5998, 0.93035055)
(305262, 0.93035055)
(8261, 0.93035055)
(21788, 0.93035055)
(3612, 0.93035055)
(29048, 0.93035055)
(29718, 0.93035055)
(400780, 0.93035055)
(267391, 0.93035055)
(275773, 0.93035055)
(17038, 0.93035055)
(18036, 0.93035055)
(112466, 0.93035047)
(350208, 0.93035047)
(251989, 0.93034359)
(36760, 0.93034359)
(385608, 0.93034359)
(166158, 0.93034359)
(94799, 0.93034359)
(156693, 0.93034359)
(105540, 0.93034359)
(274436, 0.93034359)
(337663, 0.93034359)
(179022, 0.93034359)
(152264, 0.93034359)
(100716, 0.93034351)
(18030, 0.93034351)
(64712, 0.93034351)
(201576, 0.93034351)
(73732, 0.93034351)
(88551, 0.93034351)
(292966, 0.93034351)
(98464, 0.93034351)
(361584, 0.93033671)
(79762, 0.93033663)
(197051, 0.93033663)
(146332, 0.93033655)
(175346, 0.93033655)
(88171, 0.93033655)
(317419, 0.93033647)
(33638, 0.93033647)
(384878, 0.93032263)
(81541, 0.93032254)
(75998, 0.92923002)
(216611, 0.92923002)
(303729, 0.92923002)
(383423, 0.92922314)
(357871, 0.92922306)
(310897, 0.92922306)
(40182, 0.92922306)
(400870, 0.92922306)
(243, 0.92922306)
(66703, 0.92922306)
(213279, 0.92922306)
(396161, 0.92922306)
(291968, 0.9292161)
(198343, 0.9292161)
(105899, 0.9292161)
(38608, 0.9292161)
(91270, 0.9292161)
(172147, 0.9292161)
(270107, 0.9292161)
(341870, 0.9292161)
(89784, 0.9292161)
(345442, 0.92921602)
(60759, 0.92921602)
(225878, 0.92921602)
(75869, 0.92921602)
(248502, 0.92921602)
(130438, 0.92920914)
(156062, 0.92920914)
(116476, 0.92920914)
(185866, 0.92920914)
(118843, 0.92920914)
(254613, 0.92920914)
(237096, 0.92920914)
(220767, 0.92920914)
(246014, 0.92920914)
(184027, 0.92920914)
(248711, 0.92920914)
(165280, 0.92920914)
(88971, 0.92920914)
(239281, 0.92920914)
(316533, 0.92920906)
(364261, 0.92920906)
(310613, 0.92920906)
(5649, 0.92920906)
(25847, 0.92920906)
(260208, 0.92920906)
(129721, 0.92920906)
(20497, 0.92920906)
(232649, 0.92920906)
(63274, 0.92920906)
(275107, 0.92920906)
(110744, 0.92920906)
(242376, 0.92920906)
(26895, 0.92920906)
(353035, 0.92920906)
(175808, 0.92920906)
(364167, 0.92920906)
(246597, 0.92920906)
(114208, 0.92920906)
(46372, 0.92920906)
(133500, 0.92920906)
(170017, 0.92920906)
(183130, 0.92920897)
(350635, 0.92920218)
(403433, 0.92920218)
(40664, 0.92920218)
(310135, 0.92920218)
(177203, 0.92920218)
(172583, 0.92920218)
(240297, 0.92920218)
(35604, 0.9292021)
(11468, 0.9292021)
(252085, 0.9292021)
(33273, 0.9292021)
(85345, 0.9292021)
(282239, 0.9292021)
(301807, 0.9292021)
(412326, 0.9292021)
(87602, 0.9292021)
(273998, 0.9292021)
(94699, 0.9292021)
(158305, 0.9292021)
(215612, 0.9292021)
(58581, 0.9292021)
(234574, 0.9292021)
(113991, 0.9292021)
(92834, 0.9292021)
(76497, 0.9292021)
(310447, 0.9292021)
(285442, 0.9292021)
(248786, 0.9292021)
(344279, 0.9292021)
(8515, 0.9292021)
(202139, 0.9292021)
(378823, 0.9292021)
(417301, 0.9292021)
(318819, 0.9292021)
(277207, 0.9292021)
(382834, 0.9292021)
(211788, 0.9292021)
(71905, 0.9292021)
(308084, 0.9292021)
(387477, 0.9292021)
(330136, 0.9292021)
(327434, 0.9292021)
(250060, 0.9292021)
(280167, 0.9292021)
(262306, 0.92920201)
(58034, 0.92920201)
(167435, 0.92920201)
(182640, 0.92920201)
(78547, 0.92920201)
(51455, 0.92920201)
(245501, 0.92919522)
(7769, 0.92919522)
(261416, 0.92919522)
(398588, 0.92919522)
(380301, 0.92919522)
(85891, 0.92919522)
(264995, 0.92919513)
(191381, 0.92919513)
(364788, 0.92919513)
(362920, 0.92919513)
(239731, 0.92919513)
(248224, 0.92919513)
(52209, 0.92919513)
(235658, 0.92919513)
(257017, 0.92919513)
(73051, 0.92919513)
(353236, 0.92919513)
(54212, 0.92919513)
(272640, 0.92919513)
(72127, 0.92919513)
(189807, 0.92919513)
(324296, 0.92919513)
(371389, 0.92919513)
(10187, 0.92919513)
(110436, 0.92919513)
(347246, 0.92919513)
(338938, 0.92919513)
(61333, 0.92919513)
(268953, 0.92919513)
(391217, 0.92919513)
(105243, 0.92919513)
(209346, 0.92919513)
(417194, 0.92919513)
(385997, 0.92919513)
(328774, 0.92919513)
(79320, 0.92919513)
(251092, 0.92919513)
(156730, 0.92919513)
(89345, 0.92919505)
(55776, 0.92919505)
(75741, 0.92919505)
(226211, 0.92919505)
(275923, 0.92919505)
(203150, 0.92919505)
(1533, 0.92919505)
(245608, 0.92919505)
(104315, 0.92919505)
(359497, 0.92919505)
(270334, 0.92919505)
(5123, 0.92919505)
(92404, 0.92919505)
(3245, 0.92919505)
(349623, 0.92919505)
(170025, 0.92919505)
(138929, 0.92919505)
(344058, 0.92919505)
(302829, 0.92919505)
(53322, 0.92919505)
(193370, 0.92919505)
(294491, 0.92919505)
(147319, 0.92919505)
(312687, 0.92919505)
(102391, 0.92919505)
(240489, 0.92919505)
(51162, 0.92919505)
(343444, 0.92919505)
(166520, 0.92919505)
(304336, 0.92919505)
(152040, 0.92919505)
(72916, 0.92919505)
(401096, 0.92919505)
(300220, 0.92919505)
(66993, 0.92919505)
(355929, 0.92919505)
(217026, 0.92919505)
(271109, 0.92919505)
(364764, 0.92919497)
(210004, 0.92918826)
(172616, 0.92918817)
(219994, 0.92918817)
(280844, 0.92918817)
(344185, 0.92918817)
(408167, 0.92918817)
(38924, 0.92918817)
(324649, 0.92918817)
(412587, 0.92918817)
(218976, 0.92918817)
(204453, 0.92918817)
(702, 0.92918817)
(255392, 0.92918817)
(33700, 0.92918817)
(185309, 0.92918817)
(76538, 0.92918817)
(291220, 0.92918817)
(259517, 0.92918817)
(371932, 0.92918817)
(100310, 0.92918809)
(144313, 0.92918809)
(151020, 0.92918809)
(76173, 0.92918809)
(208043, 0.92918809)
(294844, 0.92918809)
(233215, 0.92918809)
(233962, 0.92918809)
(326797, 0.92918809)
(31995, 0.92918809)
(32701, 0.92918809)
(191646, 0.92918809)
(304511, 0.92918809)
(14647, 0.92918809)
(314786, 0.92918809)
(274910, 0.92918809)
(321437, 0.92918809)
(282111, 0.92918809)
(161851, 0.92918809)
(126184, 0.92918809)
(354164, 0.92918809)
(163787, 0.92918809)
(314465, 0.92918809)
(64987, 0.92918809)
(273822, 0.92918809)
(73933, 0.92918809)
(372722, 0.92918809)
(333756, 0.92918809)
(288338, 0.92918809)
(110940, 0.92918809)
(250780, 0.92918809)
(168170, 0.92918809)
(113726, 0.92918809)
(334815, 0.92918809)
(208060, 0.92918809)
(12171, 0.92918809)
(67083, 0.92918809)
(231585, 0.92918809)
(83253, 0.92918809)
(227582, 0.92918801)
(214864, 0.92918801)
(7505, 0.92918801)
(311151, 0.92918801)
(336529, 0.92918801)
(225034, 0.92918129)
(306425, 0.92918121)
(36949, 0.92918121)
(14033, 0.92918121)
(299218, 0.92918121)
(284244, 0.92918121)
(310981, 0.92918121)
(270329, 0.92918113)
(42584, 0.92918113)
(323862, 0.92918113)
(2982, 0.92918113)
(392162, 0.92918113)
(68720, 0.92918113)
(9561, 0.92918113)
(289374, 0.92918113)
(360527, 0.92918113)
(2146, 0.92918113)
(156728, 0.92918113)
(188259, 0.92918113)
(70147, 0.92918113)
(4039, 0.92918113)
(39517, 0.92918113)
(65141, 0.92918113)
(7759, 0.92918113)
(83309, 0.92918113)
(7618, 0.92918113)
(319534, 0.92918113)
(49264, 0.92918113)
(29858, 0.92918113)
(117252, 0.92918113)
(123550, 0.92918113)
(66797, 0.92918113)
(396977, 0.92918113)
(230169, 0.92918113)
(294884, 0.92918113)
(333424, 0.92918105)
(202324, 0.92918105)
(105066, 0.92918105)
(304352, 0.92918105)
(354482, 0.92918105)
(416766, 0.92918105)
(181494, 0.92918105)
(173226, 0.92918105)
(279615, 0.92918105)
(332344, 0.92918105)
(92289, 0.92918105)
(101034, 0.92918105)
(13678, 0.92918105)
(335905, 0.92918105)
(153652, 0.92918105)
(257679, 0.92918105)
(90673, 0.92918105)
(249108, 0.92918105)
(339879, 0.92918105)
(246261, 0.92918105)
(187762, 0.92918105)
(119563, 0.92918105)
(55799, 0.92918105)
(356122, 0.92918105)
(115331, 0.92918105)
(341257, 0.92918105)
(43820, 0.92918105)
(79283, 0.92918105)
(308238, 0.92918105)
(57693, 0.92918105)
(347805, 0.92917433)
(169481, 0.92917425)
(194050, 0.92917425)
(202752, 0.92917417)
(242212, 0.92917417)
(120502, 0.92917417)
(335232, 0.92917417)
(22936, 0.92917417)
(313100, 0.92917417)
(406257, 0.92917417)
(262045, 0.92917417)
(357136, 0.92917417)
(162747, 0.92917417)
(257128, 0.92917417)
(385209, 0.92917417)
(209618, 0.92917417)
(5598, 0.92917408)
(87106, 0.92917408)
(267161, 0.92917408)
(158791, 0.92917408)
(328410, 0.92917408)
(269000, 0.92917408)
(311099, 0.92917408)
(285720, 0.92917408)
(121376, 0.92917408)
(160240, 0.92917408)
(325972, 0.92917408)
(59698, 0.92917408)
(206450, 0.92917408)
(319512, 0.92917408)
(301821, 0.92917408)
(13560, 0.92917408)
(127328, 0.92917408)
(153709, 0.92917408)
(239430, 0.929174)
(315594, 0.929174)
(410627, 0.929174)
(161495, 0.929174)
(157590, 0.929174)
(378225, 0.92916729)
(414732, 0.92916721)
(209717, 0.92916721)
(142446, 0.92916721)
(296028, 0.92916721)
(188847, 0.92916721)
(74990, 0.92916712)
(138386, 0.92916712)
(373010, 0.92916712)
(67895, 0.92916712)
(36854, 0.92916712)
(63403, 0.92916712)
(286087, 0.92916712)
(55750, 0.92916712)
(398454, 0.92916712)
(382407, 0.92916712)
(261293, 0.92916712)
(355616, 0.92916704)
(266680, 0.92916704)
(152580, 0.92916704)
(103347, 0.92916704)
(294143, 0.92916704)
(118398, 0.92916704)
(268891, 0.92916704)
(286021, 0.92916024)
(279653, 0.92916016)
(62350, 0.92916016)
(204791, 0.92916016)
(173943, 0.92916016)
(416267, 0.92916016)
(7071, 0.92916016)
(102475, 0.92916016)
(337603, 0.92916016)
(36640, 0.92916008)
(120841, 0.92916008)
(355047, 0.92916008)
(252792, 0.92916008)
(112309, 0.92916008)
(275731, 0.92916008)
(370899, 0.92916008)
(21996, 0.92916008)
(52065, 0.92916008)
(320619, 0.92916008)
(403801, 0.92916008)
(319679, 0.92916008)
(414399, 0.92916008)
(418974, 0.92916)
(142802, 0.9291532)
(240520, 0.9291532)
(305945, 0.92915312)
(270995, 0.92915312)
(298072, 0.92915303)
(61827, 0.92915303)
(89, 0.92914624)
(339035, 0.92914624)
(336199, 0.92914607)
(24375, 0.92914607)
(21599, 0.92913911)
(273727, 0.92805355)
(91900, 0.92804659)
(47549, 0.92804659)
(264292, 0.92803963)
(186518, 0.92803963)
(236263, 0.92803963)
(13260, 0.92803963)
(201489, 0.92803963)
(36620, 0.92803963)
(87350, 0.92803963)
(306015, 0.92803963)
(134109, 0.92803963)
(330214, 0.92803963)
(218890, 0.92803955)
(167917, 0.92803955)
(188158, 0.92803955)
(341295, 0.92803955)
(94905, 0.92803267)
(206032, 0.92803267)
(121429, 0.92803267)
(43671, 0.92803267)
(97434, 0.92803267)
(110260, 0.92803267)
(112949, 0.92803267)
(399553, 0.92803267)
(245247, 0.92803267)
(347256, 0.92803267)
(335112, 0.92803267)
(418426, 0.92803267)
(105450, 0.92803267)
(122874, 0.92803267)
(284414, 0.92803267)
(167814, 0.92803267)
(229711, 0.92803259)
(124920, 0.92803259)
(221416, 0.92803259)
(369582, 0.92803259)
(116096, 0.92803259)
(400442, 0.92803259)
(92630, 0.92803259)
(150222, 0.92803259)
(40421, 0.92803259)
(245492, 0.92803259)
(152334, 0.92803259)
(192498, 0.92803259)
(330094, 0.92803259)
(228925, 0.92803259)
(331374, 0.92803259)
(209527, 0.92803259)
(389414, 0.92803259)
(86192, 0.92803259)
(319462, 0.9280325)
(48755, 0.92802571)
(56915, 0.92802571)
(226749, 0.92802571)
(121013, 0.92802571)
(76990, 0.92802571)
(345511, 0.92802571)
(272535, 0.92802571)
(106289, 0.92802571)
(5475, 0.92802562)
(71883, 0.92802562)
(88003, 0.92802562)
(323050, 0.92802562)
(132924, 0.92802562)
(139646, 0.92802562)
(267268, 0.92802562)
(120870, 0.92802562)
(32592, 0.92802562)
(383656, 0.92802562)
(349202, 0.92802562)
(178829, 0.92802562)
(190097, 0.92802562)
(180924, 0.92802562)
(141263, 0.92802562)
(295004, 0.92802562)
(185076, 0.92802562)
(342074, 0.92802562)
(336338, 0.92802562)
(73478, 0.92802562)
(133773, 0.92802562)
(368838, 0.92802562)
(28999, 0.92802562)
(17381, 0.92802562)
(116168, 0.92802562)
(356344, 0.92802562)
(338560, 0.92802562)
(292679, 0.92802562)
(376770, 0.92802562)
(367402, 0.92802562)
(394026, 0.92802562)
(267324, 0.92802562)
(78488, 0.92802562)
(374358, 0.92802554)
(403320, 0.92802554)
(70475, 0.92802554)
(389574, 0.92802554)
(284006, 0.92802554)
(194855, 0.92802554)
(56726, 0.92802554)
(211757, 0.92802554)
(289495, 0.92802554)
(23601, 0.92801875)
(278790, 0.92801875)
(6032, 0.92801875)
(134469, 0.92801866)
(375735, 0.92801866)
(121636, 0.92801866)
(250314, 0.92801866)
(48189, 0.92801866)
(51655, 0.92801866)
(269787, 0.92801866)
(360435, 0.92801866)
(333315, 0.92801866)
(184224, 0.92801866)
(285001, 0.92801866)
(346866, 0.92801866)
(327021, 0.92801866)
(113718, 0.92801866)
(235990, 0.92801866)
(250835, 0.92801866)
(54169, 0.92801866)
(32900, 0.92801866)
(172258, 0.92801866)
(49885, 0.92801866)
(216787, 0.92801858)
(239525, 0.92801858)
(17467, 0.92801858)
(254383, 0.92801858)
(2145, 0.92801858)
(256358, 0.92801858)
(230689, 0.92801858)
(358589, 0.92801858)
(324322, 0.92801858)
(34665, 0.92801858)
(112479, 0.92801858)
(122541, 0.92801858)
(43848, 0.92801858)
(379533, 0.92801858)
(330944, 0.92801858)
(346853, 0.92801858)
(130036, 0.92801858)
(419929, 0.92801178)
(356574, 0.9280117)
(81739, 0.9280117)
(56917, 0.9280117)
(251559, 0.9280117)
(300716, 0.9280117)
(84087, 0.9280117)
(412781, 0.9280117)
(387548, 0.9280117)
(369735, 0.9280117)
(344020, 0.9280117)
(177527, 0.9280117)
(247274, 0.9280117)
(247797, 0.9280117)
(253302, 0.9280117)
(302725, 0.92801162)
(390204, 0.92801162)
(386469, 0.92801162)
(348322, 0.92801162)
(156298, 0.92801162)
(394154, 0.92801162)
(217065, 0.92801162)
(324926, 0.92801162)
(326240, 0.92801162)
(333465, 0.92801162)
(200925, 0.92801162)
(293650, 0.92801162)
(395535, 0.92801162)
(252096, 0.92801162)
(255264, 0.92801162)
(168802, 0.92801162)
(345010, 0.92801162)
(51463, 0.92801162)
(90694, 0.92801162)
(298610, 0.92801162)
(356759, 0.92801162)
(297328, 0.92801162)
(383866, 0.92801162)
(347559, 0.92801162)
(166098, 0.92801162)
(350340, 0.92801162)
(344396, 0.92801162)
(227607, 0.92801162)
(107845, 0.92801162)
(204975, 0.92801162)
(60160, 0.92801162)
(299834, 0.92801162)
(399598, 0.92801162)
(315218, 0.92801162)
(259784, 0.92801162)
(209394, 0.92801162)
(260715, 0.92801154)
(92057, 0.92801154)
(94561, 0.92801154)
(183477, 0.92801154)
(409139, 0.92801154)
(11576, 0.92801154)
(111486, 0.92801154)
(258953, 0.92801154)
(389941, 0.92801154)
(378706, 0.92801154)
(393018, 0.92801154)
(219674, 0.92801154)
(25321, 0.92801154)
(162075, 0.92800474)
(52697, 0.92800474)
(77042, 0.92800474)
(213668, 0.92800474)
(33071, 0.92800474)
(413564, 0.92800474)
(64435, 0.92800474)
(398211, 0.92800474)
(325473, 0.92800474)
(338969, 0.92800474)
(167673, 0.92800474)
(19041, 0.92800474)
(305026, 0.92800466)
(116630, 0.92800466)
(115042, 0.92800466)
(98099, 0.92800466)
(375830, 0.92800466)
(296778, 0.92800466)
(208103, 0.92800466)
(200798, 0.92800466)
(111836, 0.92800466)
(396103, 0.92800466)
(253365, 0.92800466)
(381699, 0.92800466)
(255932, 0.92800466)
(258632, 0.92800466)
(387244, 0.92800466)
(334664, 0.92800466)
(11046, 0.92800466)
(170854, 0.92800466)
(37575, 0.92800466)
(234117, 0.92800466)
(216887, 0.92800466)
(340515, 0.92800466)
(108545, 0.92800466)
(202536, 0.92800466)
(156166, 0.92800466)
(163098, 0.92800466)
(115714, 0.92800466)
(152567, 0.92800466)
(328782, 0.92800466)
(241950, 0.92800457)
(180365, 0.92800457)
(186820, 0.92800457)
(367710, 0.92800457)
(250056, 0.92800457)
(418408, 0.92800457)
(222306, 0.92800457)
(169985, 0.92800457)
(372457, 0.92800457)
(336915, 0.92800457)
(53030, 0.92800457)
(230775, 0.92800457)
(13457, 0.92800457)
(295889, 0.92800457)
(228885, 0.92800457)
(117873, 0.92800457)
(197755, 0.92800457)
(216072, 0.92800457)
(296380, 0.92800457)
(331630, 0.92800457)
(189950, 0.92800457)
(17126, 0.92800457)
(195063, 0.92800457)
(24708, 0.92800457)
(350669, 0.92800457)
(143053, 0.92800457)
(349774, 0.92800457)
(114348, 0.92800449)
(157903, 0.92799778)
(384063, 0.92799778)
(71582, 0.9279977)
(146277, 0.9279977)
(115764, 0.9279977)
(418421, 0.9279977)
(413903, 0.9279977)
(210096, 0.9279977)
(24278, 0.9279977)
(291501, 0.9279977)
(383342, 0.9279977)
(345368, 0.9279977)
(128762, 0.9279977)
(324434, 0.9279977)
(153079, 0.92799761)
(115722, 0.92799761)
(55008, 0.92799761)
(52974, 0.92799761)
(44675, 0.92799761)
(108361, 0.92799761)
(100929, 0.92799761)
(275100, 0.92799761)
(250731, 0.92799761)
(303784, 0.92799761)
(223139, 0.92799761)
(140846, 0.92799761)
(60713, 0.92799761)
(75539, 0.92799761)
(112352, 0.92799761)
(306974, 0.92799761)
(89928, 0.92799761)
(133956, 0.92799761)
(135215, 0.92799753)
(11474, 0.92799753)
(147011, 0.92799073)
(203987, 0.92799073)
(59989, 0.92799073)
(157365, 0.92799073)
(167765, 0.92799065)
(317810, 0.92799065)
(173740, 0.92799065)
(338371, 0.92799065)
(94438, 0.92799065)
(398644, 0.92799065)
(158995, 0.92799065)
(45873, 0.92799065)
(387519, 0.92799065)
(143017, 0.92799065)
(316315, 0.92799065)
(137804, 0.92799057)
(147541, 0.92799057)
(83180, 0.92799057)
(227679, 0.92799057)
(65819, 0.92799057)
(161807, 0.92799057)
(6809, 0.92799057)
(105072, 0.92799057)
(131415, 0.92799049)
(322198, 0.92798377)
(409587, 0.92798369)
(285759, 0.92798369)
(371794, 0.92798369)
(79714, 0.92798369)
(417557, 0.92798369)
(305516, 0.92798369)
(368288, 0.92798369)
(299528, 0.92798369)
(393901, 0.92798369)
(125132, 0.92798369)
(167920, 0.92798369)
(98728, 0.92798369)
(371685, 0.92798369)
(298291, 0.92798369)
(114595, 0.92798361)
(111447, 0.92798361)
(127535, 0.92798361)
(332881, 0.92798361)
(345071, 0.92798361)
(260770, 0.92798361)
(34460, 0.92798361)
(35423, 0.92798361)
(420085, 0.92798352)
(245190, 0.92797673)
(333736, 0.92797673)
(5344, 0.92797673)
(87578, 0.92797673)
(246064, 0.92797665)
(138608, 0.92797665)
(82727, 0.92797665)
(294023, 0.92797665)
(166796, 0.92797665)
(381244, 0.92797665)
(235912, 0.92797665)
(173574, 0.92797656)
(128281, 0.92797656)
(86703, 0.92797656)
(364720, 0.92797656)
(214932, 0.92796977)
(198576, 0.92796968)
(224787, 0.92796968)
(187926, 0.92796968)
(252753, 0.92796968)
(312811, 0.9279696)
(256671, 0.9279696)
(131094, 0.92796952)
(357962, 0.92796256)
(29187, 0.9279556)
(154171, 0.92687708)
(8076, 0.92687708)
(328107, 0.9268702)
(75732, 0.92687012)
(156792, 0.92687012)
(236748, 0.92687012)
(333545, 0.92686316)
(319983, 0.92686316)
(35103, 0.92686316)
(18569, 0.92686316)
(276868, 0.92686308)
(362990, 0.92686308)
(250707, 0.92686308)
(383312, 0.92686308)
(403354, 0.92686308)
(89139, 0.92686299)
(297730, 0.92685628)
(273417, 0.9268562)
(360413, 0.9268562)
(386612, 0.92685612)
(63008, 0.92685612)
(269141, 0.92685612)
(2923, 0.92685612)
(271689, 0.92685612)
(309096, 0.92685612)
(257293, 0.92685612)
(25503, 0.92685612)
(273947, 0.92685612)
(419425, 0.92685612)
(344457, 0.92685612)
(396820, 0.92685612)
(93581, 0.92685612)
(30795, 0.92685612)
(38122, 0.92685612)
(146356, 0.92685603)
(396353, 0.92684924)
(296320, 0.92684924)
(333897, 0.92684924)
(249541, 0.92684924)
(369084, 0.92684924)
(36435, 0.92684915)
(22319, 0.92684915)
(373214, 0.92684915)
(53340, 0.92684915)
(13714, 0.92684915)
(89130, 0.92684915)
(258438, 0.92684915)
(374924, 0.92684915)
(284051, 0.92684915)
(216401, 0.92684915)
(341589, 0.92684915)
(200127, 0.92684915)
(123314, 0.92684915)
(53136, 0.92684907)
(375933, 0.92684907)
(57152, 0.92684907)
(323957, 0.92684228)
(247613, 0.92684228)
(227208, 0.92684219)
(51473, 0.92684219)
(6479, 0.92684219)
(184197, 0.92684219)
(264883, 0.92684219)
(371901, 0.92684219)
(215519, 0.92684219)
(75281, 0.92684219)
(89391, 0.92684219)
(195678, 0.92684219)
(414544, 0.92684219)
(165198, 0.92684219)
(169733, 0.92684219)
(19616, 0.92684219)
(89519, 0.92684219)
(392290, 0.92684219)
(61800, 0.92684219)
(125962, 0.92684219)
(165079, 0.92684211)
(251959, 0.92684211)
(262275, 0.92684211)
(21734, 0.92684211)
(194992, 0.92684211)
(47774, 0.92684211)
(356533, 0.92684211)
(150183, 0.92684211)
(226996, 0.92684211)
(170196, 0.92684211)
(26964, 0.92684211)
(190594, 0.92684211)
(18294, 0.92684211)
(250620, 0.92684211)
(231618, 0.92684211)
(79366, 0.92684211)
(331512, 0.92684211)
(104468, 0.92684211)
(144543, 0.92684211)
(235665, 0.92684211)
(368051, 0.92684211)
(190294, 0.92684211)
(133523, 0.92684211)
(391182, 0.92684211)
(2574, 0.92684211)
(373522, 0.92684211)
(98192, 0.92684211)
(313086, 0.92684211)
(407728, 0.92684203)
(305839, 0.92683531)
(117154, 0.92683523)
(327200, 0.92683523)
(302641, 0.92683523)
(380720, 0.92683523)
(355195, 0.92683523)
(218230, 0.92683523)
(366874, 0.92683523)
(274001, 0.92683523)
(173038, 0.92683523)
(21133, 0.92683523)
(400231, 0.92683523)
(1371, 0.92683523)
(276055, 0.92683523)
(259770, 0.92683523)
(15600, 0.92683523)
(369807, 0.92683523)
(209470, 0.92683515)
(11972, 0.92683515)
(333946, 0.92683515)
(186980, 0.92683515)
(119668, 0.92683515)
(21658, 0.92683515)
(383797, 0.92683515)
(401527, 0.92683515)
(32226, 0.92683515)
(340197, 0.92683515)
(239067, 0.92683515)
(48973, 0.92683515)
(107770, 0.92683515)
(20559, 0.92683515)
(168352, 0.92683515)
(205393, 0.92683515)
(96585, 0.92683515)
(271148, 0.92683515)
(322464, 0.92683515)
(189828, 0.92683515)
(50612, 0.92683515)
(407459, 0.92683515)
(411368, 0.92683515)
(212117, 0.92683515)
(328128, 0.92683515)
(396837, 0.92683515)
(175180, 0.92683515)
(325229, 0.92683507)
(244686, 0.92683507)
(140269, 0.92683507)
(210795, 0.92683507)
(367289, 0.92683507)
(148578, 0.92682835)
(73099, 0.92682827)
(318327, 0.92682827)
(227439, 0.92682827)
(285679, 0.92682827)
(14127, 0.92682827)
(31041, 0.92682827)
(303881, 0.92682827)
(127938, 0.92682819)
(27480, 0.92682819)
(278332, 0.92682819)
(81131, 0.92682819)
(143851, 0.92682819)
(268941, 0.92682819)
(183792, 0.92682819)
(41119, 0.92682819)
(360356, 0.92682819)
(305482, 0.92682819)
(205243, 0.92682819)
(315444, 0.92682819)
(271762, 0.92682819)
(20084, 0.92682819)
(105978, 0.92682819)
(322978, 0.92682819)
(264353, 0.92682819)
(281170, 0.92682819)
(192322, 0.92682819)
(301307, 0.92682819)
(231711, 0.92682819)
(420347, 0.92682819)
(413671, 0.92682819)
(276745, 0.92682819)
(287020, 0.92682819)
(57446, 0.92682819)
(46426, 0.92682819)
(235893, 0.92682819)
(392280, 0.92682819)
(384213, 0.9268281)
(220318, 0.9268281)
(344263, 0.9268281)
(412126, 0.9268281)
(88836, 0.9268281)
(332113, 0.9268281)
(191061, 0.9268281)
(366119, 0.9268281)
(402630, 0.9268281)
(217324, 0.9268281)
(390427, 0.9268281)
(388125, 0.9268281)
(96888, 0.9268281)
(417529, 0.9268281)
(325101, 0.9268281)
(378612, 0.92682802)
(127666, 0.92682802)
(207362, 0.92682131)
(318662, 0.92682131)
(409823, 0.92682123)
(208310, 0.92682123)
(266191, 0.92682123)
(104684, 0.92682123)
(150606, 0.92682123)
(46595, 0.92682123)
(257830, 0.92682123)
(56359, 0.92682123)
(61394, 0.92682123)
(367073, 0.92682123)
(309683, 0.92682123)
(372756, 0.92682123)
(218023, 0.92682123)
(264020, 0.92682123)
(138523, 0.92682123)
(130793, 0.92682123)
(181948, 0.92682123)
(6668, 0.92682123)
(160269, 0.92682123)
(335593, 0.92682123)
(339550, 0.92682123)
(412873, 0.92682114)
(9017, 0.92682114)
(306279, 0.92682114)
(54461, 0.92682114)
(244808, 0.92682114)
(296339, 0.92682114)
(379865, 0.92682114)
(218353, 0.92682114)
(378881, 0.92682114)
(28539, 0.92682114)
(241574, 0.92682114)
(257896, 0.92682114)
(145820, 0.92682114)
(246720, 0.92682114)
(405965, 0.92682114)
(271099, 0.92682114)
(105424, 0.92682114)
(183362, 0.92682114)
(26671, 0.92682114)
(364716, 0.92682114)
(51189, 0.92682106)
(317658, 0.92682106)
(322880, 0.92682106)
(247593, 0.92681435)
(355911, 0.92681435)
(179230, 0.92681426)
(379429, 0.92681426)
(193736, 0.92681426)
(341829, 0.92681426)
(22823, 0.92681426)
(91332, 0.92681418)
(131681, 0.92681418)
(220791, 0.92681418)
(229361, 0.92681418)
(171529, 0.92681418)
(309037, 0.92681418)
(325578, 0.92681418)
(418525, 0.92681418)
(365242, 0.92681418)
(91677, 0.92681418)
(31825, 0.92681418)
(76346, 0.92681418)
(344856, 0.92681418)
(340185, 0.92681418)
(264030, 0.92681418)
(150109, 0.92681418)
(144999, 0.92681418)
(81829, 0.92681418)
(85676, 0.92681418)
(92526, 0.92681418)
(251610, 0.92681418)
(371568, 0.92681418)
(393871, 0.9268141)
(352223, 0.9268141)
(226707, 0.9268141)
(150129, 0.9268141)
(188898, 0.9268141)
(287972, 0.9268141)
(330855, 0.9268141)
(379857, 0.9268141)
(106654, 0.9268141)
(151067, 0.9268141)
(41641, 0.9268141)
(284704, 0.9268141)
(376656, 0.9268073)
(214763, 0.9268073)
(327011, 0.92680722)
(399037, 0.92680722)
(44594, 0.92680722)
(146690, 0.92680722)
(247568, 0.92680722)
(374177, 0.92680722)
(97212, 0.92680722)
(302885, 0.92680722)
(147744, 0.92680722)
(208055, 0.92680722)
(43154, 0.92680714)
(415110, 0.92680714)
(357633, 0.92680714)
(116612, 0.92680714)
(171454, 0.92680714)
(15992, 0.92680714)
(106664, 0.92680714)
(351775, 0.92680714)
(109969, 0.92680714)
(186558, 0.92680697)
(391409, 0.92680026)
(410433, 0.92680026)
(410560, 0.92680026)
(117155, 0.92680018)
(240874, 0.92680018)
(379400, 0.92680018)
(53830, 0.92680009)
(333199, 0.92680009)
(25751, 0.92680009)
(69566, 0.92680009)
(267516, 0.92680009)
(254123, 0.92680009)
(113778, 0.92680009)
(37706, 0.92680009)
(253628, 0.92679321)
(313477, 0.92679321)
(308349, 0.92679321)
(180643, 0.92679321)
(244538, 0.92679321)
(160134, 0.92679313)
(338942, 0.92679313)
(179253, 0.92679305)
(208673, 0.92678634)
(120971, 0.92678634)
(367545, 0.92678625)
(385600, 0.92678625)
(313104, 0.92678625)
(129726, 0.92678617)
(305776, 0.92678617)
(391394, 0.92677921)
(407721, 0.92677921)
(204300, 0.92677913)
(173073, 0.92677225)
(321910, 0.92676512)
(201132, 0.92570069)
(274619, 0.92569365)
(78351, 0.92569365)
(244223, 0.92569357)
(368351, 0.92568669)
(107316, 0.92568661)
(337060, 0.92567973)
(158844, 0.92567973)
(334228, 0.92567973)
(102055, 0.92567973)
(317376, 0.92567964)
(390626, 0.92567964)
(392919, 0.92567964)
(220772, 0.92567964)
(12260, 0.92567964)
(45789, 0.92567964)
(161137, 0.92567277)
(313161, 0.92567277)
(67437, 0.92567277)
(326199, 0.92567277)
(364568, 0.92567268)
(376101, 0.92567268)
(136965, 0.92567268)
(82026, 0.92567268)
(54729, 0.92567268)
(253029, 0.92567268)
(83019, 0.92567268)
(43637, 0.92567268)
(240580, 0.92567268)
(162259, 0.92567268)
(18648, 0.92567268)
(355087, 0.92567268)
(210630, 0.92567268)
(9276, 0.92567268)
(171409, 0.92567268)
(89921, 0.92567268)
(368550, 0.92567268)
(386489, 0.92567268)
(327295, 0.92567268)
(362669, 0.92567268)
(310727, 0.92567268)
(310859, 0.9256726)
(19976, 0.9256726)
(233837, 0.92566572)
(268437, 0.92566572)
(403973, 0.92566572)
(146062, 0.92566572)
(156417, 0.92566572)
(172827, 0.92566572)
(96378, 0.92566572)
(56164, 0.92566572)
(371883, 0.92566572)
(194867, 0.92566572)
(73678, 0.92566572)
(369535, 0.92566572)
(387064, 0.92566572)
(296466, 0.92566572)
(330581, 0.92566572)
(163511, 0.92566572)
(355293, 0.92566572)
(281850, 0.92566572)
(336281, 0.92566572)
(271811, 0.92566572)
(98263, 0.92566564)
(155274, 0.92566564)
(80051, 0.92566564)
(344063, 0.92566564)
(128706, 0.92566564)
(257652, 0.92566564)
(372103, 0.92566564)
(226732, 0.92566564)
(375005, 0.92565876)
(2693, 0.92565876)
(357011, 0.92565876)
(269739, 0.92565876)
(297460, 0.92565876)
(122299, 0.92565876)
(23654, 0.92565876)
(65923, 0.92565876)
(313601, 0.92565876)
(348390, 0.92565876)
(5479, 0.92565876)
(291609, 0.92565876)
(338936, 0.92565876)
(100575, 0.92565876)
(222667, 0.92565876)
(193241, 0.92565876)
(312408, 0.92565876)
(269174, 0.92565876)
(352916, 0.92565876)
(239161, 0.92565868)
(152222, 0.92565868)
(352953, 0.92565868)
(3959, 0.92565868)
(323501, 0.92565868)
(320015, 0.92565868)
(286932, 0.92565868)
(81472, 0.92565868)
(242934, 0.92565868)
(345132, 0.92565868)
(50587, 0.92565868)
(6280, 0.92565868)
(163267, 0.92565868)
(180540, 0.92565868)
(286794, 0.92565868)
(247563, 0.92565868)
(115969, 0.92565868)
(201382, 0.92565868)
(31213, 0.92565868)
(80352, 0.92565868)
(214161, 0.92565868)
(273017, 0.92565868)
(391262, 0.92565868)
(160379, 0.92565868)
(130816, 0.92565859)
(44324, 0.92565859)
(254062, 0.92565859)
(251008, 0.92565859)
(361817, 0.92565859)
(135040, 0.92565859)
(83873, 0.92565859)
(197408, 0.92565188)
(235677, 0.9256518)
(370751, 0.9256518)
(70461, 0.9256518)
(221111, 0.9256518)
(361079, 0.9256518)
(212271, 0.9256518)
(27438, 0.9256518)
(410810, 0.9256518)
(305535, 0.9256518)
(411474, 0.9256518)
(335297, 0.9256518)
(261864, 0.9256518)
(73446, 0.9256518)
(133008, 0.9256518)
(360144, 0.92565172)
(67650, 0.92565172)
(18540, 0.92565172)
(377897, 0.92565172)
(348062, 0.92565172)
(8927, 0.92565172)
(169426, 0.92565172)
(108004, 0.92565172)
(294770, 0.92565172)
(354420, 0.92565172)
(225889, 0.92565172)
(254494, 0.92565172)
(337765, 0.92565172)
(228102, 0.92565172)
(94006, 0.92565172)
(69137, 0.92565172)
(365629, 0.92565172)
(82479, 0.92565172)
(111962, 0.92565172)
(418997, 0.92565172)
(320587, 0.92565172)
(139457, 0.92565172)
(244618, 0.92565172)
(293649, 0.92565163)
(338754, 0.92565163)
(11802, 0.92565163)
(49185, 0.92565163)
(123075, 0.92565163)
(280042, 0.92565163)
(159756, 0.92565163)
(300546, 0.92565163)
(236021, 0.92565163)
(100450, 0.92565163)
(239538, 0.92565163)
(272859, 0.92565163)
(55420, 0.92565163)
(383930, 0.92565155)
(419050, 0.92564484)
(359729, 0.92564484)
(117507, 0.92564484)
(141754, 0.92564484)
(3253, 0.92564475)
(284618, 0.92564475)
(323574, 0.92564475)
(77802, 0.92564475)
(13344, 0.92564475)
(262935, 0.92564475)
(378786, 0.92564475)
(18051, 0.92564475)
(304055, 0.92564475)
(21462, 0.92564475)
(281075, 0.92564475)
(54696, 0.92564475)
(71777, 0.92564475)
(295979, 0.92564475)
(114401, 0.92564475)
(68908, 0.92564475)
(80643, 0.92564475)
(98492, 0.92564475)
(74647, 0.92564475)
(30057, 0.92564475)
(346973, 0.92564475)
(347803, 0.92564475)
(122970, 0.92564475)
(23786, 0.92564467)
(324439, 0.92564467)
(97841, 0.92564467)
(223228, 0.92564467)
(46580, 0.92564467)
(348691, 0.92564467)
(69635, 0.92564467)
(166376, 0.92564467)
(342453, 0.92564467)
(188556, 0.92564467)
(92201, 0.92564467)
(319549, 0.92564467)
(319653, 0.92564467)
(110152, 0.92564467)
(193743, 0.92564467)
(108309, 0.92564467)
(350344, 0.92564467)
(210935, 0.92564467)
(105372, 0.92564467)
(399130, 0.92564467)
(253414, 0.92564467)
(5260, 0.92564467)
(173013, 0.92564459)
(410995, 0.92564459)
(68349, 0.92564459)
(242133, 0.92564459)
(315467, 0.92564459)
(95871, 0.92563788)
(334084, 0.92563788)
(160676, 0.92563779)
(375782, 0.92563779)
(366313, 0.92563779)
(159181, 0.92563779)
(406696, 0.92563779)
(386453, 0.92563779)
(271217, 0.92563779)
(53111, 0.92563779)
(265203, 0.92563779)
(283001, 0.92563779)
(189920, 0.92563779)
(225220, 0.92563771)
(356468, 0.92563771)
(348495, 0.92563771)
(157651, 0.92563771)
(277233, 0.92563771)
(420314, 0.92563771)
(407448, 0.92563771)
(370284, 0.92563771)
(91446, 0.92563771)
(179234, 0.92563771)
(108987, 0.92563771)
(72350, 0.92563771)
(56113, 0.92563771)
(361146, 0.92563771)
(412232, 0.92563771)
(292653, 0.92563771)
(335587, 0.92563771)
(142901, 0.92563771)
(29582, 0.92563771)
(20356, 0.92563771)
(149954, 0.92563771)
(394803, 0.92563771)
(146371, 0.92563763)
(339939, 0.92563763)
(97639, 0.92563763)
(312311, 0.92563763)
(113497, 0.92563763)
(84367, 0.92563763)
(251169, 0.92563763)
(417217, 0.92563763)
(394626, 0.92563763)
(155796, 0.92563763)
(351649, 0.92563763)
(219935, 0.92563763)
(150741, 0.92563763)
(159299, 0.92563763)
(48513, 0.92563083)
(168397, 0.92563075)
(51875, 0.92563075)
(256399, 0.92563075)
(260994, 0.92563075)
(10510, 0.92563075)
(380803, 0.92563075)
(159830, 0.92563075)
(252928, 0.92563075)
(36371, 0.92563075)
(204355, 0.92563075)
(263389, 0.92563075)
(219309, 0.92563067)
(188387, 0.92563067)
(350193, 0.92563067)
(415411, 0.92563067)
(363740, 0.92563067)
(185217, 0.92563067)
(37740, 0.92563067)
(216828, 0.92563067)
(55662, 0.92563067)
(371197, 0.92563067)
(3526, 0.92563067)
(347753, 0.92563067)
(161887, 0.92563058)
(229588, 0.92562395)
(133649, 0.92562395)
(133029, 0.92562387)
(254905, 0.92562387)
(118697, 0.92562379)
(98520, 0.92562379)
(369573, 0.92562379)
(217312, 0.92562379)
(372849, 0.92562371)
(276447, 0.92562371)
(248856, 0.92562371)
(364229, 0.92562371)
(8937, 0.92562371)
(174669, 0.92562371)
(26407, 0.92562371)
(138317, 0.92562371)
(106607, 0.92562362)
(51388, 0.92562362)
(215937, 0.92562362)
(92129, 0.92562362)
(49608, 0.92561683)
(408329, 0.92561674)
(396449, 0.92561674)
(56397, 0.92561674)
(302329, 0.92561674)
(217407, 0.92561674)
(246351, 0.92561674)
(205396, 0.92561674)
(402463, 0.92561674)
(387807, 0.92561666)
(147697, 0.92561666)
(73063, 0.92561666)
(161572, 0.92561666)
(90209, 0.92561666)
(153260, 0.92561666)
(50449, 0.92561666)
(214439, 0.92561658)
(274443, 0.92560987)
(345098, 0.92560978)
(119252, 0.92560978)
(175088, 0.92560978)
(139145, 0.92560978)
(13010, 0.92560274)
(356010, 0.92560274)
(187885, 0.92560266)
(17308, 0.92560266)
(150633, 0.92558873)
(76374, 0.92558169)
(238561, 0.92451022)
(158043, 0.92451022)
(10050, 0.92450326)
(158582, 0.92450326)
(160398, 0.92450326)
(395700, 0.92450317)
(349151, 0.92450317)
(260849, 0.92450317)
(10785, 0.9244963)
(261526, 0.9244963)
(54740, 0.9244963)
(190926, 0.9244963)
(237874, 0.9244963)
(390763, 0.92449621)
(93727, 0.92449621)
(362192, 0.92449621)
(385616, 0.92449621)
(328418, 0.92449621)
(416978, 0.92449621)
(113786, 0.92449621)
(195402, 0.92449621)
(82764, 0.92449621)
(313493, 0.92449621)
(222887, 0.92449621)
(398102, 0.92449621)
(187736, 0.92449621)
(366810, 0.92449621)
(121027, 0.92449613)
(98839, 0.92449613)
(382003, 0.92449613)
(227592, 0.92449613)
(87386, 0.92448933)
(199158, 0.92448933)
(29872, 0.92448925)
(50028, 0.92448925)
(399675, 0.92448925)
(347763, 0.92448925)
(78296, 0.92448925)
(274633, 0.92448925)
(190574, 0.92448925)
(132200, 0.92448925)
(330639, 0.92448925)
(18038, 0.92448917)
(284591, 0.92448917)
(416192, 0.92448917)
(399332, 0.92448909)
(54348, 0.92448237)
(296175, 0.92448229)
(397806, 0.92448229)
(284026, 0.92448229)
(410582, 0.92448229)
(96646, 0.92448229)
(160082, 0.92448229)
(133993, 0.92448229)
(380763, 0.92448229)
(357693, 0.92448229)
(69350, 0.92448221)
(381239, 0.92448221)
(32441, 0.92448221)
(264371, 0.92448221)
(327100, 0.92448221)
(143410, 0.92448221)
(295420, 0.92448221)
(286853, 0.92448221)
(293657, 0.92448221)
(299900, 0.92448221)
(339855, 0.92448221)
(390876, 0.92448221)
(338147, 0.92448221)
(116129, 0.92448221)
(300369, 0.92448221)
(214855, 0.92448221)
(266994, 0.92448221)
(218291, 0.92448212)
(270666, 0.92448212)
(229494, 0.92448212)
(283094, 0.92447533)
(198796, 0.92447533)
(297630, 0.92447533)
(285199, 0.92447533)
(331045, 0.92447533)
(86749, 0.92447533)
(110623, 0.92447533)
(221357, 0.92447525)
(95170, 0.92447525)
(205538, 0.92447525)
(361442, 0.92447525)
(41531, 0.92447525)
(212652, 0.92447525)
(163359, 0.92447525)
(201418, 0.92447525)
(137232, 0.92447525)
(191075, 0.92447525)
(11056, 0.92447525)
(129050, 0.92447525)
(81383, 0.92447525)
(36035, 0.92447525)
(24532, 0.92447525)
(226602, 0.92447525)
(302892, 0.92447525)
(59595, 0.92447525)
(338805, 0.92447525)
(59454, 0.92447525)
(237890, 0.92447525)
(96216, 0.92447525)
(256001, 0.92447525)
(170996, 0.92447525)
(118830, 0.92447525)
(419448, 0.92447525)
(53034, 0.92447525)
(203708, 0.92447525)
(213705, 0.92447525)
(284022, 0.92447516)
(18656, 0.92447516)
(315312, 0.92447516)
(77974, 0.92447516)
(267224, 0.92447516)
(392301, 0.92447516)
(407314, 0.92447516)
(82989, 0.92447516)
(186476, 0.92447516)
(85799, 0.92447516)
(56416, 0.92447516)
(56241, 0.92446837)
(228814, 0.92446837)
(382689, 0.92446837)
(160713, 0.92446837)
(355834, 0.92446828)
(396872, 0.92446828)
(270622, 0.92446828)
(389406, 0.92446828)
(63898, 0.92446828)
(65604, 0.92446828)
(352026, 0.92446828)
(153763, 0.92446828)
(301599, 0.92446828)
(342931, 0.92446828)
(76119, 0.92446828)
(10151, 0.92446828)
(325466, 0.92446828)
(314996, 0.9244682)
(76926, 0.9244682)
(110592, 0.9244682)
(163323, 0.9244682)
(25222, 0.9244682)
(396403, 0.9244682)
(234392, 0.9244682)
(9268, 0.9244682)
(327669, 0.9244682)
(253041, 0.9244682)
(208298, 0.9244682)
(115595, 0.9244682)
(74371, 0.9244682)
(17671, 0.9244682)
(184664, 0.92446812)
(234832, 0.92446141)
(280474, 0.92446141)
(166382, 0.92446141)
(259058, 0.92446132)
(78355, 0.92446132)
(257378, 0.92446132)
(214885, 0.92446132)
(95997, 0.92446132)
(327793, 0.92446132)
(177189, 0.92446132)
(358066, 0.92446132)
(163906, 0.92446132)
(240860, 0.92446132)
(328647, 0.92446124)
(223425, 0.92446124)
(205711, 0.92446124)
(288995, 0.92446124)
(210711, 0.92446124)
(272479, 0.92446124)
(207538, 0.92446124)
(339944, 0.92446124)
(329515, 0.92446124)
(206017, 0.92446124)
(144479, 0.92446124)
(17486, 0.92446124)
(121934, 0.92446124)
(191284, 0.92446124)
(368123, 0.92446124)
(38620, 0.92446124)
(89129, 0.92446124)
(24749, 0.92446116)
(18124, 0.92446116)
(415105, 0.92446116)
(241182, 0.92446116)
(42444, 0.92446116)
(417986, 0.92446116)
(150049, 0.92446116)
(292551, 0.92446116)
(194356, 0.92445428)
(194733, 0.92445428)
(224875, 0.92445428)
(226356, 0.92445428)
(346848, 0.92445428)
(113179, 0.92445428)
(223969, 0.92445428)
(346105, 0.92445428)
(26531, 0.92445428)
(289069, 0.92445428)
(193217, 0.92445428)
(372466, 0.92445428)
(254745, 0.92445428)
(105502, 0.92445428)
(239415, 0.9244542)
(118369, 0.9244542)
(44491, 0.9244542)
(221200, 0.9244542)
(145967, 0.9244542)
(95503, 0.9244542)
(31505, 0.9244542)
(259991, 0.9244542)
(374889, 0.9244542)
(76634, 0.9244542)
(131906, 0.9244542)
(79046, 0.92445411)
(156966, 0.92445411)
(316795, 0.92445411)
(215746, 0.92444748)
(107798, 0.9244474)
(128928, 0.92444732)
(308240, 0.92444732)
(202169, 0.92444732)
(94020, 0.92444732)
(120206, 0.92444732)
(184111, 0.92444732)
(90995, 0.92444732)
(335933, 0.92444723)
(198445, 0.92444723)
(316670, 0.92444723)
(145086, 0.92444723)
(58595, 0.92444723)
(222019, 0.92444723)
(360148, 0.92444723)
(47696, 0.92444723)
(200199, 0.92444723)
(35523, 0.92444715)
(386492, 0.92444715)
(319250, 0.92444715)
(309331, 0.92444707)
(305979, 0.92444707)
(399363, 0.92444036)
(146392, 0.92444036)
(136472, 0.92444027)
(354972, 0.92444027)
(199117, 0.92444027)
(238506, 0.92444027)
(98805, 0.92444027)
(82280, 0.92444019)
(92101, 0.92444019)
(261666, 0.92444019)
(309246, 0.92444019)
(40082, 0.92444019)
(374869, 0.92443339)
(70362, 0.92443331)
(297087, 0.92443331)
(22108, 0.92443331)
(408545, 0.92443331)
(99746, 0.92443331)
(312234, 0.92443323)
(167924, 0.92443323)
(352717, 0.92443323)
(57171, 0.92443323)
(365687, 0.92443323)
(41441, 0.92443323)
(69597, 0.92443315)
(234844, 0.92443315)
(256153, 0.92442627)
(32070, 0.92442627)
(212601, 0.92442627)
(213106, 0.92442627)
(295247, 0.92441931)
(148384, 0.92441922)
(124702, 0.92441226)
(330225, 0.92441226)
(47973, 0.92441218)
(299395, 0.92334767)
(151636, 0.92332679)
(225374, 0.9233267)
(362520, 0.9233267)
(141436, 0.9233267)
(204947, 0.9233267)
(159388, 0.9233267)
(173956, 0.92332662)
(251747, 0.92331982)
(168897, 0.92331982)
(35084, 0.92331982)
(77353, 0.92331974)
(391600, 0.92331974)
(386308, 0.92331974)
(280995, 0.92331966)
(386265, 0.92331966)
(361758, 0.92331286)
(396947, 0.92331278)
(196357, 0.92331278)
(404330, 0.92331278)
(316909, 0.92331278)
(137166, 0.92331278)
(74895, 0.9233127)
(207232, 0.9233127)
(169422, 0.9233127)
(105732, 0.9233127)
(16305, 0.9233127)
(110066, 0.9233127)
(95329, 0.9233127)
(263191, 0.9233127)
(113300, 0.9233127)
(156065, 0.92331261)
(218754, 0.9233059)
(73470, 0.92330582)
(76555, 0.92330582)
(150734, 0.92330582)
(125192, 0.92330582)
(413139, 0.92330582)
(153855, 0.92330582)
(353193, 0.92330574)
(262566, 0.92330574)
(265796, 0.92330574)
(17570, 0.92330574)
(58193, 0.92330574)
(314468, 0.92330574)
(285771, 0.92330574)
(199832, 0.92330574)
(76964, 0.92330574)
(272658, 0.92330574)
(47849, 0.92330574)
(305098, 0.92330574)
(40304, 0.92330574)
(81369, 0.92330574)
(128788, 0.92330574)
(299578, 0.92330565)
(213128, 0.92330565)
(155884, 0.92330565)
(188582, 0.92329886)
(269146, 0.92329886)
(293390, 0.92329886)
(265685, 0.92329886)
(102725, 0.92329886)
(46620, 0.92329878)
(250768, 0.92329878)
(144463, 0.92329878)
(408056, 0.92329878)
(332628, 0.92329878)
(330672, 0.92329878)
(128242, 0.92329878)
(145813, 0.92329878)
(294943, 0.92329878)
(349934, 0.92329878)
(402598, 0.92329878)
(274548, 0.92329878)
(128654, 0.92329878)
(335732, 0.92329878)
(364781, 0.92329878)
(360606, 0.92329878)
(318694, 0.92329878)
(182857, 0.92329878)
(392339, 0.92329878)
(118575, 0.92329869)
(56806, 0.92329869)
(30848, 0.92329869)
(341673, 0.92329869)
(390248, 0.92329869)
(26830, 0.92329869)
(373851, 0.92329861)
(244896, 0.9232919)
(402734, 0.9232919)
(388579, 0.92329181)
(52561, 0.92329181)
(280125, 0.92329181)
(83349, 0.92329181)
(188420, 0.92329181)
(374695, 0.92329181)
(201394, 0.92329181)
(176757, 0.92329181)
(200295, 0.92329181)
(27939, 0.92329181)
(202975, 0.92329181)
(413011, 0.92329181)
(183093, 0.92329181)
(282666, 0.92329181)
(318177, 0.92329173)
(85063, 0.92329173)
(185753, 0.92329173)
(378890, 0.92329173)
(21002, 0.92329173)
(373315, 0.92329173)
(7718, 0.92329173)
(204982, 0.92329173)
(398520, 0.92329173)
(12975, 0.92329173)
(79411, 0.92329173)
(21690, 0.92329165)
(52908, 0.92329165)
(39758, 0.92328494)
(269506, 0.92328485)
(43969, 0.92328485)
(365095, 0.92328485)
(24939, 0.92328485)
(373268, 0.92328485)
(282637, 0.92328485)
(369319, 0.92328485)
(301118, 0.92328485)
(169882, 0.92328485)
(301775, 0.92328485)
(299103, 0.92328485)
(100104, 0.92328485)
(133114, 0.92328485)
(176503, 0.92328485)
(169461, 0.92328477)
(65334, 0.92328477)
(85031, 0.92328477)
(137684, 0.92328477)
(24842, 0.92328477)
(210589, 0.92328477)
(388416, 0.92328477)
(153615, 0.92328477)
(156611, 0.92328477)
(285376, 0.92328477)
(73023, 0.92328477)
(367541, 0.92328477)
(72803, 0.92328477)
(310929, 0.92328477)
(52411, 0.92328469)
(358709, 0.92328469)
(135096, 0.92328469)
(123861, 0.92328469)
(57497, 0.92328469)
(197420, 0.92328469)
(288277, 0.92328469)
(29036, 0.92328469)
(360953, 0.92327797)
(146638, 0.92327797)
(318721, 0.92327789)
(238798, 0.92327789)
(60867, 0.92327789)
(266290, 0.92327789)
(290004, 0.92327781)
(176391, 0.92327781)
(272011, 0.92327781)
(151696, 0.92327781)
(124449, 0.92327781)
(17269, 0.92327781)
(151513, 0.92327781)
(179761, 0.92327781)
(115069, 0.92327781)
(84616, 0.92327781)
(211310, 0.92327781)
(51794, 0.92327781)
(361386, 0.92327781)
(321351, 0.92327773)
(85242, 0.92327773)
(231903, 0.92327773)
(19739, 0.92327773)
(27045, 0.92327764)
(332300, 0.92327764)
(92826, 0.92327764)
(398955, 0.92327093)
(78975, 0.92327093)
(384015, 0.92327093)
(49289, 0.92327085)
(89243, 0.92327085)
(234583, 0.92327085)
(40339, 0.92327085)
(234178, 0.92327085)
(181033, 0.92327076)
(401972, 0.92327076)
(201424, 0.92327076)
(302054, 0.92327076)
(76222, 0.92327076)
(278267, 0.92327076)
(349106, 0.92327076)
(200997, 0.92327076)
(237072, 0.92327076)
(200588, 0.92327076)
(323366, 0.92327076)
(151521, 0.92327076)
(372408, 0.92327068)
(289115, 0.92326397)
(247024, 0.92326389)
(103998, 0.92326389)
(357572, 0.92326389)
(310833, 0.92326389)
(411099, 0.92326389)
(2211, 0.92326389)
(75017, 0.92326389)
(112944, 0.9232638)
(254538, 0.9232638)
(286973, 0.9232638)
(90966, 0.9232638)
(146844, 0.9232638)
(367674, 0.9232638)
(30464, 0.92326372)
(380866, 0.92325684)
(322146, 0.92325684)
(162152, 0.92325676)
(346611, 0.92325676)
(415997, 0.92325676)
(135974, 0.92325676)
(374431, 0.92325676)
(18973, 0.92325676)
(242571, 0.92325676)
(182234, 0.92325668)
(179055, 0.92324996)
(26253, 0.92324988)
(88137, 0.9232498)
(228468, 0.9232498)
(329021, 0.9232498)
(411493, 0.9232498)
(274856, 0.9232498)
(284752, 0.9232498)
(209691, 0.9232498)
(366940, 0.92324971)
(373759, 0.92324284)
(442, 0.92324275)
(316838, 0.92323579)
(99403, 0.92323579)
(10169, 0.92323579)
(44882, 0.92323579)
(223205, 0.92322883)
(230994, 0.92216424)
(105711, 0.92215032)
(19857, 0.92215032)
(273022, 0.92215023)
(141306, 0.92215023)
(191783, 0.92214335)
(291703, 0.92214335)
(359871, 0.92214335)
(58218, 0.92214327)
(191876, 0.92214319)
(398820, 0.92213639)
(337029, 0.92213639)
(108613, 0.92213631)
(333039, 0.92213631)
(413889, 0.92213631)
(255532, 0.92213631)
(38862, 0.92213631)
(361702, 0.92213631)
(23541, 0.92213623)
(221812, 0.92213623)
(99591, 0.92213623)
(79304, 0.92213623)
(127984, 0.92213623)
(236146, 0.92213623)
(400530, 0.92213623)
(229382, 0.92212935)
(62557, 0.92212935)
(161922, 0.92212935)
(342335, 0.92212935)
(391204, 0.92212935)
(159804, 0.92212927)
(340700, 0.92212927)
(201806, 0.92212927)
(111105, 0.92212927)
(18276, 0.92212927)
(251617, 0.92212927)
(328476, 0.92212927)
(176840, 0.92212927)
(311846, 0.92212927)
(2136, 0.92212927)
(50312, 0.92212927)
(49064, 0.92212927)
(64902, 0.92212927)
(342767, 0.92212927)
(89747, 0.92212927)
(158354, 0.92212927)
(23919, 0.92212918)
(360300, 0.92212918)
(67026, 0.92212918)
(78990, 0.92212918)
(305042, 0.92212239)
(4899, 0.92212239)
(139752, 0.92212239)
(417975, 0.92212239)
(302988, 0.92212239)
(297845, 0.92212239)
(122949, 0.92212239)
(12577, 0.9221223)
(279765, 0.9221223)
(89913, 0.9221223)
(416697, 0.9221223)
(173590, 0.9221223)
(391148, 0.9221223)
(63636, 0.9221223)
(117560, 0.9221223)
(175462, 0.9221223)
(167567, 0.92212222)
(3311, 0.92212222)
(124349, 0.92212222)
(332672, 0.92212222)
(141972, 0.92211543)
(203416, 0.92211534)
(146047, 0.92211534)
(384130, 0.92211534)
(28547, 0.92211534)
(216584, 0.92211534)
(384782, 0.92211534)
(111087, 0.92211534)
(10939, 0.92211534)
(32780, 0.92211534)
(381435, 0.92211534)
(322256, 0.92211534)
(115316, 0.92211534)
(165886, 0.92211534)
(278413, 0.92211526)
(186523, 0.92211526)
(290361, 0.92211526)
(227835, 0.92211526)
(371359, 0.92211526)
(203839, 0.92211526)
(235623, 0.92211526)
(237959, 0.92211526)
(366339, 0.92211526)
(106880, 0.92211526)
(236398, 0.92211526)
(340528, 0.92211526)
(82034, 0.92211518)
(301688, 0.92211518)
(229615, 0.92210846)
(177222, 0.92210846)
(240513, 0.92210846)
(216852, 0.92210838)
(210850, 0.92210838)
(204031, 0.92210838)
(346128, 0.92210838)
(158507, 0.92210838)
(243978, 0.92210838)
(184008, 0.92210838)
(223243, 0.92210838)
(10748, 0.92210838)
(221760, 0.92210838)
(227149, 0.92210838)
(357256, 0.92210838)
(130258, 0.92210838)
(386549, 0.92210838)
(6620, 0.9221083)
(318637, 0.9221083)
(287344, 0.9221083)
(86396, 0.9221083)
(35181, 0.9221083)
(72313, 0.9221083)
(210463, 0.9221083)
(282812, 0.9221083)
(404104, 0.9221083)
(130312, 0.9221083)
(98154, 0.9221083)
(8564, 0.9221083)
(118622, 0.92210822)
(314095, 0.92210822)
(405035, 0.92210822)
(114510, 0.92210822)
(107561, 0.92210822)
(397259, 0.92210822)
(154702, 0.92210822)
(250796, 0.92210813)
(127870, 0.92210142)
(416649, 0.92210142)
(416189, 0.92210142)
(339455, 0.92210142)
(330248, 0.92210142)
(203449, 0.92210134)
(3990, 0.92210134)
(323673, 0.92210134)
(107539, 0.92210134)
(339784, 0.92210134)
(141669, 0.92210134)
(167815, 0.92210134)
(276874, 0.92210134)
(156247, 0.92210134)
(418178, 0.92210134)
(203442, 0.92210134)
(119130, 0.92210134)
(186754, 0.92210125)
(90893, 0.92210125)
(365684, 0.92210125)
(353847, 0.92210125)
(23695, 0.92210125)
(82009, 0.92210117)
(244700, 0.92210117)
(150470, 0.92209446)
(90468, 0.92209446)
(82119, 0.92209446)
(108596, 0.92209446)
(377554, 0.92209438)
(334080, 0.92209438)
(382144, 0.92209438)
(90276, 0.92209438)
(21736, 0.92209438)
(386940, 0.92209438)
(98787, 0.92209438)
(84280, 0.92209438)
(66414, 0.92209438)
(225991, 0.92209429)
(50594, 0.92209429)
(334193, 0.92209429)
(266247, 0.92209429)
(317643, 0.92209429)
(356622, 0.92209429)
(243264, 0.92209429)
(11042, 0.92209429)
(42691, 0.92209429)
(95978, 0.92209421)
(168423, 0.92209421)
(61689, 0.92209421)
(212566, 0.92208741)
(264767, 0.92208741)
(361032, 0.92208741)
(340838, 0.92208733)
(342823, 0.92208725)
(42188, 0.92208725)
(24031, 0.92208725)
(165171, 0.92208725)
(378307, 0.92208725)
(63968, 0.92208717)
(102461, 0.92208045)
(399370, 0.92208037)
(360079, 0.92208037)
(393946, 0.92208029)
(365338, 0.92208029)
(226095, 0.92208029)
(105318, 0.92208029)
(416825, 0.92208029)
(122576, 0.92208029)
(52558, 0.92208029)
(174435, 0.9220802)
(357229, 0.92207341)
(33362, 0.92207341)
(152010, 0.92207341)
(59172, 0.92207333)
(147835, 0.92207333)
(28821, 0.92207333)
(311449, 0.92207333)
(101626, 0.92207324)
(296176, 0.92206645)
(81979, 0.92206645)
(363325, 0.92206637)
(338652, 0.92206637)
(216292, 0.92206637)
(238846, 0.92206628)
(313199, 0.92206628)
(311234, 0.9220662)
(278306, 0.92205932)
(269435, 0.92205932)
(236052, 0.92204523)
(148548, 0.92097376)
(207797, 0.92097376)
(257309, 0.92097368)
(103625, 0.92097368)
(177502, 0.9209668)
(218323, 0.9209668)
(80680, 0.92096672)
(19241, 0.92096672)
(343593, 0.92095992)
(112586, 0.92095984)
(264941, 0.92095984)
(246748, 0.92095976)
(93743, 0.92095976)
(55501, 0.92095976)
(343701, 0.92095976)
(41537, 0.92095296)
(53658, 0.92095288)
(69001, 0.92095288)
(229794, 0.92095288)
(275308, 0.9209528)
(318195, 0.9209528)
(134532, 0.9209528)
(197642, 0.9209528)
(136671, 0.9209528)
(332521, 0.9209528)
(262960, 0.9209528)
(4646, 0.9209528)
(317753, 0.92095271)
(188658, 0.92094592)
(322684, 0.92094592)
(311049, 0.92094592)
(402909, 0.92094583)
(412887, 0.92094583)
(287570, 0.92094583)
(54714, 0.92094583)
(138336, 0.92094583)
(153197, 0.92094583)
(210835, 0.92094575)
(299329, 0.92094575)
(385633, 0.92094575)
(363814, 0.92094567)
(387737, 0.92093896)
(343571, 0.92093887)
(238564, 0.92093887)
(9968, 0.92093887)
(229275, 0.92093887)
(325677, 0.92093887)
(27859, 0.92093887)
(318865, 0.92093887)
(201960, 0.92093887)
(166619, 0.92093887)
(375985, 0.92093879)
(332227, 0.92093879)
(102347, 0.92093879)
(29999, 0.92093879)
(34690, 0.92093879)
(168210, 0.92093871)
(95466, 0.92093199)
(196066, 0.92093191)
(40857, 0.92093191)
(145791, 0.92093191)
(238609, 0.92093191)
(363349, 0.92093191)
(326775, 0.92093191)
(236950, 0.92093191)
(365773, 0.92093183)
(360840, 0.92093183)
(126089, 0.92093183)
(148251, 0.92093183)
(100191, 0.92093183)
(81129, 0.92093183)
(122610, 0.92093183)
(400259, 0.92093183)
(174044, 0.92093183)
(336784, 0.92093183)
(114064, 0.92093183)
(394077, 0.92093183)
(176335, 0.92093183)
(120858, 0.92093183)
(5469, 0.92093183)
(111670, 0.92093175)
(370163, 0.92093175)
(212575, 0.92093175)
(157831, 0.92093175)
(197723, 0.92092495)
(108219, 0.92092495)
(71040, 0.92092487)
(143994, 0.92092487)
(241224, 0.92092487)
(198995, 0.92092487)
(244890, 0.92092487)
(141184, 0.92092487)
(248885, 0.92092487)
(378283, 0.92092478)
(76238, 0.92092478)
(178826, 0.92092478)
(307373, 0.92092478)
(86734, 0.92092478)
(27878, 0.92092478)
(297122, 0.92092478)
(196171, 0.92092478)
(73161, 0.92092478)
(409894, 0.92092478)
(281009, 0.92092478)
(192663, 0.92091799)
(26214, 0.92091799)
(300655, 0.92091791)
(390145, 0.92091791)
(363373, 0.92091791)
(261660, 0.92091791)
(131545, 0.92091791)
(42216, 0.92091791)
(138591, 0.92091791)
(393556, 0.92091782)
(151940, 0.92091782)
(258776, 0.92091782)
(212866, 0.92091782)
(314750, 0.92091782)
(142886, 0.92091782)
(206940, 0.92091774)
(414397, 0.92091774)
(272710, 0.92091774)
(378975, 0.92091103)
(288655, 0.92091094)
(168661, 0.92091094)
(351796, 0.92091094)
(242689, 0.92091094)
(337393, 0.92091086)
(246205, 0.92091086)
(303557, 0.92091086)
(349722, 0.92091086)
(61761, 0.92091086)
(251942, 0.92091086)
(239361, 0.92091078)
(209763, 0.92091078)
(94972, 0.92091078)
(391798, 0.92091078)
(112505, 0.92090398)
(274281, 0.92090398)
(250485, 0.92090398)
(843, 0.9209039)
(198663, 0.9209039)
(419182, 0.9209039)
(216452, 0.92090382)
(21890, 0.92090382)
(199497, 0.92090382)
(386355, 0.92090382)
(337897, 0.92090373)
(380904, 0.92090373)
(325886, 0.92089702)
(77314, 0.92089694)
(372265, 0.92089694)
(367224, 0.92089694)
(263397, 0.92089686)
(208519, 0.92089686)
(128401, 0.92089686)
(322860, 0.92089677)
(111629, 0.92089677)
(348942, 0.92089677)
(418320, 0.92089669)
(60858, 0.92089006)
(200545, 0.92088989)
(44772, 0.92088989)
(136318, 0.92088989)
(90271, 0.92088981)
(153092, 0.92088293)
(17060, 0.92088285)
(79312, 0.92085484)
(247290, 0.91979729)
(243138, 0.91979041)
(347537, 0.91979033)
(370442, 0.91979025)
(135371, 0.91979025)
(46446, 0.91979025)
(21626, 0.91978345)
(68571, 0.91978337)
(321992, 0.91978329)
(354734, 0.91978329)
(161286, 0.91978329)
(328950, 0.91977641)
(30596, 0.91977632)
(295595, 0.91977632)
(47168, 0.91977632)
(144674, 0.91977632)
(244935, 0.91977632)
(124589, 0.91976945)
(222964, 0.91976945)
(250123, 0.91976945)
(271168, 0.91976945)
(40705, 0.91976936)
(335114, 0.91976936)
(149798, 0.91976936)
(281448, 0.91976936)
(208709, 0.91976928)
(58747, 0.91976928)
(364979, 0.91976928)
(183610, 0.91976248)
(69899, 0.91976248)
(271093, 0.9197624)
(322100, 0.9197624)
(40728, 0.91976232)
(99244, 0.91976232)
(82286, 0.91976232)
(388887, 0.91975552)
(284131, 0.91975544)
(262048, 0.91975544)
(96881, 0.91975544)
(398173, 0.91975544)
(46071, 0.91975536)
(43431, 0.91975536)
(353846, 0.91975536)
(324365, 0.91975536)
(102999, 0.91975536)
(308416, 0.91975536)
(267882, 0.91975536)
(165175, 0.91975536)
(340967, 0.91975536)
(1058, 0.91975536)
(132448, 0.91975527)
(92232, 0.91975527)
(412547, 0.91975527)
(142885, 0.91975527)
(277507, 0.91974848)
(11904, 0.91974848)
(30399, 0.91974848)
(90599, 0.91974848)
(182467, 0.9197484)
(407606, 0.9197484)
(4050, 0.9197484)
(91648, 0.9197484)
(123963, 0.9197484)
(305588, 0.9197484)
(84746, 0.9197484)
(292233, 0.91974831)
(298479, 0.91974831)
(320372, 0.91974831)
(152280, 0.91974831)
(13238, 0.91974831)
(390000, 0.91974823)
(246398, 0.91974144)
(221056, 0.91974144)
(417097, 0.91974144)
(86407, 0.91974135)
(375955, 0.91974135)
(380725, 0.91974135)
(212308, 0.91974135)
(317894, 0.91974135)
(57386, 0.91974135)
(386973, 0.91974135)
(159569, 0.91974135)
(346146, 0.91973447)
(400076, 0.91973447)
(131308, 0.91973447)
(152231, 0.91973439)
(367399, 0.91973439)
(113744, 0.91973439)
(396810, 0.91973439)
(253267, 0.91973439)
(132506, 0.91973431)
(284121, 0.91972751)
(262634, 0.91972751)
(399195, 0.91972743)
(290979, 0.91972743)
(40584, 0.91972743)
(303495, 0.91972743)
(45115, 0.91972743)
(222752, 0.91972743)
(265025, 0.91972735)
(97774, 0.91972735)
(30567, 0.91972735)
(41495, 0.91972735)
(204739, 0.91972735)
(291672, 0.91972735)
(310063, 0.91972055)
(414008, 0.91972055)
(387301, 0.91972055)
(303293, 0.91972047)
(384436, 0.91972047)
(88336, 0.91972047)
(315806, 0.91972039)
(289195, 0.91972039)
(228628, 0.9197203)
(126203, 0.9197203)
(396481, 0.91971359)
(396888, 0.91971351)
(388007, 0.91971351)
(339293, 0.91971342)
(56271, 0.91971342)
(198959, 0.91971342)
(92610, 0.91971334)
(81954, 0.91970646)
(325869, 0.91970646)
(168909, 0.91970638)
(187264, 0.91970638)
(324132, 0.9196995)
(111565, 0.91969942)
(354090, 0.91969942)
(262705, 0.91969942)
(205545, 0.91969246)
(190620, 0.91969237)
(397200, 0.91969237)
(131273, 0.91969221)
(237692, 0.91967837)
(401608, 0.91967149)
(159030, 0.91862082)
(122602, 0.91859994)
(185734, 0.91859994)
(353113, 0.91859994)
(211490, 0.91859994)
(392346, 0.91859985)
(64886, 0.91859985)
(116230, 0.91859985)
(277661, 0.91859985)
(417023, 0.91859985)
(128076, 0.91859298)
(83558, 0.91859289)
(231065, 0.91859289)
(351677, 0.91859289)
(25861, 0.91859289)
(288144, 0.91859289)
(419714, 0.91859281)
(108453, 0.91859273)
(161672, 0.91858593)
(307769, 0.91858593)
(295890, 0.91858585)
(162858, 0.91858585)
(118293, 0.91857897)
(27350, 0.91857897)
(326544, 0.91857889)
(259933, 0.91857889)
(175052, 0.91857889)
(386364, 0.91857889)
(55609, 0.9185788)
(335169, 0.9185788)
(38250, 0.91857201)
(410625, 0.91857193)
(106895, 0.91857193)
(232450, 0.91857193)
(135965, 0.91857193)
(371589, 0.91857193)
(245704, 0.91857193)
(404744, 0.91857184)
(47966, 0.91857184)
(94250, 0.91857184)
(407675, 0.91857176)
(225466, 0.91856513)
(347513, 0.91856505)
(340986, 0.91856496)
(33311, 0.91856496)
(322826, 0.91856496)
(310129, 0.91856488)
(333495, 0.91856488)
(71045, 0.91856488)
(80681, 0.9185648)
(51834, 0.918558)
(270616, 0.918558)
(233974, 0.91855792)
(223333, 0.91855784)
(211059, 0.91855104)
(264078, 0.91855104)
(378826, 0.91855096)
(248785, 0.91855096)
(282293, 0.91855096)
(419394, 0.91855096)
(217763, 0.91855096)
(190140, 0.91855096)
(214753, 0.91855096)
(199788, 0.91855088)
(196146, 0.91855088)
(242562, 0.918544)
(341882, 0.918544)
(77205, 0.91854383)
(334653, 0.91854383)
(321100, 0.91854375)
(140355, 0.91853695)
(380759, 0.91853687)
(274695, 0.91852991)
(229675, 0.91852303)
(273052, 0.91852295)
(160926, 0.91852295)
(12264, 0.91852295)
(159067, 0.91852286)
(255404, 0.91852286)
(150256, 0.91852278)
(327735, 0.9185159)
(212848, 0.91850886)
(317386, 0.91743043)
(192934, 0.91742347)
(318618, 0.9174233)
(68033, 0.91741651)
(95551, 0.91741642)
(270187, 0.91741642)
(278378, 0.91741634)
(340021, 0.91740954)
(33210, 0.91740954)
(166421, 0.91740946)
(57135, 0.91740946)
(297902, 0.91740946)
(134529, 0.91740946)
(112992, 0.9174093)
(153117, 0.9174025)
(205935, 0.9174025)
(358437, 0.9174025)
(307661, 0.9174025)
(345203, 0.91740242)
(216271, 0.91740242)
(118880, 0.91739562)
(131793, 0.91739554)
(339210, 0.91739546)
(236773, 0.91739546)
(141308, 0.91739546)
(94888, 0.91739546)
(306105, 0.91739546)
(49915, 0.91739546)
(288157, 0.91739537)
(254739, 0.91739537)
(290535, 0.91739537)
(126853, 0.91739537)
(360956, 0.91738849)
(415390, 0.91738849)
(203317, 0.91738849)
(19297, 0.91738841)
(389955, 0.91738841)
(149978, 0.91738153)
(37776, 0.91738153)
(245737, 0.91738153)
(384804, 0.91738145)
(17837, 0.91738145)
(82481, 0.91738145)
(324891, 0.91738145)
(318396, 0.91738137)
(98832, 0.91737457)
(171944, 0.91737457)
(92804, 0.91737449)
(244649, 0.91737449)
(118972, 0.91737449)
(102644, 0.91737441)
(160467, 0.91737441)
(240881, 0.91736761)
(27945, 0.91736753)
(196179, 0.91736744)
(105118, 0.91736744)
(85477, 0.91736744)
(224981, 0.91736736)
(147585, 0.91736736)
(254980, 0.91736736)
(391896, 0.91736736)
(113510, 0.91736728)
(272949, 0.91736048)
(52562, 0.91736048)
(307689, 0.91736048)
(26199, 0.91736048)
(173466, 0.9173604)
(418264, 0.9173604)
(275469, 0.91735352)
(323994, 0.91735344)
(324874, 0.91735344)
(8102, 0.91735336)
(56418, 0.91734656)
(225853, 0.91734648)
(256246, 0.91733968)
(373799, 0.91733943)
(136453, 0.91732551)
(280734, 0.91732551)
(73125, 0.9173115)
(280506, 0.91730454)
(354825, 0.916261)
(179898, 0.91624691)
(233100, 0.91623987)
(157169, 0.91623299)
(152238, 0.91623299)
(283704, 0.91623299)
(48828, 0.91623291)
(43874, 0.91622603)
(222574, 0.91622603)
(139648, 0.91622595)
(386645, 0.91622586)
(395141, 0.91621907)
(126032, 0.91621898)
(89900, 0.91621898)
(127270, 0.91621898)
(351219, 0.91621898)
(384982, 0.9162189)
(28701, 0.91621202)
(308635, 0.91621202)
(156431, 0.91621202)
(238272, 0.91621202)
(330947, 0.91621194)
(86633, 0.91620514)
(73654, 0.91620506)
(10779, 0.91620506)
(82323, 0.91620506)
(157970, 0.91620498)
(390930, 0.91620498)
(202884, 0.91620498)
(231983, 0.9162049)
(297777, 0.9161981)
(196623, 0.91619802)
(405793, 0.91619802)
(154915, 0.91619802)
(244953, 0.91619793)
(41805, 0.91619793)
(58065, 0.91619793)
(209809, 0.91619114)
(70344, 0.91619106)
(57600, 0.91619097)
(63159, 0.91619097)
(44070, 0.91619097)
(197186, 0.91618409)
(87722, 0.91618401)
(159858, 0.91618393)
(263227, 0.91618385)
(321122, 0.91617713)
(25665, 0.91617713)
(417622, 0.91617697)
(119589, 0.91617697)
(384150, 0.91617688)
(64107, 0.91616992)
(277670, 0.91616305)
(187909, 0.91616296)
(323108, 0.916156)
(121608, 0.916156)
(412461, 0.91614912)
(381483, 0.91614208)
(49656, 0.91507044)
(278700, 0.9150566)
(252554, 0.91505652)
(166034, 0.91505652)
(65579, 0.91504964)
(38760, 0.91504956)
(19125, 0.91504956)
(58482, 0.91504956)
(97830, 0.91504956)
(384506, 0.91504948)
(25342, 0.91504948)
(354025, 0.9150426)
(35950, 0.91503555)
(215837, 0.91503555)
(227264, 0.91503555)
(74763, 0.91503555)
(164585, 0.91503547)
(235578, 0.91503547)
(401663, 0.91503547)
(20787, 0.91502859)
(56293, 0.91502859)
(169056, 0.91502163)
(183967, 0.91502163)
(317112, 0.91502155)
(265310, 0.91501467)
(195265, 0.91501459)
(67606, 0.91501459)
(120276, 0.91501459)
(99303, 0.9150145)
(318632, 0.9150145)
(45452, 0.9150145)
(402323, 0.9150145)
(59679, 0.91501442)
(259318, 0.91500754)
(386086, 0.91500746)
(353700, 0.91500066)
(405307, 0.9150005)
(372196, 0.91499362)
(5393, 0.91499354)
(245850, 0.91499345)
(35611, 0.91498657)
(183688, 0.91498657)
(400262, 0.91498649)
(405605, 0.91388701)
(292166, 0.91388005)
(412861, 0.91387997)
(50452, 0.91386604)
(291895, 0.91386604)
(151754, 0.91385883)
(178590, 0.9138522)
(66006, 0.9138522)
(39955, 0.91385212)
(92230, 0.91385195)
(59088, 0.91384516)
(230818, 0.91384499)
(105261, 0.91383812)
(196795, 0.91383803)
(391867, 0.91381715)
(94173, 0.9138101)
(52382, 0.91380994)
(211863, 0.91272446)
(140599, 0.91269653)
(102595, 0.91269653)
(302586, 0.91268957)
(22540, 0.91268957)
(332108, 0.91268949)
(352886, 0.91267573)
(254825, 0.91267565)
(228902, 0.91267557)
(267184, 0.91267557)
(371755, 0.91267548)
(99786, 0.91266869)
(318754, 0.91266852)
(387230, 0.91266164)
(206382, 0.91264764)
(173377, 0.91264051)
(357949, 0.91261258)
(176861, 0.91153407)
(382967, 0.9115131)
(193257, 0.9115131)
(142770, 0.9115131)
(328094, 0.91150606)
(323446, 0.91149918)
(397801, 0.9114991)
(177533, 0.9114991)
(226257, 0.9114991)
(189871, 0.91149901)
(199443, 0.91149222)
(161489, 0.91147805)
(276568, 0.91147125)
(186496, 0.9114502)
(49990, 0.91144324)
(403437, 0.90916033)
(241779, 0.9091324)
(417885, 0.90912519)
(69500, 0.90912519)
(165912, 0.90792071)
(236, 0.9067444)
(117850, 0.90673736)
