(277615, 0.94217816)
(67892, 0.94217816)
(156603, 0.94217816)
(274116, 0.94099473)
(45617, 0.94099473)
(107861, 0.94099473)
(391568, 0.94099473)
(244066, 0.94098777)
(212556, 0.94098769)
(186207, 0.93982522)
(353035, 0.93982522)
(379643, 0.93981826)
(63106, 0.93981826)
(410737, 0.93981826)
(218570, 0.93981826)
(97067, 0.93981826)
(180194, 0.93981826)
(300345, 0.93981826)
(393106, 0.93981826)
(383349, 0.9398113)
(10676, 0.9398113)
(177195, 0.9398113)
(318963, 0.9398113)
(50749, 0.9398113)
(164680, 0.93981121)
(44851, 0.93981121)
(12110, 0.93980425)
(240489, 0.93980417)
(351972, 0.93979025)
(251426, 0.93979025)
(182054, 0.93864875)
(198610, 0.93864875)
(346223, 0.93864875)
(338571, 0.93864875)
(174190, 0.93864875)
(388698, 0.93864875)
(81433, 0.93864875)
(341425, 0.93864179)
(93734, 0.93864179)
(176690, 0.93864179)
(148683, 0.93864179)
(163639, 0.93864179)
(247248, 0.93864179)
(371389, 0.93864179)
(110990, 0.93864179)
(130156, 0.93864179)
(234083, 0.93864179)
(395544, 0.93864179)
(364068, 0.93864179)
(266565, 0.93864179)
(344279, 0.93864179)
(194670, 0.93864179)
(126073, 0.93864179)
(70360, 0.93864179)
(186809, 0.93864179)
(240916, 0.93864179)
(369107, 0.93863483)
(272932, 0.93863483)
(329676, 0.93863483)
(333042, 0.93863483)
(157944, 0.93863483)
(153518, 0.93863483)
(98620, 0.93863483)
(305147, 0.93863483)
(212000, 0.93863483)
(287443, 0.93863483)
(263568, 0.93863483)
(93220, 0.93863483)
(155688, 0.93863483)
(157058, 0.93863474)
(20428, 0.93863474)
(234068, 0.93863474)
(94085, 0.93863474)
(84406, 0.93863474)
(45516, 0.93863474)
(47958, 0.93863474)
(179603, 0.93863474)
(274946, 0.93862787)
(309304, 0.93862787)
(120121, 0.93862778)
(310812, 0.93862778)
(116402, 0.93862778)
(170814, 0.93862778)
(272871, 0.93862778)
(3576, 0.93862778)
(406789, 0.93862778)
(304646, 0.93862082)
(375499, 0.93862082)
(371347, 0.93862082)
(156231, 0.93862082)
(328590, 0.93862082)
(45137, 0.93861378)
(9460, 0.93861378)
(67232, 0.93747228)
(377593, 0.93747228)
(180008, 0.93747228)
(188578, 0.93747228)
(61170, 0.93747228)
(116497, 0.93747228)
(403433, 0.93746532)
(254383, 0.93746532)
(412046, 0.93746532)
(130291, 0.93746532)
(117567, 0.93746532)
(35670, 0.93746532)
(260811, 0.93746532)
(345704, 0.93746532)
(206280, 0.93746532)
(326257, 0.93746532)
(356577, 0.93746532)
(187384, 0.93746532)
(181933, 0.93746532)
(159656, 0.93746532)
(77633, 0.93746532)
(165028, 0.93746532)
(259356, 0.93746532)
(7790, 0.93746532)
(6712, 0.93746532)
(205433, 0.93745836)
(249692, 0.93745836)
(146048, 0.93745836)
(253676, 0.93745836)
(49140, 0.93745836)
(416442, 0.93745836)
(377142, 0.93745836)
(94511, 0.93745836)
(317550, 0.93745836)
(407326, 0.93745836)
(357084, 0.93745836)
(54303, 0.93745836)
(31937, 0.93745836)
(210273, 0.93745836)
(156834, 0.93745836)
(329495, 0.93745836)
(275874, 0.93745836)
(159634, 0.93745836)
(179658, 0.93745827)
(128489, 0.93745827)
(381301, 0.93745827)
(346480, 0.93745827)
(335214, 0.93745827)
(282717, 0.93745827)
(394537, 0.93745139)
(340701, 0.93745139)
(82239, 0.93745139)
(401717, 0.93745139)
(130659, 0.93745139)
(403598, 0.93745139)
(267757, 0.93745139)
(51034, 0.93745139)
(74419, 0.93745139)
(244227, 0.93745139)
(105181, 0.93745139)
(263304, 0.93745139)
(292089, 0.93745139)
(334762, 0.93745139)
(231074, 0.93745139)
(76383, 0.93745131)
(112158, 0.93745131)
(73916, 0.93745131)
(5572, 0.93745131)
(417221, 0.93745131)
(382420, 0.93745131)
(374613, 0.93745131)
(362938, 0.93745131)
(117218, 0.93745131)
(345909, 0.93745131)
(63934, 0.93745131)
(377480, 0.93745131)
(158795, 0.93745131)
(168160, 0.93745131)
(11426, 0.93745131)
(370457, 0.93745131)
(334825, 0.93745131)
(30584, 0.93745131)
(258237, 0.93745131)
(184960, 0.93745131)
(261669, 0.93745131)
(166665, 0.93745131)
(38800, 0.93745131)
(193984, 0.93745131)
(91971, 0.93745131)
(108606, 0.93745131)
(388414, 0.93744443)
(37457, 0.93744443)
(135914, 0.93744435)
(146520, 0.93744435)
(112687, 0.93744435)
(373637, 0.93744435)
(99930, 0.93744435)
(135001, 0.93744435)
(257719, 0.93744435)
(338983, 0.93744435)
(143999, 0.93744435)
(180577, 0.93744435)
(290007, 0.93744435)
(288468, 0.93744435)
(251733, 0.93744435)
(41543, 0.93744435)
(286741, 0.93744435)
(124972, 0.93744427)
(81693, 0.93743739)
(322639, 0.93743731)
(157289, 0.93743731)
(365747, 0.93743731)
(98602, 0.93743731)
(107328, 0.93743034)
(166502, 0.93743026)
(373926, 0.93742338)
(295667, 0.93742338)
(84286, 0.9374233)
(1533, 0.93629581)
(214558, 0.93629581)
(250930, 0.93629581)
(364167, 0.93629581)
(256547, 0.93628885)
(228340, 0.93628885)
(25885, 0.93628885)
(206490, 0.93628885)
(413225, 0.93628885)
(212660, 0.93628885)
(121429, 0.93628885)
(210445, 0.93628885)
(378062, 0.93628885)
(297576, 0.93628885)
(316461, 0.93628885)
(58581, 0.93628885)
(48042, 0.93628885)
(148990, 0.93628885)
(294169, 0.93628885)
(221033, 0.93628885)
(347227, 0.93628885)
(283141, 0.93628885)
(267209, 0.93628885)
(192826, 0.93628885)
(352465, 0.93628885)
(23055, 0.93628885)
(294904, 0.93628885)
(394026, 0.93628885)
(334740, 0.93628885)
(315287, 0.93628885)
(193634, 0.93628189)
(220533, 0.93628189)
(405326, 0.93628189)
(74037, 0.93628189)
(205713, 0.93628189)
(83775, 0.93628189)
(195129, 0.93628189)
(291430, 0.93628189)
(417542, 0.93628189)
(280570, 0.93628189)
(252667, 0.93628189)
(208728, 0.93628189)
(109381, 0.93628189)
(213261, 0.93628189)
(23894, 0.93628189)
(189807, 0.93628189)
(161913, 0.93628189)
(210674, 0.93628189)
(200434, 0.93628189)
(157272, 0.93628189)
(171173, 0.93628189)
(190972, 0.93628189)
(214940, 0.93628189)
(81510, 0.93628189)
(363666, 0.93628189)
(359164, 0.93628189)
(259770, 0.93628189)
(106296, 0.93628189)
(180556, 0.93628189)
(48163, 0.93628189)
(128190, 0.93628189)
(283132, 0.93628189)
(136451, 0.93628189)
(64540, 0.93628189)
(301646, 0.93628189)
(55064, 0.93628189)
(342884, 0.93628189)
(259478, 0.93628189)
(196499, 0.93628189)
(320481, 0.9362818)
(94575, 0.9362818)
(276816, 0.9362818)
(150964, 0.9362818)
(294473, 0.9362818)
(315726, 0.9362818)
(78468, 0.9362818)
(106350, 0.9362818)
(300163, 0.9362818)
(88154, 0.9362818)
(196100, 0.9362818)
(379403, 0.9362818)
(178266, 0.9362818)
(270252, 0.93627492)
(24187, 0.93627492)
(409651, 0.93627492)
(160753, 0.93627492)
(377202, 0.93627492)
(159337, 0.93627492)
(154347, 0.93627492)
(63519, 0.93627492)
(358956, 0.93627492)
(285679, 0.93627492)
(34659, 0.93627492)
(233931, 0.93627492)
(358943, 0.93627492)
(208863, 0.93627492)
(352781, 0.93627492)
(54018, 0.93627484)
(338001, 0.93627484)
(39167, 0.93627484)
(286882, 0.93627484)
(318486, 0.93627484)
(336788, 0.93627484)
(50344, 0.93627484)
(217714, 0.93627484)
(321682, 0.93627484)
(6928, 0.93627484)
(247093, 0.93627484)
(389553, 0.93627484)
(408426, 0.93627484)
(225361, 0.93627484)
(51111, 0.93627484)
(161450, 0.93627484)
(289769, 0.93627484)
(309540, 0.93627484)
(90481, 0.93627484)
(286339, 0.93627484)
(416834, 0.93627484)
(243979, 0.93627484)
(15972, 0.93627484)
(39750, 0.93627484)
(30633, 0.93627484)
(185050, 0.93627484)
(211157, 0.93627484)
(162689, 0.93627484)
(343333, 0.93627484)
(155466, 0.93627484)
(143032, 0.93627484)
(208188, 0.93627484)
(252186, 0.93627484)
(127721, 0.93627484)
(304689, 0.93627484)
(397077, 0.93627484)
(220176, 0.93627484)
(60036, 0.93627484)
(46588, 0.93627484)
(19725, 0.93627484)
(192722, 0.93627484)
(202477, 0.93626796)
(79749, 0.93626796)
(98240, 0.93626796)
(221814, 0.93626788)
(278793, 0.93626788)
(210474, 0.93626788)
(31334, 0.93626788)
(379792, 0.93626788)
(76441, 0.93626788)
(314326, 0.93626788)
(148155, 0.93626788)
(190255, 0.93626788)
(229090, 0.93626788)
(240981, 0.93626788)
(367627, 0.93626788)
(21117, 0.93626788)
(124899, 0.93626788)
(98611, 0.93626788)
(370636, 0.93626788)
(73951, 0.93626788)
(334952, 0.93626788)
(21996, 0.93626788)
(362082, 0.93626788)
(110353, 0.93626788)
(317241, 0.93626788)
(343564, 0.93626788)
(309792, 0.93626788)
(15679, 0.93626788)
(103347, 0.93626788)
(378072, 0.93626788)
(234801, 0.93626788)
(267264, 0.93626788)
(36367, 0.93626788)
(59346, 0.93626788)
(381244, 0.93626788)
(187840, 0.93626788)
(280490, 0.93626788)
(118362, 0.93626788)
(125623, 0.93626788)
(86058, 0.9362678)
(234941, 0.9362678)
(42421, 0.9362678)
(84582, 0.9362678)
(129064, 0.9362678)
(376266, 0.9362678)
(88344, 0.9362678)
(193723, 0.93626092)
(41584, 0.93626092)
(108019, 0.93626092)
(98963, 0.93626092)
(15592, 0.93626092)
(200969, 0.93626092)
(190046, 0.93626092)
(347146, 0.93626092)
(51622, 0.93626092)
(55960, 0.93626092)
(92507, 0.93626084)
(141921, 0.93626084)
(7363, 0.93626084)
(416766, 0.93626084)
(50108, 0.93626084)
(290932, 0.93626084)
(328378, 0.93626084)
(308736, 0.93626084)
(409261, 0.93626084)
(70493, 0.93626084)
(46160, 0.93626084)
(403899, 0.93625396)
(299649, 0.93625387)
(64712, 0.93625387)
(114637, 0.93625387)
(67895, 0.93625387)
(260046, 0.93625387)
(279468, 0.93625387)
(351606, 0.93625387)
(23044, 0.93625387)
(387519, 0.93625387)
(254637, 0.93625387)
(94912, 0.93625387)
(33795, 0.93624691)
(144843, 0.93624683)
(279432, 0.93511934)
(413035, 0.93511934)
(39308, 0.93511934)
(331233, 0.93511934)
(68349, 0.93511934)
(249470, 0.93511934)
(110809, 0.93511934)
(156062, 0.93511238)
(149009, 0.93511238)
(338025, 0.93511238)
(285918, 0.93511238)
(382594, 0.93511238)
(374661, 0.93511238)
(140409, 0.93511238)
(272747, 0.93511238)
(43637, 0.93511238)
(206960, 0.93511238)
(321535, 0.93511238)
(163535, 0.93511238)
(388249, 0.93511238)
(157162, 0.93511238)
(202835, 0.93511238)
(106345, 0.93511238)
(186200, 0.93511238)
(48151, 0.93511238)
(212746, 0.93511238)
(1668, 0.93511238)
(391403, 0.93511238)
(31607, 0.93511238)
(32022, 0.93510541)
(400305, 0.93510541)
(121636, 0.93510541)
(125626, 0.93510541)
(92404, 0.93510541)
(391717, 0.93510541)
(29613, 0.93510541)
(5349, 0.93510541)
(191564, 0.93510541)
(316379, 0.93510541)
(44436, 0.93510541)
(245443, 0.93510541)
(340014, 0.93510541)
(86679, 0.93510541)
(64198, 0.93510541)
(378762, 0.93510541)
(246692, 0.93510541)
(13998, 0.93510541)
(169193, 0.93510541)
(333754, 0.93510541)
(46426, 0.93510541)
(235669, 0.93510541)
(194050, 0.93510541)
(356729, 0.93510541)
(25313, 0.93510533)
(372594, 0.93510533)
(51310, 0.93510533)
(26983, 0.93510533)
(292962, 0.93510533)
(153079, 0.93510533)
(187732, 0.93510533)
(5123, 0.93510533)
(110348, 0.93510533)
(232150, 0.93510533)
(90712, 0.93510533)
(379091, 0.93510533)
(318819, 0.93510533)
(257078, 0.93510533)
(135664, 0.93510533)
(155403, 0.93509845)
(47304, 0.93509845)
(121390, 0.93509845)
(340418, 0.93509845)
(356497, 0.93509845)
(307388, 0.93509845)
(201300, 0.93509845)
(186706, 0.93509845)
(215573, 0.93509845)
(185792, 0.93509845)
(182651, 0.93509845)
(90019, 0.93509845)
(23654, 0.93509845)
(265581, 0.93509845)
(304053, 0.93509845)
(184318, 0.93509845)
(322147, 0.93509845)
(408658, 0.93509845)
(239364, 0.93509845)
(181363, 0.93509845)
(330140, 0.93509845)
(184550, 0.93509845)
(247274, 0.93509845)
(337663, 0.93509845)
(330136, 0.93509845)
(396178, 0.93509837)
(87087, 0.93509837)
(300231, 0.93509837)
(2078, 0.93509837)
(159537, 0.93509837)
(336326, 0.93509837)
(143963, 0.93509837)
(359377, 0.93509837)
(301301, 0.93509837)
(135215, 0.93509837)
(174906, 0.93509837)
(248224, 0.93509837)
(146245, 0.93509837)
(126940, 0.93509837)
(93384, 0.93509837)
(128754, 0.93509837)
(315594, 0.93509837)
(357740, 0.93509837)
(393044, 0.93509837)
(52055, 0.93509837)
(34780, 0.93509837)
(325025, 0.93509837)
(257618, 0.93509837)
(300011, 0.93509837)
(153291, 0.93509837)
(47588, 0.93509837)
(301474, 0.93509837)
(384579, 0.93509837)
(255600, 0.93509837)
(239564, 0.93509837)
(293617, 0.93509837)
(149451, 0.93509149)
(7895, 0.93509149)
(59989, 0.93509149)
(116889, 0.93509149)
(114455, 0.93509149)
(396137, 0.93509149)
(265649, 0.93509149)
(292375, 0.93509141)
(247772, 0.93509141)
(110650, 0.93509141)
(354490, 0.93509141)
(176110, 0.93509141)
(333465, 0.93509141)
(104754, 0.93509141)
(220399, 0.93509141)
(262970, 0.93509141)
(242042, 0.93509141)
(284276, 0.93509141)
(53905, 0.93509141)
(116080, 0.93509141)
(355773, 0.93509141)
(231355, 0.93509141)
(148592, 0.93509141)
(237096, 0.93509141)
(335905, 0.93509141)
(77851, 0.93509141)
(19923, 0.93509141)
(4701, 0.93509141)
(389643, 0.93509141)
(152668, 0.93509141)
(290127, 0.93509141)
(312687, 0.93509141)
(316040, 0.93509141)
(290094, 0.93509141)
(6893, 0.93509141)
(60025, 0.93509141)
(91630, 0.93509141)
(127328, 0.93509141)
(339374, 0.93509141)
(152040, 0.93509141)
(336348, 0.93509141)
(110744, 0.93509141)
(83702, 0.93509141)
(12537, 0.93509141)
(179997, 0.93509141)
(387667, 0.93509141)
(167673, 0.93509141)
(166085, 0.93509141)
(171495, 0.93509141)
(205480, 0.93509141)
(165259, 0.93509141)
(411218, 0.93509133)
(333946, 0.93509133)
(369542, 0.93508453)
(337603, 0.93508453)
(412440, 0.93508445)
(168173, 0.93508445)
(114223, 0.93508445)
(242217, 0.93508445)
(239896, 0.93508445)
(28692, 0.93508445)
(66863, 0.93508445)
(218057, 0.93508445)
(313649, 0.93508445)
(207570, 0.93508445)
(41119, 0.93508445)
(166158, 0.93508445)
(210800, 0.93508445)
(269787, 0.93508445)
(296630, 0.93508445)
(180369, 0.93508445)
(304832, 0.93508445)
(270343, 0.93508445)
(92781, 0.93508445)
(362595, 0.93508445)
(338938, 0.93508445)
(98208, 0.93508445)
(296610, 0.93508445)
(165280, 0.93508445)
(180361, 0.93508445)
(56667, 0.93508445)
(98728, 0.93508445)
(57683, 0.93508445)
(61116, 0.93508445)
(352146, 0.93508445)
(73927, 0.93508445)
(172755, 0.93508445)
(156565, 0.93508445)
(349310, 0.93508445)
(235596, 0.93508445)
(285377, 0.93508445)
(181676, 0.93508445)
(95643, 0.93508445)
(89345, 0.93508437)
(190080, 0.93508437)
(311099, 0.93508437)
(349260, 0.93508437)
(205874, 0.93508437)
(110356, 0.93508437)
(18294, 0.93508437)
(270103, 0.93508437)
(253061, 0.93508437)
(79603, 0.93508437)
(258547, 0.93508437)
(3677, 0.93508437)
(356178, 0.93508437)
(279779, 0.93508437)
(73678, 0.93508437)
(209346, 0.93508437)
(108498, 0.93508437)
(109212, 0.93508437)
(105182, 0.93508437)
(150782, 0.93508437)
(289884, 0.93508437)
(186375, 0.93508437)
(170686, 0.93507757)
(65078, 0.93507749)
(134469, 0.93507749)
(36949, 0.93507749)
(48668, 0.93507749)
(267778, 0.93507749)
(55924, 0.93507749)
(84213, 0.93507749)
(3105, 0.93507749)
(76538, 0.93507749)
(44787, 0.93507749)
(115047, 0.93507749)
(288767, 0.93507749)
(242366, 0.93507749)
(91155, 0.93507749)
(151745, 0.9350774)
(15375, 0.9350774)
(343800, 0.9350774)
(130656, 0.9350774)
(292232, 0.9350774)
(114897, 0.9350774)
(5367, 0.9350774)
(96050, 0.9350774)
(19064, 0.9350774)
(169729, 0.9350774)
(139845, 0.9350774)
(304336, 0.9350774)
(166796, 0.9350774)
(64405, 0.9350774)
(85478, 0.9350774)
(396906, 0.9350774)
(390740, 0.9350774)
(401507, 0.93507732)
(43820, 0.93507732)
(313056, 0.93507732)
(314785, 0.93507044)
(150332, 0.93507044)
(319597, 0.93507044)
(273918, 0.93507044)
(158931, 0.93507044)
(70147, 0.93507044)
(75393, 0.93507044)
(48031, 0.93507044)
(66218, 0.93507036)
(131094, 0.93507036)
(36373, 0.93506348)
(401259, 0.9350634)
(175346, 0.9350634)
(73732, 0.93506332)
(38684, 0.93505644)
(173574, 0.93504931)
(180199, 0.93394991)
(250280, 0.93394287)
(222267, 0.93394287)
(124920, 0.93393591)
(93727, 0.93393591)
(330870, 0.93393591)
(336440, 0.93393591)
(158690, 0.93393591)
(19239, 0.93393591)
(192470, 0.93393591)
(187220, 0.93393591)
(403031, 0.93393591)
(164765, 0.93393591)
(165342, 0.93393591)
(116168, 0.93393591)
(99144, 0.93393591)
(64973, 0.93393591)
(161013, 0.93393591)
(277207, 0.93393591)
(57353, 0.93393591)
(170443, 0.93393591)
(251092, 0.93393591)
(330214, 0.93393591)
(34220, 0.93393591)
(250012, 0.93393591)
(39102, 0.93393591)
(69079, 0.93392894)
(13567, 0.93392894)
(212624, 0.93392894)
(240706, 0.93392894)
(187178, 0.93392894)
(191646, 0.93392894)
(225118, 0.93392894)
(214172, 0.93392894)
(84087, 0.93392894)
(318731, 0.93392894)
(162284, 0.93392894)
(88506, 0.93392894)
(6196, 0.93392894)
(171853, 0.93392894)
(401826, 0.93392894)
(96732, 0.93392894)
(303580, 0.93392894)
(246014, 0.93392894)
(248711, 0.93392894)
(94792, 0.93392894)
(236379, 0.93392894)
(51715, 0.93392894)
(54169, 0.93392894)
(123302, 0.93392894)
(12026, 0.93392894)
(315218, 0.93392894)
(312544, 0.93392894)
(233267, 0.93392894)
(46372, 0.93392894)
(122970, 0.93392894)
(60431, 0.93392894)
(239525, 0.93392886)
(340146, 0.93392886)
(358193, 0.93392886)
(220772, 0.93392886)
(395970, 0.93392886)
(216093, 0.93392886)
(287824, 0.93392198)
(132211, 0.93392198)
(365671, 0.93392198)
(212292, 0.93392198)
(21658, 0.93392198)
(36760, 0.93392198)
(376506, 0.93392198)
(395312, 0.93392198)
(406439, 0.93392198)
(38555, 0.93392198)
(351923, 0.93392198)
(361511, 0.93392198)
(20878, 0.93392198)
(248256, 0.93392198)
(225304, 0.93392198)
(378161, 0.93392198)
(392113, 0.93392198)
(255882, 0.93392198)
(407952, 0.93392198)
(65141, 0.93392198)
(232299, 0.93392198)
(103231, 0.93392198)
(391217, 0.93392198)
(243444, 0.93392198)
(306460, 0.93392198)
(4707, 0.93392198)
(234620, 0.93392198)
(96920, 0.93392198)
(332620, 0.93392198)
(7257, 0.93392198)
(230567, 0.93392198)
(121549, 0.93392198)
(401635, 0.93392198)
(20515, 0.93392198)
(152169, 0.9339219)
(154733, 0.9339219)
(349901, 0.9339219)
(239430, 0.9339219)
(171762, 0.9339219)
(256358, 0.9339219)
(194979, 0.9339219)
(226996, 0.9339219)
(349623, 0.9339219)
(81487, 0.9339219)
(318001, 0.9339219)
(294335, 0.9339219)
(32333, 0.9339219)
(99356, 0.9339219)
(56800, 0.9339219)
(319864, 0.9339219)
(63274, 0.9339219)
(85122, 0.9339219)
(408114, 0.9339219)
(147826, 0.9339219)
(94902, 0.9339219)
(326237, 0.9339219)
(322880, 0.9339219)
(10819, 0.9339219)
(26895, 0.9339219)
(48844, 0.9339219)
(204665, 0.9339219)
(63630, 0.9339219)
(167678, 0.9339219)
(276278, 0.9339219)
(136650, 0.9339219)
(195925, 0.93391502)
(356484, 0.93391502)
(374406, 0.93391502)
(287679, 0.93391502)
(7769, 0.93391502)
(334810, 0.93391502)
(71586, 0.93391502)
(122811, 0.93391502)
(303663, 0.93391502)
(146807, 0.93391502)
(188387, 0.93391494)
(243947, 0.93391494)
(67194, 0.93391494)
(36985, 0.93391494)
(158008, 0.93391494)
(224848, 0.93391494)
(272861, 0.93391494)
(395535, 0.93391494)
(337463, 0.93391494)
(140499, 0.93391494)
(156112, 0.93391494)
(270235, 0.93391494)
(12045, 0.93391494)
(32592, 0.93391494)
(299183, 0.93391494)
(353236, 0.93391494)
(2146, 0.93391494)
(380970, 0.93391494)
(147185, 0.93391494)
(124771, 0.93391494)
(10682, 0.93391494)
(393105, 0.93391494)
(67227, 0.93391494)
(406606, 0.93391494)
(315075, 0.93391494)
(141263, 0.93391494)
(101442, 0.93391494)
(336687, 0.93391494)
(254102, 0.93391494)
(322497, 0.93391494)
(412624, 0.93391494)
(101444, 0.93391494)
(56679, 0.93391494)
(111921, 0.93391494)
(29048, 0.93391494)
(118807, 0.93391494)
(331512, 0.93391494)
(356703, 0.93391494)
(220348, 0.93391494)
(120751, 0.93391494)
(250780, 0.93391494)
(376770, 0.93391494)
(261084, 0.93391494)
(182329, 0.93391494)
(48002, 0.93391494)
(284608, 0.93391494)
(244261, 0.93391494)
(294600, 0.93391494)
(297072, 0.93391486)
(24180, 0.93391486)
(55008, 0.93391486)
(92168, 0.93391486)
(377295, 0.93391486)
(115190, 0.93391486)
(12171, 0.93391486)
(399250, 0.93391486)
(197040, 0.93390806)
(20069, 0.93390806)
(147011, 0.93390806)
(328247, 0.93390806)
(326964, 0.93390806)
(179990, 0.93390806)
(211788, 0.93390806)
(210004, 0.93390806)
(37273, 0.93390798)
(144313, 0.93390798)
(328410, 0.93390798)
(146277, 0.93390798)
(233215, 0.93390798)
(159952, 0.93390798)
(206948, 0.93390798)
(392162, 0.93390798)
(183761, 0.93390798)
(85018, 0.93390798)
(400736, 0.93390798)
(252876, 0.93390798)
(344949, 0.93390798)
(69494, 0.93390798)
(87121, 0.93390798)
(286395, 0.93390798)
(102803, 0.93390798)
(357339, 0.93390798)
(112479, 0.93390798)
(98184, 0.93390798)
(188259, 0.93390798)
(412313, 0.93390798)
(232030, 0.93390798)
(348390, 0.93390798)
(265149, 0.93390798)
(331293, 0.93390798)
(379533, 0.93390798)
(297683, 0.93390798)
(65672, 0.93390798)
(4383, 0.93390798)
(162941, 0.93390798)
(123550, 0.93390798)
(191947, 0.93390798)
(356214, 0.93390798)
(323112, 0.93390798)
(398032, 0.93390798)
(135686, 0.93390798)
(216787, 0.93390789)
(275819, 0.93390789)
(240610, 0.93390789)
(53057, 0.93390789)
(42649, 0.93390789)
(295799, 0.93390789)
(139646, 0.93390789)
(375550, 0.93390789)
(297707, 0.93390789)
(40961, 0.93390789)
(343694, 0.93390789)
(406157, 0.93390789)
(384554, 0.93390789)
(320619, 0.93390789)
(83966, 0.93390789)
(10309, 0.93390789)
(3612, 0.93390789)
(406857, 0.93390789)
(400780, 0.93390789)
(304410, 0.93390789)
(305041, 0.93390789)
(26808, 0.93390789)
(330561, 0.93390789)
(268891, 0.93390789)
(53913, 0.93390789)
(352275, 0.93390102)
(157040, 0.93390102)
(30330, 0.93390102)
(370990, 0.93390102)
(334780, 0.93390102)
(418898, 0.93390102)
(341257, 0.93390102)
(172258, 0.93390102)
(364716, 0.93390102)
(48598, 0.93390102)
(136411, 0.93390093)
(274837, 0.93390093)
(27356, 0.93390093)
(90668, 0.93390093)
(264883, 0.93390093)
(299304, 0.93390093)
(257533, 0.93390093)
(100960, 0.93390093)
(338866, 0.93390093)
(145642, 0.93390093)
(78647, 0.93390093)
(321984, 0.93390093)
(150020, 0.93390093)
(376853, 0.93390093)
(142379, 0.93390093)
(239555, 0.93390093)
(19754, 0.93390093)
(317587, 0.93390093)
(401714, 0.93390093)
(281745, 0.93390093)
(85676, 0.93390093)
(17101, 0.93390093)
(244569, 0.93390093)
(313086, 0.93390085)
(225034, 0.93389414)
(77360, 0.93389405)
(310135, 0.93389405)
(232691, 0.93389405)
(128762, 0.93389405)
(311015, 0.93389397)
(188281, 0.93389397)
(238208, 0.93389397)
(371794, 0.93389397)
(95756, 0.93389397)
(146223, 0.93389397)
(108081, 0.93389397)
(281170, 0.93389397)
(39517, 0.93389397)
(147319, 0.93389397)
(248542, 0.93389397)
(415170, 0.93389397)
(59011, 0.93389397)
(345780, 0.93389397)
(113285, 0.93389397)
(33638, 0.93389389)
(160240, 0.93389389)
(416159, 0.93389389)
(122702, 0.93389389)
(353602, 0.93389389)
(237373, 0.93388701)
(384878, 0.93388701)
(400955, 0.93388701)
(291856, 0.93388701)
(260208, 0.93388701)
(98437, 0.93388701)
(50547, 0.93388701)
(405749, 0.93388693)
(52209, 0.93388693)
(96229, 0.93388693)
(85196, 0.93388693)
(64992, 0.93388693)
(57693, 0.93388684)
(415365, 0.93388005)
(250723, 0.93387997)
(310604, 0.93387988)
(419740, 0.93386588)
(270334, 0.9327664)
(75998, 0.9327664)
(40182, 0.9327664)
(89139, 0.9327664)
(229711, 0.93275944)
(402151, 0.93275944)
(126179, 0.93275944)
(167917, 0.93275944)
(306486, 0.93275944)
(360678, 0.93275944)
(258618, 0.93275944)
(198343, 0.93275944)
(15754, 0.93275944)
(172739, 0.93275944)
(216611, 0.93275944)
(395289, 0.93275944)
(154741, 0.93275944)
(28188, 0.93275944)
(416478, 0.93275247)
(100821, 0.93275247)
(375373, 0.93275247)
(245608, 0.93275247)
(417861, 0.93275247)
(344063, 0.93275247)
(375892, 0.93275247)
(112122, 0.93275247)
(66240, 0.93275247)
(294091, 0.93275247)
(395851, 0.93275247)
(20738, 0.93275247)
(158305, 0.93275247)
(36134, 0.93275247)
(256942, 0.93275247)
(412357, 0.93275247)
(134109, 0.93275247)
(239965, 0.93275247)
(126175, 0.93275247)
(217300, 0.93275247)
(196871, 0.93275239)
(310613, 0.93275239)
(74997, 0.93275239)
(273751, 0.93275239)
(109513, 0.93275239)
(102252, 0.93274551)
(191208, 0.93274551)
(265300, 0.93274551)
(200790, 0.93274551)
(378431, 0.93274551)
(168906, 0.93274551)
(5649, 0.93274551)
(253029, 0.93274551)
(3245, 0.93274551)
(112299, 0.93274551)
(205004, 0.93274551)
(287464, 0.93274551)
(415493, 0.93274551)
(305482, 0.93274551)
(74854, 0.93274551)
(112949, 0.93274551)
(42801, 0.93274551)
(54439, 0.93274551)
(109474, 0.93274551)
(105978, 0.93274551)
(277504, 0.93274551)
(163098, 0.93274551)
(284051, 0.93274551)
(271148, 0.93274551)
(312305, 0.93274551)
(32848, 0.93274551)
(202139, 0.93274551)
(148897, 0.93274551)
(114511, 0.93274551)
(89784, 0.93274551)
(123314, 0.93274551)
(322644, 0.93274551)
(341576, 0.93274551)
(331383, 0.93274551)
(394372, 0.93274543)
(358589, 0.93274543)
(333446, 0.93274543)
(33273, 0.93274543)
(384806, 0.93274543)
(267204, 0.93274543)
(87852, 0.93274543)
(243, 0.93274543)
(194855, 0.93274543)
(79366, 0.93274543)
(332677, 0.93274543)
(361706, 0.93274543)
(49038, 0.93274543)
(367629, 0.93274543)
(51455, 0.93274543)
(412943, 0.93274543)
(204975, 0.93274543)
(388466, 0.93274543)
(418426, 0.93274543)
(226987, 0.93274543)
(152188, 0.93274543)
(280434, 0.93274543)
(396161, 0.93274543)
(80431, 0.93274543)
(409823, 0.93273855)
(191381, 0.93273855)
(123327, 0.93273855)
(56917, 0.93273855)
(362920, 0.93273855)
(372932, 0.93273855)
(96330, 0.93273855)
(73051, 0.93273855)
(85045, 0.93273855)
(133884, 0.93273855)
(218976, 0.93273855)
(414544, 0.93273855)
(352002, 0.93273855)
(378577, 0.93273855)
(83309, 0.93273855)
(385997, 0.93273855)
(193087, 0.93273855)
(387477, 0.93273855)
(343261, 0.93273855)
(240297, 0.93273855)
(166206, 0.93273855)
(398406, 0.93273855)
(78465, 0.93273855)
(227582, 0.93273847)
(405663, 0.93273847)
(26024, 0.93273847)
(149295, 0.93273847)
(135923, 0.93273847)
(341318, 0.93273847)
(88180, 0.93273847)
(314484, 0.93273847)
(361239, 0.93273847)
(259813, 0.93273847)
(87602, 0.93273847)
(530, 0.93273847)
(192710, 0.93273847)
(17227, 0.93273847)
(191284, 0.93273847)
(234574, 0.93273847)
(180377, 0.93273847)
(246076, 0.93273847)
(135879, 0.93273847)
(211757, 0.93273847)
(13560, 0.93273847)
(409681, 0.93273847)
(359997, 0.93273847)
(286267, 0.93273847)
(94082, 0.93273847)
(108497, 0.93273847)
(330639, 0.93273847)
(381189, 0.93273847)
(241627, 0.93273847)
(16445, 0.93273847)
(216101, 0.93273847)
(417745, 0.93273839)
(401527, 0.93273839)
(10354, 0.93273839)
(379865, 0.93273839)
(144306, 0.93273839)
(72939, 0.93273839)
(172616, 0.93273159)
(259058, 0.93273159)
(129860, 0.93273159)
(324296, 0.93273159)
(269518, 0.93273159)
(14127, 0.93273159)
(110166, 0.93273159)
(113481, 0.93273159)
(339959, 0.93273159)
(156516, 0.93273151)
(296691, 0.93273151)
(62827, 0.93273151)
(402035, 0.93273151)
(333916, 0.93273151)
(102257, 0.93273151)
(158791, 0.93273151)
(92017, 0.93273151)
(406343, 0.93273151)
(50374, 0.93273151)
(164436, 0.93273151)
(395977, 0.93273151)
(282271, 0.93273151)
(172274, 0.93273151)
(395051, 0.93273151)
(156027, 0.93273151)
(7071, 0.93273151)
(145502, 0.93273151)
(26764, 0.93273151)
(325770, 0.93273151)
(167920, 0.93273151)
(263396, 0.93273151)
(292264, 0.93273151)
(406080, 0.93273151)
(229029, 0.93273151)
(288354, 0.93273151)
(96216, 0.93273151)
(29858, 0.93273151)
(340104, 0.93273151)
(182452, 0.93273151)
(207151, 0.93273151)
(316315, 0.93273151)
(226211, 0.93273142)
(279030, 0.93273142)
(150129, 0.93273142)
(371107, 0.93273142)
(163323, 0.93273142)
(311304, 0.93273142)
(247393, 0.93273142)
(275244, 0.93273142)
(272281, 0.93273142)
(363914, 0.93273142)
(389941, 0.93273142)
(94000, 0.93273142)
(315389, 0.93273142)
(312241, 0.93273142)
(410295, 0.93273142)
(88543, 0.93273142)
(253414, 0.93273142)
(203348, 0.93273142)
(369982, 0.93273142)
(105072, 0.93273142)
(161035, 0.93273142)
(91002, 0.93273142)
(322198, 0.93272463)
(197288, 0.93272463)
(405883, 0.93272455)
(79383, 0.93272455)
(30755, 0.93272455)
(226046, 0.93272455)
(308636, 0.93272455)
(42414, 0.93272455)
(3361, 0.93272455)
(381228, 0.93272455)
(320708, 0.93272455)
(161130, 0.93272455)
(78583, 0.93272455)
(223403, 0.93272455)
(28474, 0.93272455)
(339879, 0.93272455)
(23258, 0.93272455)
(217312, 0.93272455)
(165015, 0.93272455)
(157295, 0.93272455)
(288338, 0.93272455)
(406257, 0.93272455)
(247797, 0.93272455)
(256827, 0.93272455)
(158765, 0.93272446)
(251989, 0.93272446)
(336915, 0.93272446)
(360527, 0.93272446)
(198796, 0.93272446)
(208002, 0.93272446)
(106562, 0.93272446)
(392315, 0.93272446)
(53340, 0.93272446)
(251169, 0.93272446)
(169116, 0.93272446)
(90673, 0.93272446)
(35805, 0.93272446)
(240851, 0.93272446)
(25159, 0.93272446)
(147575, 0.93272446)
(394852, 0.93272446)
(273429, 0.93272446)
(372722, 0.93272446)
(137553, 0.93272446)
(217152, 0.93272446)
(24708, 0.93272446)
(298291, 0.93272446)
(19901, 0.93272446)
(150144, 0.93272446)
(239071, 0.93272446)
(262024, 0.93272446)
(192332, 0.93272446)
(86347, 0.93272438)
(204009, 0.93271767)
(296340, 0.93271758)
(258348, 0.93271758)
(371045, 0.93271758)
(303583, 0.93271758)
(238798, 0.93271758)
(59978, 0.93271758)
(372756, 0.93271758)
(53111, 0.93271758)
(237618, 0.93271758)
(125123, 0.93271758)
(379443, 0.93271758)
(100310, 0.9327175)
(250414, 0.9327175)
(34644, 0.9327175)
(138454, 0.9327175)
(180769, 0.9327175)
(297484, 0.9327175)
(305947, 0.9327175)
(171269, 0.9327175)
(305262, 0.9327175)
(49181, 0.9327175)
(336407, 0.9327175)
(279483, 0.9327175)
(158995, 0.9327175)
(320044, 0.9327175)
(321194, 0.9327175)
(262045, 0.9327175)
(136774, 0.9327175)
(182561, 0.9327175)
(142802, 0.9327175)
(310981, 0.9327175)
(209618, 0.9327175)
(221154, 0.93271742)
(300026, 0.93271742)
(151646, 0.93271742)
(309246, 0.93271742)
(165387, 0.93271742)
(340565, 0.93271742)
(220784, 0.93271742)
(336529, 0.93271742)
(33470, 0.93271062)
(189300, 0.93271062)
(115042, 0.93271054)
(120502, 0.93271054)
(390051, 0.93271054)
(65799, 0.93271054)
(105540, 0.93271054)
(130793, 0.93271054)
(286087, 0.93271054)
(216149, 0.93271054)
(384063, 0.93271054)
(349746, 0.93271054)
(338967, 0.93271054)
(66797, 0.93271054)
(361949, 0.93271054)
(275493, 0.93271054)
(354585, 0.93271046)
(326797, 0.93271046)
(56856, 0.93271046)
(41116, 0.93271046)
(131442, 0.93271046)
(221379, 0.93271046)
(8708, 0.93271046)
(405534, 0.93271046)
(327881, 0.93271046)
(350265, 0.93271046)
(294884, 0.93271046)
(396837, 0.93271046)
(119073, 0.93271046)
(305072, 0.93271046)
(132334, 0.93271037)
(357136, 0.93270358)
(227184, 0.9327035)
(186980, 0.9327035)
(368288, 0.9327035)
(405965, 0.9327035)
(173226, 0.93270341)
(89072, 0.93270341)
(160134, 0.93270341)
(309037, 0.93269653)
(260517, 0.93269645)
(81541, 0.93269645)
(363740, 0.93269645)
(231946, 0.93269645)
(398454, 0.93268949)
(350208, 0.93268941)
(296618, 0.93158993)
(383423, 0.93158305)
(323050, 0.93158296)
(310897, 0.93158296)
(309781, 0.93158296)
(371932, 0.93157609)
(137804, 0.931576)
(280272, 0.931576)
(147433, 0.931576)
(168802, 0.931576)
(94561, 0.931576)
(262511, 0.931576)
(152992, 0.931576)
(66703, 0.931576)
(50764, 0.931576)
(92834, 0.931576)
(285442, 0.931576)
(346956, 0.931576)
(401096, 0.931576)
(214855, 0.931576)
(226200, 0.931576)
(71905, 0.931576)
(75869, 0.931576)
(251008, 0.93157592)
(43848, 0.93157592)
(414214, 0.93157592)
(272859, 0.93157592)
(82026, 0.93156904)
(227208, 0.93156904)
(54290, 0.93156904)
(340478, 0.93156904)
(245492, 0.93156904)
(373341, 0.93156904)
(400855, 0.93156904)
(4334, 0.93156904)
(412587, 0.93156904)
(411906, 0.93156904)
(230863, 0.93156904)
(340515, 0.93156904)
(126184, 0.93156904)
(6668, 0.93156904)
(69798, 0.93156904)
(28999, 0.93156904)
(117641, 0.93156904)
(31041, 0.93156904)
(308084, 0.93156904)
(6337, 0.93156904)
(305026, 0.93156896)
(364261, 0.93156896)
(300067, 0.93156896)
(120874, 0.93156896)
(258953, 0.93156896)
(383866, 0.93156896)
(278364, 0.93156896)
(139534, 0.93156896)
(172965, 0.93156896)
(257896, 0.93156896)
(104468, 0.93156896)
(132588, 0.93156896)
(386968, 0.93156896)
(16935, 0.93156896)
(261235, 0.93156896)
(59780, 0.93156208)
(364788, 0.93156208)
(400715, 0.93156208)
(304511, 0.93156208)
(412781, 0.93156208)
(288235, 0.93156208)
(378276, 0.93156208)
(248786, 0.93156208)
(240513, 0.93156208)
(54308, 0.93156208)
(333905, 0.93156208)
(407459, 0.93156208)
(172583, 0.93156208)
(267324, 0.93156208)
(62873, 0.93156208)
(107697, 0.93156208)
(94905, 0.931562)
(73470, 0.931562)
(369038, 0.931562)
(284866, 0.931562)
(131716, 0.931562)
(91616, 0.931562)
(43268, 0.931562)
(302387, 0.931562)
(294770, 0.931562)
(142633, 0.931562)
(144267, 0.931562)
(302829, 0.931562)
(38608, 0.931562)
(82247, 0.931562)
(297328, 0.931562)
(294460, 0.931562)
(315314, 0.931562)
(102306, 0.931562)
(244688, 0.931562)
(234117, 0.931562)
(30271, 0.931562)
(172147, 0.931562)
(344020, 0.931562)
(367541, 0.931562)
(331374, 0.931562)
(246261, 0.931562)
(14923, 0.931562)
(231711, 0.931562)
(181626, 0.931562)
(78524, 0.931562)
(207645, 0.931562)
(49284, 0.931562)
(412322, 0.931562)
(362138, 0.931562)
(332483, 0.931562)
(239995, 0.931562)
(399332, 0.93156191)
(320128, 0.93155512)
(46595, 0.93155512)
(7926, 0.93155512)
(10131, 0.93155512)
(93753, 0.93155512)
(366198, 0.93155512)
(417194, 0.93155512)
(367109, 0.93155512)
(45508, 0.93155512)
(88003, 0.93155504)
(217065, 0.93155504)
(89366, 0.93155504)
(32701, 0.93155504)
(5998, 0.93155504)
(225086, 0.93155504)
(372616, 0.93155504)
(114955, 0.93155504)
(324649, 0.93155504)
(249481, 0.93155504)
(269739, 0.93155504)
(370005, 0.93155504)
(191255, 0.93155504)
(230718, 0.93155504)
(283800, 0.93155504)
(102217, 0.93155504)
(347246, 0.93155504)
(308883, 0.93155504)
(33700, 0.93155504)
(213279, 0.93155504)
(81643, 0.93155504)
(399971, 0.93155504)
(118398, 0.93155504)
(260006, 0.93155504)
(117648, 0.93155504)
(50645, 0.93155504)
(144537, 0.93155504)
(168170, 0.93155504)
(175808, 0.93155504)
(238886, 0.93155504)
(231585, 0.93155504)
(38780, 0.93155504)
(170364, 0.93155504)
(114554, 0.93155504)
(169271, 0.93155504)
(375735, 0.93155495)
(359497, 0.93155495)
(400484, 0.93155495)
(268236, 0.93155495)
(145967, 0.93155495)
(192498, 0.93155495)
(284006, 0.93155495)
(391636, 0.93155495)
(56726, 0.93155495)
(193743, 0.93155495)
(130710, 0.93155495)
(17513, 0.93155495)
(300220, 0.93155495)
(131688, 0.93155495)
(115595, 0.93155495)
(56212, 0.93154816)
(324334, 0.93154816)
(373195, 0.93154816)
(270329, 0.93154807)
(55591, 0.93154807)
(360587, 0.93154807)
(407203, 0.93154807)
(112043, 0.93154807)
(8080, 0.93154807)
(296028, 0.93154807)
(371901, 0.93154807)
(255932, 0.93154807)
(418421, 0.93154807)
(116464, 0.93154807)
(71161, 0.93154807)
(96007, 0.93154807)
(31825, 0.93154807)
(13714, 0.93154807)
(94699, 0.93154807)
(75037, 0.93154807)
(200295, 0.93154807)
(341143, 0.93154807)
(227437, 0.93154807)
(145680, 0.93154807)
(252770, 0.93154807)
(57446, 0.93154807)
(368398, 0.93154807)
(275773, 0.93154807)
(63019, 0.93154807)
(312408, 0.93154807)
(389215, 0.93154807)
(228236, 0.93154807)
(246064, 0.93154799)
(203150, 0.93154799)
(184697, 0.93154799)
(419132, 0.93154799)
(94556, 0.93154799)
(200798, 0.93154799)
(58193, 0.93154799)
(132924, 0.93154799)
(354482, 0.93154799)
(220791, 0.93154799)
(229361, 0.93154799)
(246114, 0.93154799)
(412126, 0.93154799)
(188630, 0.93154799)
(278633, 0.93154799)
(313386, 0.93154799)
(20559, 0.93154799)
(216072, 0.93154799)
(215532, 0.93154799)
(118416, 0.93154799)
(257679, 0.93154799)
(218353, 0.93154799)
(350836, 0.93154799)
(78547, 0.93154799)
(302190, 0.93154799)
(416145, 0.93154799)
(73933, 0.93154799)
(45873, 0.93154799)
(8515, 0.93154799)
(366119, 0.93154799)
(29778, 0.93154799)
(386932, 0.93154799)
(84280, 0.93154799)
(274285, 0.93154799)
(291220, 0.93154799)
(177828, 0.93154799)
(334815, 0.93154799)
(371789, 0.93154799)
(271109, 0.93154799)
(209394, 0.93154799)
(257048, 0.93154799)
(49849, 0.93154791)
(354223, 0.9315412)
(203987, 0.9315412)
(190539, 0.93154111)
(60862, 0.93154111)
(397330, 0.93154111)
(138300, 0.93154111)
(219994, 0.93154111)
(344185, 0.93154111)
(175088, 0.93154111)
(235765, 0.93154111)
(99668, 0.93154111)
(383046, 0.93154111)
(104254, 0.93154111)
(239239, 0.93154111)
(61333, 0.93154111)
(401167, 0.93154111)
(149501, 0.93154111)
(141754, 0.93154111)
(171683, 0.93154111)
(42584, 0.93154103)
(76173, 0.93154103)
(274421, 0.93154103)
(88333, 0.93154103)
(87769, 0.93154103)
(19854, 0.93154103)
(150606, 0.93154103)
(398288, 0.93154103)
(333736, 0.93154103)
(395405, 0.93154103)
(195369, 0.93154103)
(412707, 0.93154103)
(275100, 0.93154103)
(124702, 0.93154103)
(92895, 0.93154103)
(336338, 0.93154103)
(102391, 0.93154103)
(305884, 0.93154103)
(100293, 0.93154103)
(55750, 0.93154103)
(282647, 0.93154103)
(414399, 0.93154103)
(385461, 0.93154103)
(350006, 0.93154103)
(250060, 0.93154103)
(5830, 0.93154103)
(125126, 0.93154103)
(72953, 0.93154103)
(381941, 0.93154103)
(112466, 0.93154095)
(24749, 0.93154095)
(17467, 0.93154095)
(52583, 0.93154095)
(79213, 0.93154095)
(403801, 0.93154095)
(29718, 0.93154095)
(347741, 0.93154095)
(34515, 0.93153415)
(155228, 0.93153407)
(39946, 0.93153407)
(179850, 0.93153407)
(392335, 0.93153407)
(280787, 0.93153407)
(171479, 0.93153407)
(79714, 0.93153407)
(264347, 0.93153407)
(163490, 0.93153407)
(279816, 0.93153407)
(294529, 0.93153407)
(379261, 0.93153407)
(21788, 0.93153407)
(305776, 0.93153407)
(292653, 0.93153407)
(100375, 0.93153407)
(92526, 0.93153407)
(147744, 0.93153407)
(18036, 0.93153407)
(143017, 0.93153407)
(146699, 0.93153407)
(49885, 0.93153407)
(244681, 0.93153399)
(334387, 0.93153399)
(26951, 0.93153399)
(114595, 0.93153399)
(224518, 0.93153399)
(171529, 0.93153399)
(44675, 0.93153399)
(298610, 0.93153399)
(105459, 0.93153399)
(122323, 0.93153399)
(156728, 0.93153399)
(92201, 0.93153399)
(153868, 0.93153399)
(242571, 0.93153399)
(256671, 0.93153399)
(194733, 0.93152719)
(285720, 0.93152719)
(267095, 0.93152711)
(380301, 0.93152711)
(192231, 0.93152703)
(84274, 0.93152703)
(61827, 0.93152703)
(83180, 0.93152703)
(258649, 0.93152703)
(149430, 0.93152703)
(102408, 0.93152703)
(58034, 0.93152694)
(13457, 0.93152694)
(88551, 0.93152694)
(382834, 0.93152694)
(169481, 0.93152015)
(402710, 0.93152006)
(136653, 0.93152006)
(335232, 0.93152006)
(396449, 0.93152006)
(91116, 0.93152006)
(43044, 0.93151998)
(332881, 0.93151998)
(95937, 0.93151998)
(8772, 0.93151998)
(297592, 0.9315131)
(355047, 0.93151302)
(117159, 0.93151302)
(37575, 0.93151302)
(308349, 0.93150606)
(317419, 0.93150598)
(120971, 0.93149918)
(297677, 0.93149901)
(29187, 0.93149197)
(11207, 0.9304205)
(103625, 0.93041346)
(376430, 0.93040649)
(132581, 0.93040649)
(331686, 0.93040649)
(30795, 0.93040649)
(320015, 0.93039953)
(250597, 0.93039953)
(105899, 0.93039953)
(215612, 0.93039953)
(341870, 0.93039953)
(151615, 0.93039953)
(201960, 0.93039953)
(396820, 0.93039953)
(74659, 0.93039953)
(363480, 0.93039953)
(21690, 0.93039945)
(8076, 0.93039945)
(264995, 0.93039257)
(146062, 0.93039257)
(333545, 0.93039257)
(383656, 0.93039257)
(137245, 0.93039257)
(129721, 0.93039257)
(108545, 0.93039257)
(292246, 0.93039257)
(328107, 0.93039257)
(375830, 0.93039249)
(169985, 0.93039249)
(408610, 0.93039249)
(349202, 0.93039249)
(97434, 0.93039249)
(340537, 0.93039249)
(309125, 0.93039249)
(17126, 0.93039249)
(112352, 0.93039249)
(186406, 0.93039249)
(326390, 0.93039249)
(295139, 0.93039249)
(184075, 0.93038561)
(67954, 0.93038561)
(270491, 0.93038561)
(254613, 0.93038561)
(359729, 0.93038561)
(121013, 0.93038561)
(10939, 0.93038561)
(97129, 0.93038561)
(184027, 0.93038561)
(113718, 0.93038561)
(115714, 0.93038561)
(160983, 0.93038561)
(260434, 0.93038561)
(109520, 0.93038561)
(270075, 0.93038561)
(407032, 0.93038561)
(389414, 0.93038561)
(161298, 0.93038561)
(369807, 0.93038561)
(195253, 0.93038561)
(222343, 0.93038561)
(218890, 0.93038553)
(31938, 0.93038553)
(262306, 0.93038553)
(2982, 0.93038553)
(3959, 0.93038553)
(32226, 0.93038553)
(362192, 0.93038553)
(272640, 0.93038553)
(73854, 0.93038553)
(15144, 0.93038553)
(216908, 0.93038553)
(51162, 0.93038553)
(224202, 0.93038553)
(8482, 0.93038553)
(246597, 0.93038553)
(341372, 0.93038553)
(165267, 0.93038553)
(287465, 0.93038544)
(12161, 0.93038544)
(184197, 0.93037865)
(37630, 0.93037865)
(419050, 0.93037865)
(245501, 0.93037865)
(110394, 0.93037865)
(89928, 0.93037865)
(130438, 0.93037857)
(67917, 0.93037857)
(21766, 0.93037857)
(55818, 0.93037857)
(221416, 0.93037857)
(294212, 0.93037857)
(394577, 0.93037857)
(40664, 0.93037857)
(172785, 0.93037857)
(348062, 0.93037857)
(230022, 0.93037857)
(206032, 0.93037857)
(279454, 0.93037857)
(297353, 0.93037857)
(266680, 0.93037857)
(204791, 0.93037857)
(331503, 0.93037857)
(177712, 0.93037857)
(21462, 0.93037857)
(178829, 0.93037857)
(218723, 0.93037857)
(338138, 0.93037857)
(34665, 0.93037857)
(220327, 0.93037857)
(224576, 0.93037857)
(79091, 0.93037857)
(358614, 0.93037857)
(270107, 0.93037857)
(393901, 0.93037857)
(115427, 0.93037857)
(221911, 0.93037857)
(237890, 0.93037857)
(409007, 0.93037857)
(273300, 0.93037857)
(328606, 0.93037857)
(122874, 0.93037857)
(351365, 0.93037857)
(310824, 0.93037857)
(160379, 0.93037857)
(83253, 0.93037857)
(396409, 0.93037857)
(142333, 0.93037857)
(389213, 0.93037857)
(173846, 0.93037857)
(130816, 0.93037848)
(410259, 0.93037848)
(9145, 0.93037848)
(270666, 0.93037848)
(392301, 0.93037848)
(157856, 0.93037848)
(328138, 0.93037848)
(53136, 0.93037848)
(225878, 0.93037848)
(114197, 0.93037848)
(294143, 0.93037848)
(166520, 0.93037848)
(109570, 0.93037848)
(131906, 0.93037848)
(180889, 0.93037848)
(393018, 0.9303784)
(368653, 0.93037169)
(263754, 0.93037169)
(299218, 0.93037169)
(22398, 0.93037169)
(177203, 0.93037169)
(367433, 0.93037169)
(360144, 0.9303716)
(49185, 0.9303716)
(80528, 0.9303716)
(79953, 0.9303716)
(388834, 0.9303716)
(403709, 0.9303716)
(208103, 0.9303716)
(108004, 0.9303716)
(280844, 0.9303716)
(259378, 0.9303716)
(268941, 0.9303716)
(333897, 0.9303716)
(266030, 0.9303716)
(311275, 0.9303716)
(307428, 0.9303716)
(274001, 0.9303716)
(37799, 0.9303716)
(299528, 0.9303716)
(132503, 0.9303716)
(354164, 0.9303716)
(170856, 0.9303716)
(193217, 0.9303716)
(44086, 0.9303716)
(257859, 0.9303716)
(196921, 0.9303716)
(392081, 0.9303716)
(239281, 0.9303716)
(81702, 0.9303716)
(253302, 0.9303716)
(222527, 0.9303716)
(276390, 0.9303716)
(351390, 0.9303716)
(31394, 0.9303716)
(202324, 0.93037152)
(385035, 0.93037152)
(414937, 0.93037152)
(183477, 0.93037152)
(371490, 0.93037152)
(116612, 0.93037152)
(121376, 0.93037152)
(390049, 0.93037152)
(251785, 0.93037152)
(332344, 0.93037152)
(312849, 0.93037152)
(344058, 0.93037152)
(117873, 0.93037152)
(205243, 0.93037152)
(350340, 0.93037152)
(212314, 0.93037152)
(119331, 0.93037152)
(236021, 0.93037152)
(303784, 0.93037152)
(76497, 0.93037152)
(223458, 0.93037152)
(393086, 0.93037152)
(148939, 0.93037152)
(326005, 0.93037152)
(6901, 0.93037152)
(154381, 0.93037152)
(299834, 0.93037152)
(388125, 0.93037152)
(267985, 0.93037152)
(322012, 0.93037152)
(325101, 0.93037152)
(178314, 0.93037152)
(281040, 0.93037144)
(185309, 0.93036473)
(257128, 0.93036473)
(202752, 0.93036464)
(323862, 0.93036464)
(324926, 0.93036464)
(376618, 0.93036464)
(66011, 0.93036464)
(14033, 0.93036464)
(11468, 0.93036464)
(334328, 0.93036464)
(56211, 0.93036464)
(158507, 0.93036464)
(51306, 0.93036464)
(250948, 0.93036464)
(383342, 0.93036464)
(295979, 0.93036464)
(68908, 0.93036464)
(110513, 0.93036464)
(113338, 0.93036464)
(248506, 0.93036456)
(151020, 0.93036456)
(298072, 0.93036456)
(81739, 0.93036456)
(11972, 0.93036456)
(248308, 0.93036456)
(31010, 0.93036456)
(216609, 0.93036456)
(142446, 0.93036456)
(169422, 0.93036456)
(252792, 0.93036456)
(95421, 0.93036456)
(158455, 0.93036456)
(170854, 0.93036456)
(43274, 0.93036456)
(265658, 0.93036456)
(368838, 0.93036456)
(92825, 0.93036456)
(271930, 0.93036456)
(60160, 0.93036456)
(245169, 0.93036456)
(120123, 0.93036456)
(19041, 0.93036456)
(292025, 0.93036456)
(313250, 0.93036448)
(59451, 0.93036448)
(418408, 0.93036448)
(98464, 0.93036448)
(298396, 0.93036448)
(364014, 0.93036448)
(299707, 0.93036448)
(18161, 0.93035768)
(150957, 0.93035768)
(58279, 0.93035768)
(49264, 0.93035768)
(79746, 0.9303576)
(119668, 0.9303576)
(249379, 0.9303576)
(60356, 0.9303576)
(218230, 0.9303576)
(395640, 0.9303576)
(257446, 0.9303576)
(245454, 0.9303576)
(320234, 0.9303576)
(18835, 0.9303576)
(308956, 0.9303576)
(310466, 0.9303576)
(195460, 0.9303576)
(173060, 0.9303576)
(171670, 0.9303576)
(13289, 0.9303576)
(358066, 0.9303576)
(179022, 0.9303576)
(177856, 0.9303576)
(152264, 0.9303576)
(117314, 0.9303576)
(175942, 0.93035752)
(393871, 0.93035752)
(92057, 0.93035752)
(120841, 0.93035752)
(111447, 0.93035752)
(167085, 0.93035752)
(7505, 0.93035752)
(339220, 0.93035752)
(317658, 0.93035752)
(52065, 0.93035752)
(228142, 0.93035752)
(79988, 0.93035752)
(288454, 0.93035752)
(101678, 0.93035752)
(181948, 0.93035752)
(322464, 0.93035752)
(113195, 0.93035752)
(356344, 0.93035752)
(6809, 0.93035752)
(204300, 0.93035752)
(289495, 0.93035743)
(250323, 0.93035072)
(391409, 0.93035064)
(373010, 0.93035064)
(323366, 0.93035064)
(76374, 0.93035064)
(152567, 0.93035064)
(117252, 0.93035064)
(103235, 0.93035064)
(262541, 0.93035064)
(294844, 0.93035055)
(363857, 0.93035055)
(167765, 0.93035055)
(263397, 0.93035055)
(340197, 0.93035055)
(56359, 0.93035055)
(282111, 0.93035055)
(241076, 0.93035055)
(166772, 0.93035055)
(164672, 0.93035055)
(17308, 0.93035055)
(185805, 0.93035055)
(208055, 0.93035055)
(17671, 0.93035055)
(269000, 0.93035047)
(134239, 0.93035047)
(53030, 0.93035047)
(77003, 0.93035047)
(410627, 0.93035047)
(98561, 0.93034376)
(285759, 0.93034368)
(151696, 0.93034368)
(98805, 0.93034368)
(240520, 0.93034368)
(6479, 0.93034359)
(290593, 0.93034359)
(319679, 0.93034359)
(364229, 0.93034359)
(321761, 0.93034359)
(294023, 0.93034359)
(413671, 0.93034359)
(251610, 0.93034359)
(352223, 0.93034351)
(306279, 0.93034351)
(47774, 0.93034351)
(201576, 0.93034351)
(192212, 0.93034351)
(151067, 0.93034351)
(35423, 0.93034351)
(209546, 0.93033663)
(65319, 0.93033663)
(103047, 0.93033663)
(267161, 0.93033655)
(100716, 0.93033655)
(125132, 0.93033655)
(351649, 0.93033655)
(315621, 0.93033655)
(365687, 0.93033655)
(8261, 0.93033647)
(384015, 0.93032967)
(247568, 0.93032959)
(8937, 0.93032959)
(146332, 0.9303295)
(28821, 0.93031558)
(390626, 0.92923698)
(116476, 0.92923002)
(12260, 0.92923002)
(180540, 0.92923002)
(209527, 0.92923002)
(260033, 0.92923002)
(201489, 0.92922306)
(107316, 0.92922306)
(79479, 0.92922306)
(295004, 0.92922306)
(419425, 0.92922306)
(273727, 0.92922306)
(78488, 0.92922306)
(175180, 0.92922306)
(5475, 0.9292161)
(376101, 0.9292161)
(32530, 0.9292161)
(181494, 0.9292161)
(360413, 0.9292161)
(158844, 0.9292161)
(165198, 0.9292161)
(258438, 0.9292161)
(158582, 0.9292161)
(347256, 0.9292161)
(189536, 0.9292161)
(250835, 0.9292161)
(403354, 0.9292161)
(220177, 0.9292161)
(344233, 0.9292161)
(374358, 0.92921602)
(190594, 0.92921602)
(135040, 0.92921602)
(250620, 0.92921602)
(250731, 0.92921602)
(273947, 0.92921602)
(89921, 0.92921602)
(23211, 0.92921602)
(86192, 0.92921602)
(419929, 0.92920922)
(251559, 0.92920914)
(8927, 0.92920914)
(212652, 0.92920914)
(291968, 0.92920914)
(54463, 0.92920914)
(221576, 0.92920914)
(199163, 0.92920914)
(161699, 0.92920914)
(226749, 0.92920914)
(293390, 0.92920914)
(229381, 0.92920914)
(31213, 0.92920914)
(417301, 0.92920914)
(106289, 0.92920914)
(262944, 0.92920914)
(233837, 0.92920906)
(315312, 0.92920906)
(268437, 0.92920906)
(252096, 0.92920906)
(76291, 0.92920906)
(152334, 0.92920906)
(9268, 0.92920906)
(210630, 0.92920906)
(220767, 0.92920906)
(205393, 0.92920906)
(355293, 0.92920906)
(320587, 0.92920906)
(242376, 0.92920906)
(391182, 0.92920906)
(341589, 0.92920906)
(217324, 0.92920906)
(244686, 0.92920897)
(364979, 0.92920897)
(161137, 0.92920218)
(179207, 0.92920218)
(177453, 0.92920218)
(104684, 0.92920218)
(345010, 0.92920218)
(184224, 0.92920218)
(361758, 0.92920218)
(268953, 0.92920218)
(311445, 0.92920218)
(67437, 0.92920218)
(10352, 0.92920218)
(303881, 0.92920218)
(183227, 0.92920218)
(214106, 0.92920218)
(165079, 0.9292021)
(91900, 0.9292021)
(41531, 0.9292021)
(194820, 0.9292021)
(44838, 0.9292021)
(390272, 0.9292021)
(200925, 0.9292021)
(113179, 0.9292021)
(311455, 0.9292021)
(145813, 0.9292021)
(333315, 0.9292021)
(18648, 0.9292021)
(186632, 0.9292021)
(78749, 0.9292021)
(291809, 0.9292021)
(200351, 0.9292021)
(310447, 0.9292021)
(241574, 0.9292021)
(256001, 0.9292021)
(342931, 0.9292021)
(144543, 0.9292021)
(335112, 0.9292021)
(359587, 0.9292021)
(50612, 0.9292021)
(361321, 0.9292021)
(89129, 0.9292021)
(49697, 0.9292021)
(348876, 0.9292021)
(158540, 0.9292021)
(230881, 0.9292021)
(327434, 0.9292021)
(79283, 0.9292021)
(130036, 0.9292021)
(258362, 0.9292021)
(121027, 0.92920201)
(95329, 0.92920201)
(183130, 0.92920201)
(30848, 0.92920201)
(263191, 0.92920201)
(414443, 0.92920201)
(141817, 0.92920201)
(176166, 0.92920201)
(277507, 0.92919522)
(273422, 0.92919522)
(173038, 0.92919522)
(318662, 0.92919522)
(305839, 0.92919522)
(76803, 0.92919513)
(260715, 0.92919513)
(208043, 0.92919513)
(208310, 0.92919513)
(216871, 0.92919513)
(234445, 0.92919513)
(381699, 0.92919513)
(94414, 0.92919513)
(360356, 0.92919513)
(118843, 0.92919513)
(285001, 0.92919513)
(274910, 0.92919513)
(269146, 0.92919513)
(346105, 0.92919513)
(21915, 0.92919513)
(133773, 0.92919513)
(313161, 0.92919513)
(361610, 0.92919513)
(355415, 0.92919513)
(84616, 0.92919513)
(351775, 0.92919513)
(160713, 0.92919513)
(318253, 0.92919513)
(351143, 0.92919513)
(225220, 0.92919505)
(403308, 0.92919505)
(35604, 0.92919505)
(36640, 0.92919505)
(46539, 0.92919505)
(223228, 0.92919505)
(403320, 0.92919505)
(344263, 0.92919505)
(325229, 0.92919505)
(138929, 0.92919505)
(353184, 0.92919505)
(228885, 0.92919505)
(166098, 0.92919505)
(45552, 0.92919505)
(190926, 0.92919505)
(9856, 0.92919505)
(223139, 0.92919505)
(341673, 0.92919505)
(139457, 0.92919505)
(284845, 0.92919505)
(179443, 0.92919505)
(328128, 0.92919505)
(384035, 0.92919505)
(149989, 0.92919505)
(254062, 0.92919497)
(3807, 0.92919497)
(114348, 0.92919497)
(350635, 0.92918817)
(279653, 0.92918817)
(361079, 0.92918817)
(210711, 0.92918817)
(270622, 0.92918817)
(72127, 0.92918817)
(338371, 0.92918817)
(146690, 0.92918817)
(33071, 0.92918817)
(221727, 0.92918817)
(374795, 0.92918817)
(264020, 0.92918817)
(7618, 0.92918817)
(278749, 0.92918817)
(338969, 0.92918817)
(51794, 0.92918817)
(105450, 0.92918817)
(205396, 0.92918817)
(32900, 0.92918817)
(241950, 0.92918809)
(386469, 0.92918809)
(352953, 0.92918809)
(87106, 0.92918809)
(326544, 0.92918809)
(91635, 0.92918809)
(269141, 0.92918809)
(284968, 0.92918809)
(401383, 0.92918809)
(370899, 0.92918809)
(364764, 0.92918809)
(355087, 0.92918809)
(346611, 0.92918809)
(352287, 0.92918809)
(102475, 0.92918809)
(76346, 0.92918809)
(192322, 0.92918809)
(5525, 0.92918809)
(343444, 0.92918809)
(371197, 0.92918809)
(402828, 0.92918809)
(20356, 0.92918809)
(338936, 0.92918809)
(110940, 0.92918809)
(113726, 0.92918809)
(258855, 0.92918809)
(261293, 0.92918809)
(114634, 0.92918809)
(133637, 0.92918809)
(77353, 0.92918801)
(155274, 0.92918801)
(233962, 0.92918801)
(162152, 0.92918801)
(167435, 0.92918801)
(244808, 0.92918801)
(88836, 0.92918801)
(88171, 0.92918801)
(105996, 0.92918801)
(378823, 0.92918801)
(323574, 0.92918121)
(56241, 0.92918121)
(184971, 0.92918121)
(71777, 0.92918121)
(15600, 0.92918121)
(396977, 0.92918121)
(259517, 0.92918121)
(180365, 0.92918113)
(265884, 0.92918113)
(336199, 0.92918113)
(159181, 0.92918113)
(258632, 0.92918113)
(387244, 0.92918113)
(38924, 0.92918113)
(252085, 0.92918113)
(190452, 0.92918113)
(360435, 0.92918113)
(374695, 0.92918113)
(21002, 0.92918113)
(256691, 0.92918113)
(156974, 0.92918113)
(331422, 0.92918113)
(150109, 0.92918113)
(335587, 0.92918113)
(145820, 0.92918113)
(182857, 0.92918113)
(335108, 0.92918113)
(324434, 0.92918113)
(30057, 0.92918113)
(263389, 0.92918113)
(354369, 0.92918113)
(356468, 0.92918105)
(275923, 0.92918105)
(198445, 0.92918105)
(226707, 0.92918105)
(223425, 0.92918105)
(253874, 0.92918105)
(417557, 0.92918105)
(101034, 0.92918105)
(3974, 0.92918105)
(155796, 0.92918105)
(224607, 0.92918105)
(372103, 0.92918105)
(92129, 0.92918105)
(118830, 0.92918105)
(391652, 0.92918105)
(314095, 0.92918096)
(340911, 0.92918096)
(189950, 0.92918096)
(219674, 0.92918096)
(306425, 0.92917417)
(380720, 0.92917417)
(358230, 0.92917417)
(366874, 0.92917417)
(190730, 0.92917417)
(394120, 0.92917417)
(341607, 0.92917417)
(261864, 0.92917417)
(217407, 0.92917417)
(193736, 0.92917417)
(382407, 0.92917417)
(335593, 0.92917417)
(262988, 0.92917417)
(339550, 0.92917417)
(100877, 0.92917417)
(204355, 0.92917417)
(330445, 0.92917417)
(115722, 0.92917408)
(224875, 0.92917408)
(266247, 0.92917408)
(200997, 0.92917408)
(229477, 0.92917408)
(153652, 0.92917408)
(322978, 0.92917408)
(94799, 0.92917408)
(94438, 0.92917408)
(52537, 0.92917408)
(119563, 0.92917408)
(274436, 0.92917408)
(267391, 0.92917408)
(29036, 0.92917408)
(364720, 0.92917408)
(55115, 0.92917408)
(402463, 0.92917408)
(53830, 0.929174)
(161572, 0.929174)
(399654, 0.929174)
(197755, 0.929174)
(414060, 0.92916721)
(248682, 0.92916721)
(177527, 0.92916721)
(234178, 0.92916721)
(51189, 0.92916712)
(323673, 0.92916712)
(43154, 0.92916712)
(215519, 0.92916712)
(402374, 0.92916712)
(54696, 0.92916712)
(282812, 0.92916712)
(352717, 0.92916712)
(379429, 0.92916712)
(264030, 0.92916712)
(202536, 0.92916712)
(345368, 0.92916712)
(208060, 0.92916712)
(133523, 0.92916712)
(284691, 0.92916712)
(109969, 0.92916712)
(190550, 0.92916712)
(88577, 0.92916712)
(73699, 0.92916712)
(302054, 0.92916704)
(331688, 0.92916704)
(271762, 0.92916704)
(108309, 0.92916704)
(153260, 0.92916704)
(37706, 0.92916704)
(84313, 0.92916704)
(208673, 0.92916024)
(78124, 0.92916016)
(385608, 0.92916016)
(380803, 0.92916016)
(21599, 0.92916016)
(44772, 0.92916016)
(18222, 0.92916016)
(85242, 0.92916008)
(383338, 0.92916008)
(312311, 0.92916008)
(266799, 0.92916008)
(36854, 0.92916008)
(44594, 0.92916008)
(24375, 0.92916008)
(69566, 0.92916008)
(55799, 0.92916008)
(66993, 0.92916008)
(90209, 0.92916)
(227679, 0.92916)
(48513, 0.92915328)
(313104, 0.9291532)
(253628, 0.92915312)
(82727, 0.92915312)
(261507, 0.92915303)
(252928, 0.92915303)
(234844, 0.92915303)
(346341, 0.92914607)
(212601, 0.92914607)
(361584, 0.92913919)
(13010, 0.92913919)
(187926, 0.92911814)
(317376, 0.92806051)
(100817, 0.92805355)
(105732, 0.92804659)
(274646, 0.92804659)
(204947, 0.92804651)
(55776, 0.92803963)
(45787, 0.92803963)
(357871, 0.92803963)
(400442, 0.92803963)
(189881, 0.92803963)
(163267, 0.92803963)
(402598, 0.92803963)
(105802, 0.92803963)
(306015, 0.92803963)
(38122, 0.92803963)
(101241, 0.92803963)
(9017, 0.92803955)
(395700, 0.92803955)
(168352, 0.92803955)
(257293, 0.92803955)
(344762, 0.92803955)
(19976, 0.92803946)
(71883, 0.92803267)
(327200, 0.92803267)
(48755, 0.92803267)
(247613, 0.92803267)
(191783, 0.92803267)
(301807, 0.92803267)
(284414, 0.92803267)
(391942, 0.92803267)
(221345, 0.92803259)
(251959, 0.92803259)
(390763, 0.92803259)
(293650, 0.92803259)
(408056, 0.92803259)
(295420, 0.92803259)
(92630, 0.92803259)
(226428, 0.92803259)
(328557, 0.92803259)
(2923, 0.92803259)
(228925, 0.92803259)
(383312, 0.92803259)
(330944, 0.92803259)
(386489, 0.92803259)
(156065, 0.9280325)
(278332, 0.92802571)
(235658, 0.92802571)
(284026, 0.92802571)
(227439, 0.92802571)
(371883, 0.92802571)
(100575, 0.92802571)
(284022, 0.92802562)
(388579, 0.92802562)
(390204, 0.92802562)
(364568, 0.92802562)
(186820, 0.92802562)
(185866, 0.92802562)
(287344, 0.92802562)
(51463, 0.92802562)
(188158, 0.92802562)
(48189, 0.92802562)
(53322, 0.92802562)
(162259, 0.92802562)
(314786, 0.92802562)
(213668, 0.92802562)
(412326, 0.92802562)
(346866, 0.92802562)
(59595, 0.92802562)
(171409, 0.92802562)
(275107, 0.92802562)
(184393, 0.92802562)
(170996, 0.92802562)
(222667, 0.92802562)
(362669, 0.92802562)
(240092, 0.92802562)
(156730, 0.92802562)
(262275, 0.92802554)
(375005, 0.92802554)
(227973, 0.92802554)
(11046, 0.92802554)
(348691, 0.92802554)
(110969, 0.92802554)
(415105, 0.92802554)
(163787, 0.92802554)
(399598, 0.92802554)
(223554, 0.92802554)
(61839, 0.92802554)
(366313, 0.92801875)
(395494, 0.92801875)
(157903, 0.92801875)
(345511, 0.92801875)
(261416, 0.92801875)
(302988, 0.92801875)
(167814, 0.92801875)
(68647, 0.92801875)
(116630, 0.92801866)
(29872, 0.92801866)
(71582, 0.92801866)
(250314, 0.92801866)
(289374, 0.92801866)
(24842, 0.92801866)
(347763, 0.92801866)
(89391, 0.92801866)
(271093, 0.92801866)
(225889, 0.92801866)
(24532, 0.92801866)
(410582, 0.92801866)
(285199, 0.92801866)
(223243, 0.92801866)
(230296, 0.92801866)
(132200, 0.92801866)
(280167, 0.92801866)
(328064, 0.92801866)
(183452, 0.92801866)
(124008, 0.92801866)
(339820, 0.92801866)
(32064, 0.92801866)
(114325, 0.92801858)
(63008, 0.92801858)
(272479, 0.92801858)
(286857, 0.92801858)
(371359, 0.92801858)
(81129, 0.92801858)
(331630, 0.92801858)
(405035, 0.92801858)
(361146, 0.92801858)
(406274, 0.92801858)
(12975, 0.92801858)
(187762, 0.92801858)
(319462, 0.92801858)
(399130, 0.92801858)
(42691, 0.92801858)
(90599, 0.92801858)
(35889, 0.92801858)
(88688, 0.92801858)
(54973, 0.92801858)
(407728, 0.9280185)
(167567, 0.9280185)
(207362, 0.92801178)
(77802, 0.9280117)
(68720, 0.9280117)
(210096, 0.9280117)
(125192, 0.9280117)
(265203, 0.9280117)
(264353, 0.9280117)
(204453, 0.9280117)
(295919, 0.9280117)
(7759, 0.9280117)
(17381, 0.9280117)
(91777, 0.9280117)
(394348, 0.9280117)
(221357, 0.92801162)
(302725, 0.92801162)
(324439, 0.92801162)
(51388, 0.92801162)
(170025, 0.92801162)
(304055, 0.92801162)
(185076, 0.92801162)
(56113, 0.92801162)
(378881, 0.92801162)
(378706, 0.92801162)
(210935, 0.92801162)
(356122, 0.92801162)
(105372, 0.92801162)
(125962, 0.92801162)
(208298, 0.92801162)
(327312, 0.92801162)
(44324, 0.92801154)
(50587, 0.92801154)
(416978, 0.92801154)
(291655, 0.92801154)
(273454, 0.92801154)
(114510, 0.92801154)
(250796, 0.92801154)
(133956, 0.92801154)
(327021, 0.92800474)
(400231, 0.92800474)
(62171, 0.92800474)
(55047, 0.92800474)
(36371, 0.92800474)
(250056, 0.92800466)
(70362, 0.92800466)
(276447, 0.92800466)
(369582, 0.92800466)
(150734, 0.92800466)
(40421, 0.92800466)
(69635, 0.92800466)
(331649, 0.92800466)
(325972, 0.92800466)
(20084, 0.92800466)
(91270, 0.92800466)
(69137, 0.92800466)
(344396, 0.92800466)
(302892, 0.92800466)
(21133, 0.92800466)
(374924, 0.92800466)
(96585, 0.92800466)
(398211, 0.92800466)
(325473, 0.92800466)
(19616, 0.92800466)
(346853, 0.92800466)
(394803, 0.92800466)
(299372, 0.92800466)
(352884, 0.92800466)
(78129, 0.92800466)
(106607, 0.92800457)
(32441, 0.92800457)
(21734, 0.92800457)
(316533, 0.92800457)
(54461, 0.92800457)
(154543, 0.92800457)
(100929, 0.92800457)
(84367, 0.92800457)
(135096, 0.92800457)
(342453, 0.92800457)
(108987, 0.92800457)
(247563, 0.92800457)
(115969, 0.92800457)
(292551, 0.92800457)
(157590, 0.92800457)
(349774, 0.92800457)
(325295, 0.92800457)
(64435, 0.92799778)
(4039, 0.92799778)
(105204, 0.92799778)
(220067, 0.9279977)
(52220, 0.9279977)
(136472, 0.9279977)
(266191, 0.9279977)
(131681, 0.9279977)
(10510, 0.9279977)
(137684, 0.9279977)
(54212, 0.9279977)
(77806, 0.9279977)
(110260, 0.9279977)
(91677, 0.9279977)
(63403, 0.9279977)
(313100, 0.9279977)
(254494, 0.9279977)
(274281, 0.9279977)
(26531, 0.9279977)
(349722, 0.9279977)
(124640, 0.9279977)
(319534, 0.9279977)
(25110, 0.9279977)
(142901, 0.9279977)
(72916, 0.9279977)
(193241, 0.9279977)
(310929, 0.9279977)
(243860, 0.92799761)
(97841, 0.92799761)
(2145, 0.92799761)
(76926, 0.92799761)
(415411, 0.92799761)
(337174, 0.92799761)
(90966, 0.92799761)
(108361, 0.92799761)
(336177, 0.92799761)
(152580, 0.92799761)
(94020, 0.92799761)
(292966, 0.92799761)
(232649, 0.92799761)
(417986, 0.92799761)
(161495, 0.92799761)
(411368, 0.92799761)
(417719, 0.92799761)
(344015, 0.92799753)
(156966, 0.92799753)
(311151, 0.92799753)
(161807, 0.92799753)
(110436, 0.92799082)
(284244, 0.92799082)
(214763, 0.92799082)
(52697, 0.92799073)
(22936, 0.92799073)
(24278, 0.92799073)
(318327, 0.92799073)
(56943, 0.92799073)
(413564, 0.92799073)
(276055, 0.92799073)
(269174, 0.92799073)
(311556, 0.92799073)
(326240, 0.92799065)
(396103, 0.92799065)
(277233, 0.92799065)
(255392, 0.92799065)
(29582, 0.92799065)
(55506, 0.92799065)
(312811, 0.92799065)
(350669, 0.92799065)
(346973, 0.92799065)
(57266, 0.92799065)
(305256, 0.92799065)
(248885, 0.92799065)
(333424, 0.92799057)
(384213, 0.92799057)
(203660, 0.92799057)
(147697, 0.92799057)
(214864, 0.92799057)
(375041, 0.92799057)
(287972, 0.92799057)
(237959, 0.92799057)
(180643, 0.92799057)
(257569, 0.92799057)
(97696, 0.92799057)
(414732, 0.92798377)
(89478, 0.92798377)
(89, 0.92798377)
(256399, 0.92798369)
(309683, 0.92798369)
(184111, 0.92798369)
(144999, 0.92798369)
(153321, 0.92798369)
(54761, 0.92798369)
(146715, 0.92798369)
(406068, 0.92798369)
(112309, 0.92798361)
(316129, 0.92798361)
(275731, 0.92798361)
(216828, 0.92798361)
(199497, 0.92798361)
(28539, 0.92798361)
(308238, 0.92798361)
(284704, 0.92798361)
(418974, 0.92798352)
(330855, 0.92798352)
(33362, 0.92797673)
(120206, 0.92797673)
(272011, 0.92797665)
(59698, 0.92797665)
(260770, 0.92797665)
(355616, 0.92797656)
(86703, 0.92797656)
(375782, 0.92796968)
(173943, 0.92796968)
(356010, 0.92796968)
(142904, 0.9279696)
(321910, 0.9279696)
(306974, 0.9279696)
(96304, 0.9279696)
(254905, 0.92796281)
(229722, 0.92796272)
(252753, 0.92796264)
(339035, 0.92795568)
(391394, 0.92794167)
(155834, 0.92688404)
(370442, 0.92687012)
(368351, 0.92687012)
(260796, 0.92687004)
(68571, 0.92686316)
(238561, 0.92686316)
(240580, 0.92686316)
(2574, 0.92686316)
(217026, 0.92686316)
(200127, 0.92686316)
(108733, 0.92686316)
(116096, 0.92686308)
(274619, 0.92686308)
(85345, 0.92686308)
(300257, 0.92686308)
(51655, 0.9268562)
(122299, 0.9268562)
(56164, 0.9268562)
(342823, 0.92685612)
(186518, 0.92685612)
(314996, 0.92685612)
(99591, 0.92685612)
(267268, 0.92685612)
(11056, 0.92685612)
(236146, 0.92685612)
(309096, 0.92685612)
(63636, 0.92685612)
(330581, 0.92685612)
(266994, 0.92685612)
(162809, 0.92685612)
(159756, 0.92685603)
(23601, 0.92684924)
(221111, 0.92684924)
(386453, 0.92684924)
(76990, 0.92684924)
(96646, 0.92684924)
(10187, 0.92684924)
(76119, 0.92684924)
(149954, 0.92684924)
(209470, 0.92684915)
(283094, 0.92684915)
(286853, 0.92684915)
(257652, 0.92684915)
(378890, 0.92684915)
(81383, 0.92684915)
(235665, 0.92684915)
(158354, 0.92684915)
(149777, 0.92684915)
(313054, 0.92684915)
(221812, 0.92684907)
(330094, 0.92684907)
(273017, 0.92684907)
(373522, 0.92684907)
(143851, 0.92684228)
(87386, 0.92684228)
(307769, 0.92684228)
(172033, 0.92684228)
(67650, 0.92684219)
(65334, 0.92684219)
(83349, 0.92684219)
(126739, 0.92684219)
(383797, 0.92684219)
(349621, 0.92684219)
(178767, 0.92684219)
(282637, 0.92684219)
(333039, 0.92684219)
(47849, 0.92684219)
(156166, 0.92684219)
(249313, 0.92684219)
(194867, 0.92684219)
(107845, 0.92684219)
(374177, 0.92684219)
(74647, 0.92684219)
(326199, 0.92684219)
(354420, 0.92684211)
(56806, 0.92684211)
(89130, 0.92684211)
(286794, 0.92684211)
(106654, 0.92684211)
(340679, 0.92684211)
(111486, 0.92684203)
(57152, 0.92684203)
(127870, 0.92683531)
(95871, 0.92683531)
(334084, 0.92683531)
(356574, 0.92683523)
(112944, 0.92683523)
(378786, 0.92683523)
(296922, 0.92683523)
(296175, 0.92683523)
(257830, 0.92683523)
(165125, 0.92683523)
(188658, 0.92683523)
(380763, 0.92683523)
(5479, 0.92683523)
(105243, 0.92683523)
(334513, 0.92683523)
(79320, 0.92683523)
(392280, 0.92683523)
(400122, 0.92683523)
(91332, 0.92683515)
(87693, 0.92683515)
(240874, 0.92683515)
(372457, 0.92683515)
(107770, 0.92683515)
(200588, 0.92683515)
(138523, 0.92683515)
(20497, 0.92683515)
(342767, 0.92683515)
(57528, 0.92683515)
(191061, 0.92683515)
(160269, 0.92683515)
(386308, 0.92683515)
(170017, 0.92683515)
(111008, 0.92683515)
(339939, 0.92683507)
(23919, 0.92683507)
(27045, 0.92683507)
(6280, 0.92683507)
(379857, 0.92683507)
(387042, 0.92683507)
(73099, 0.92682835)
(370751, 0.92682827)
(209717, 0.92682827)
(357011, 0.92682827)
(400870, 0.92682827)
(371568, 0.92682827)
(230169, 0.92682827)
(331234, 0.92682819)
(284618, 0.92682819)
(98099, 0.92682819)
(111836, 0.92682819)
(408329, 0.92682819)
(334664, 0.92682819)
(63898, 0.92682819)
(206450, 0.92682819)
(319512, 0.92682819)
(250707, 0.92682819)
(264775, 0.92682819)
(1371, 0.92682819)
(301307, 0.92682819)
(374889, 0.92682819)
(157831, 0.92682819)
(111962, 0.92682819)
(390385, 0.92682819)
(258318, 0.92682819)
(216033, 0.92682819)
(272535, 0.92682819)
(209288, 0.92682819)
(239415, 0.9268281)
(5598, 0.9268281)
(180783, 0.9268281)
(407314, 0.9268281)
(54729, 0.9268281)
(384982, 0.9268281)
(339944, 0.9268281)
(315444, 0.9268281)
(199832, 0.9268281)
(319653, 0.9268281)
(203839, 0.9268281)
(353847, 0.9268281)
(271689, 0.9268281)
(314465, 0.9268281)
(55420, 0.9268281)
(288277, 0.9268281)
(56416, 0.9268281)
(416192, 0.9268281)
(75093, 0.9268281)
(107561, 0.92682802)
(133649, 0.92682139)
(318721, 0.92682131)
(163906, 0.92682131)
(315806, 0.92682123)
(259217, 0.92682123)
(348495, 0.92682123)
(408167, 0.92682123)
(173740, 0.92682123)
(387548, 0.92682123)
(18051, 0.92682123)
(19301, 0.92682123)
(384782, 0.92682123)
(160082, 0.92682123)
(398644, 0.92682123)
(335732, 0.92682123)
(177189, 0.92682123)
(328774, 0.92682123)
(246351, 0.92682123)
(98154, 0.92682123)
(253267, 0.92682123)
(205826, 0.92682123)
(367224, 0.92682123)
(377897, 0.92682114)
(220318, 0.92682114)
(157651, 0.92682114)
(230689, 0.92682114)
(409139, 0.92682114)
(373759, 0.92682114)
(14647, 0.92682114)
(356759, 0.92682114)
(237072, 0.92682114)
(105911, 0.92682114)
(294491, 0.92682114)
(190097, 0.92682114)
(347559, 0.92682114)
(179234, 0.92682114)
(352026, 0.92682114)
(391148, 0.92682114)
(275807, 0.92682114)
(75539, 0.92682114)
(346674, 0.92682114)
(418997, 0.92682114)
(392290, 0.92682114)
(29999, 0.92682114)
(259784, 0.92682114)
(235912, 0.92682114)
(250217, 0.92682114)
(383930, 0.92682106)
(378612, 0.92682106)
(410995, 0.92682106)
(168423, 0.92682106)
(73161, 0.92682106)
(215746, 0.92681435)
(247593, 0.92681435)
(223969, 0.92681426)
(146638, 0.92681426)
(335297, 0.92681426)
(69543, 0.92681426)
(39758, 0.92681426)
(341829, 0.92681426)
(133114, 0.92681426)
(347803, 0.92681426)
(168397, 0.92681418)
(18030, 0.92681418)
(222306, 0.92681418)
(85031, 0.92681418)
(334193, 0.92681418)
(293657, 0.92681418)
(58595, 0.92681418)
(280042, 0.92681418)
(179230, 0.92681418)
(159830, 0.92681418)
(176657, 0.92681418)
(55662, 0.92681418)
(296466, 0.92681418)
(402630, 0.92681418)
(338942, 0.92681418)
(87724, 0.92681418)
(202116, 0.92681418)
(385039, 0.92681418)
(97639, 0.9268141)
(188898, 0.9268141)
(37740, 0.9268141)
(216887, 0.9268141)
(219935, 0.9268141)
(11042, 0.9268141)
(107798, 0.92680739)
(378225, 0.9268073)
(22108, 0.92680722)
(425, 0.92680722)
(136318, 0.92680722)
(87578, 0.92680722)
(305996, 0.92680722)
(197051, 0.92680722)
(210835, 0.92680714)
(253365, 0.92680714)
(420314, 0.92680714)
(90694, 0.92680714)
(333199, 0.92680705)
(186558, 0.92680705)
(214439, 0.92680705)
(357572, 0.92680034)
(345098, 0.92680026)
(198576, 0.92680026)
(156693, 0.92680026)
(283001, 0.92680026)
(98492, 0.92680026)
(410560, 0.92680026)
(372849, 0.92680018)
(278306, 0.92680018)
(117155, 0.92680018)
(118697, 0.92680018)
(62350, 0.92680018)
(345071, 0.92680018)
(174669, 0.92680018)
(97212, 0.92680018)
(274856, 0.92680009)
(414397, 0.92680009)
(75017, 0.9267933)
(380866, 0.92679321)
(357229, 0.92679321)
(385600, 0.92679321)
(249108, 0.92679321)
(410433, 0.92679321)
(321437, 0.92679313)
(34460, 0.92679313)
(135974, 0.92679313)
(271099, 0.92679313)
(269435, 0.92678625)
(363325, 0.92678625)
(301821, 0.92678617)
(222019, 0.92678617)
(305945, 0.92678617)
(69597, 0.92677913)
(366940, 0.92676512)
(201132, 0.92570766)
(299395, 0.92570757)
(336281, 0.92569365)
(74895, 0.92568669)
(9968, 0.92568669)
(343593, 0.92568669)
(45789, 0.92568669)
(89519, 0.92568669)
(344457, 0.92568669)
(341295, 0.92568661)
(386612, 0.92567973)
(362520, 0.92567973)
(249541, 0.92567973)
(227607, 0.92567973)
(297845, 0.92567973)
(137166, 0.92567973)
(20629, 0.92567973)
(399553, 0.92567964)
(297122, 0.92567964)
(187736, 0.92567964)
(271811, 0.92567964)
(369535, 0.92567277)
(355929, 0.92567277)
(353193, 0.92567268)
(205538, 0.92567268)
(403973, 0.92567268)
(156417, 0.92567268)
(47549, 0.92567268)
(120870, 0.92567268)
(134532, 0.92567268)
(288202, 0.92567268)
(100191, 0.92567268)
(210589, 0.92567268)
(319549, 0.92567268)
(313493, 0.92567268)
(274633, 0.92567268)
(59454, 0.92567268)
(338147, 0.92567268)
(38862, 0.92567268)
(303729, 0.92567268)
(216401, 0.92567268)
(141436, 0.9256726)
(299900, 0.9256726)
(127984, 0.9256726)
(242934, 0.9256726)
(182640, 0.9256726)
(127666, 0.9256726)
(300716, 0.9256658)
(65604, 0.9256658)
(216852, 0.92566572)
(182306, 0.92566572)
(261526, 0.92566572)
(54740, 0.92566572)
(373214, 0.92566572)
(201418, 0.92566572)
(397806, 0.92566572)
(75281, 0.92566572)
(282239, 0.92566572)
(229794, 0.92566572)
(122541, 0.92566572)
(1058, 0.92566572)
(244618, 0.92566572)
(365297, 0.92566572)
(275308, 0.92566564)
(267224, 0.92566564)
(19297, 0.92566564)
(273022, 0.92566564)
(251747, 0.92566564)
(296320, 0.92566564)
(70475, 0.92566564)
(299329, 0.92566564)
(311846, 0.92566564)
(195402, 0.92566564)
(87350, 0.92566564)
(404330, 0.92566564)
(195063, 0.92566564)
(244935, 0.92566564)
(16808, 0.92566564)
(59172, 0.92565884)
(199158, 0.92565884)
(102725, 0.92565884)
(52561, 0.92565876)
(138996, 0.92565876)
(168897, 0.92565876)
(61800, 0.92565876)
(167823, 0.92565876)
(415702, 0.92565876)
(159804, 0.92565868)
(156298, 0.92565868)
(323501, 0.92565868)
(279765, 0.92565868)
(327100, 0.92565868)
(368257, 0.92565868)
(170196, 0.92565868)
(231618, 0.92565868)
(301775, 0.92565868)
(150049, 0.92565868)
(338560, 0.92565868)
(281850, 0.92565868)
(212117, 0.92565868)
(212249, 0.92565868)
(417529, 0.92565868)
(377419, 0.92565868)
(317571, 0.92565868)
(295889, 0.92565859)
(140269, 0.92565859)
(186476, 0.92565859)
(363830, 0.92565859)
(10785, 0.9256518)
(273417, 0.9256518)
(323957, 0.9256518)
(78355, 0.9256518)
(297460, 0.9256518)
(367073, 0.9256518)
(313601, 0.9256518)
(702, 0.9256518)
(51834, 0.9256518)
(398588, 0.9256518)
(299103, 0.9256518)
(157365, 0.9256518)
(310859, 0.92565172)
(152222, 0.92565172)
(11802, 0.92565172)
(264292, 0.92565172)
(2693, 0.92565172)
(150183, 0.92565172)
(25222, 0.92565172)
(396353, 0.92565172)
(279615, 0.92565172)
(379400, 0.92565172)
(77042, 0.92565172)
(294943, 0.92565172)
(329515, 0.92565172)
(91648, 0.92565172)
(82764, 0.92565172)
(305098, 0.92565172)
(404104, 0.92565172)
(387064, 0.92565172)
(316909, 0.92565172)
(19857, 0.92565172)
(190294, 0.92565172)
(10151, 0.92565172)
(17565, 0.92565172)
(312234, 0.92565163)
(286932, 0.92565163)
(150222, 0.92565163)
(43671, 0.92565163)
(230775, 0.92565163)
(228628, 0.92565163)
(95503, 0.92565163)
(110066, 0.92565163)
(284591, 0.92565163)
(296380, 0.92565163)
(113991, 0.92565163)
(100450, 0.92565163)
(327669, 0.92565163)
(239538, 0.92565163)
(25503, 0.92565163)
(49064, 0.92565163)
(79411, 0.92565163)
(174029, 0.92565163)
(60759, 0.92565155)
(131415, 0.92565155)
(347513, 0.92564484)
(148578, 0.92564484)
(317041, 0.92564484)
(399037, 0.92564475)
(76222, 0.92564475)
(296778, 0.92564475)
(86396, 0.92564475)
(406696, 0.92564475)
(90468, 0.92564475)
(301118, 0.92564475)
(188556, 0.92564475)
(228102, 0.92564475)
(365629, 0.92564475)
(179761, 0.92564475)
(420347, 0.92564475)
(292679, 0.92564475)
(214161, 0.92564475)
(133008, 0.92564475)
(49345, 0.92564475)
(378283, 0.92564467)
(328647, 0.92564467)
(128928, 0.92564467)
(346848, 0.92564467)
(92289, 0.92564467)
(296339, 0.92564467)
(11576, 0.92564467)
(166376, 0.92564467)
(7718, 0.92564467)
(182234, 0.92564467)
(19739, 0.92564467)
(64987, 0.92564467)
(23695, 0.92564467)
(287020, 0.92564467)
(26830, 0.92564467)
(18973, 0.92564467)
(386364, 0.92564467)
(26671, 0.92564467)
(173013, 0.92564459)
(210795, 0.92564459)
(262960, 0.92564459)
(95466, 0.92563788)
(162075, 0.92563779)
(13344, 0.92563779)
(373268, 0.92563779)
(54348, 0.92563779)
(27939, 0.92563779)
(211310, 0.92563779)
(114276, 0.92563779)
(348322, 0.92563771)
(242212, 0.92563771)
(394154, 0.92563771)
(277186, 0.92563771)
(201424, 0.92563771)
(107539, 0.92563771)
(355834, 0.92563771)
(52974, 0.92563771)
(183792, 0.92563771)
(417764, 0.92563771)
(370284, 0.92563771)
(418525, 0.92563771)
(388416, 0.92563771)
(259991, 0.92563771)
(374431, 0.92563771)
(41641, 0.92563771)
(17038, 0.92563771)
(30464, 0.92563763)
(316795, 0.92563763)
(390427, 0.92563763)
(133500, 0.92563763)
(56609, 0.92563763)
(117507, 0.92563083)
(289115, 0.92563083)
(405793, 0.92563075)
(111087, 0.92563075)
(340185, 0.92563075)
(199117, 0.92563075)
(291609, 0.92563075)
(147392, 0.92563075)
(387807, 0.92563067)
(357633, 0.92563067)
(92101, 0.92563067)
(176757, 0.92563067)
(418264, 0.92563067)
(143053, 0.92563067)
(45431, 0.92563067)
(179055, 0.92562387)
(308240, 0.92562379)
(409587, 0.92562379)
(224787, 0.92562379)
(5344, 0.92562379)
(66414, 0.92562379)
(153709, 0.92562379)
(393946, 0.92562371)
(278267, 0.92562371)
(188420, 0.92562371)
(274695, 0.92562371)
(291501, 0.92562371)
(233774, 0.92562371)
(142886, 0.92562371)
(17060, 0.92562371)
(305979, 0.92562362)
(15992, 0.92562362)
(47973, 0.92562362)
(380759, 0.92562362)
(357962, 0.92562362)
(128281, 0.92562362)
(333756, 0.92562362)
(374869, 0.92561683)
(139145, 0.92561683)
(214932, 0.92561683)
(254745, 0.92561683)
(387301, 0.92561683)
(188847, 0.92561683)
(286973, 0.92561674)
(105502, 0.92561674)
(350193, 0.92561666)
(290004, 0.92561666)
(267516, 0.92561666)
(254123, 0.92561666)
(304352, 0.92561658)
(399363, 0.92560987)
(99403, 0.9256097)
(74990, 0.9256097)
(189828, 0.9256097)
(127535, 0.92560274)
(408545, 0.92560274)
(394626, 0.92560266)
(398520, 0.92560266)
(301244, 0.92560266)
(41441, 0.92559578)
(313199, 0.92559569)
(248856, 0.92559569)
(52558, 0.92559569)
(256153, 0.92557481)
(113786, 0.92452422)
(111096, 0.92452414)
(93581, 0.92451718)
(166034, 0.92451022)
(299578, 0.92451014)
(213829, 0.92451014)
(173956, 0.92451005)
(229382, 0.92450326)
(196066, 0.92450326)
(399675, 0.92450326)
(398102, 0.92450326)
(237874, 0.92450326)
(112586, 0.92450317)
(360840, 0.92450317)
(98839, 0.92450317)
(300546, 0.92450317)
(362990, 0.92450317)
(257309, 0.92450309)
(80051, 0.9244963)
(219576, 0.9244963)
(338805, 0.9244963)
(271168, 0.9244963)
(76555, 0.92449621)
(81131, 0.92449621)
(264371, 0.92449621)
(337060, 0.92449621)
(111105, 0.92449621)
(257017, 0.92449621)
(385616, 0.92449621)
(48973, 0.92449621)
(89900, 0.92449621)
(322256, 0.92449621)
(166619, 0.92449621)
(59908, 0.92449621)
(378925, 0.92449621)
(340700, 0.92449613)
(112992, 0.92449613)
(244223, 0.92449613)
(161922, 0.92448933)
(322684, 0.92448933)
(62557, 0.92448925)
(153117, 0.92448925)
(328418, 0.92448925)
(285771, 0.92448925)
(369084, 0.92448925)
(291703, 0.92448925)
(160398, 0.92448925)
(311049, 0.92448925)
(18656, 0.92448917)
(118575, 0.92448917)
(52411, 0.92448917)
(176840, 0.92448917)
(314468, 0.92448917)
(273998, 0.92448917)
(297902, 0.92448917)
(150741, 0.92448917)
(400530, 0.92448917)
(80680, 0.92448909)
(363814, 0.92448909)
(373851, 0.92448909)
(3253, 0.92448229)
(95170, 0.92448229)
(280125, 0.92448229)
(51473, 0.92448229)
(183610, 0.92448229)
(243138, 0.92448229)
(137232, 0.92448229)
(349934, 0.92448229)
(86749, 0.92448229)
(88971, 0.92448229)
(115316, 0.92448229)
(80352, 0.92448229)
(183093, 0.92448229)
(218291, 0.92448221)
(360956, 0.92448221)
(122602, 0.92448221)
(28547, 0.92448221)
(227835, 0.92448221)
(94006, 0.92448221)
(247350, 0.92448221)
(73023, 0.92448221)
(40304, 0.92448221)
(128788, 0.92448221)
(96888, 0.92448221)
(345442, 0.92448212)
(93743, 0.92448212)
(412547, 0.92448212)
(153074, 0.92448212)
(234832, 0.92447541)
(85891, 0.92447541)
(56915, 0.92447533)
(129050, 0.92447533)
(228814, 0.92447533)
(265685, 0.92447533)
(175462, 0.92447533)
(130258, 0.92447533)
(36435, 0.92447525)
(18540, 0.92447525)
(416948, 0.92447525)
(27480, 0.92447525)
(136965, 0.92447525)
(89913, 0.92447525)
(287570, 0.92447525)
(389406, 0.92447525)
(128242, 0.92447525)
(416267, 0.92447525)
(161851, 0.92447525)
(159388, 0.92447525)
(114064, 0.92447525)
(156247, 0.92447525)
(183362, 0.92447525)
(297338, 0.92447525)
(3311, 0.92447516)
(82286, 0.92447516)
(174044, 0.92447516)
(57497, 0.92447516)
(367289, 0.92447516)
(335169, 0.92447516)
(79762, 0.92446837)
(411474, 0.92446837)
(327793, 0.92446837)
(330248, 0.92446837)
(75741, 0.92446828)
(144463, 0.92446828)
(103998, 0.92446828)
(239731, 0.92446828)
(208519, 0.92446828)
(61394, 0.92446828)
(180924, 0.92446828)
(40339, 0.92446828)
(153763, 0.92446828)
(110623, 0.92446828)
(221760, 0.92446828)
(248079, 0.92446828)
(276838, 0.92446828)
(98263, 0.9244682)
(367710, 0.9244682)
(332628, 0.9244682)
(24939, 0.9244682)
(18124, 0.9244682)
(210463, 0.9244682)
(102999, 0.9244682)
(218023, 0.9244682)
(122610, 0.9244682)
(419714, 0.9244682)
(204982, 0.9244682)
(9276, 0.9244682)
(390248, 0.9244682)
(85799, 0.9244682)
(315467, 0.9244682)
(21125, 0.9244682)
(79046, 0.92446812)
(161887, 0.92446812)
(244700, 0.92446812)
(159299, 0.92446812)
(25321, 0.92446812)
(229494, 0.92446812)
(151799, 0.92446812)
(280474, 0.92446141)
(297630, 0.92446141)
(133029, 0.92446141)
(92804, 0.92446132)
(160676, 0.92446132)
(70461, 0.92446132)
(198663, 0.92446132)
(419182, 0.92446132)
(355195, 0.92446132)
(167815, 0.92446132)
(78296, 0.92446132)
(114401, 0.92446132)
(311449, 0.92446132)
(328782, 0.92446132)
(300655, 0.92446124)
(86407, 0.92446124)
(18038, 0.92446124)
(396872, 0.92446124)
(26964, 0.92446124)
(407448, 0.92446124)
(305535, 0.92446124)
(412232, 0.92446124)
(253041, 0.92446124)
(131545, 0.92446124)
(106880, 0.92446124)
(368123, 0.92446124)
(413011, 0.92446124)
(340528, 0.92446124)
(162747, 0.92446124)
(57171, 0.92446124)
(401084, 0.92446124)
(146371, 0.92446116)
(293649, 0.92446116)
(146047, 0.92446116)
(372408, 0.92446116)
(113497, 0.92446116)
(165171, 0.92446116)
(212575, 0.92446116)
(113778, 0.92446116)
(229588, 0.92445444)
(416649, 0.92445436)
(411099, 0.92445436)
(21736, 0.92445436)
(339784, 0.92445428)
(254538, 0.92445428)
(138608, 0.92445428)
(210850, 0.92445428)
(77314, 0.92445428)
(172827, 0.92445428)
(243978, 0.92445428)
(344856, 0.92445428)
(47696, 0.92445428)
(189920, 0.92445428)
(270616, 0.92445428)
(386549, 0.92445428)
(98192, 0.92445428)
(270995, 0.92445428)
(57600, 0.9244542)
(46580, 0.9244542)
(18276, 0.9244542)
(36035, 0.9244542)
(319250, 0.9244542)
(9021, 0.9244542)
(106664, 0.9244542)
(412600, 0.9244542)
(347753, 0.9244542)
(322555, 0.9244542)
(159569, 0.9244542)
(321100, 0.92445411)
(347805, 0.9244474)
(235677, 0.92444732)
(367545, 0.92444732)
(274443, 0.92444732)
(369319, 0.92444732)
(313477, 0.92444732)
(95997, 0.92444732)
(81979, 0.92444732)
(412873, 0.92444723)
(194356, 0.92444723)
(105066, 0.92444723)
(49289, 0.92444723)
(229275, 0.92444723)
(305516, 0.92444723)
(115331, 0.92444723)
(318177, 0.92444715)
(73063, 0.92444715)
(316670, 0.92444715)
(151513, 0.92444715)
(72803, 0.92444715)
(246205, 0.92444027)
(415110, 0.92444027)
(662, 0.92444027)
(261660, 0.92444027)
(113039, 0.92444027)
(101626, 0.92444019)
(118369, 0.92444019)
(44491, 0.92444019)
(10169, 0.92444019)
(420085, 0.92444019)
(76634, 0.92444019)
(365242, 0.92443331)
(234583, 0.92443331)
(295247, 0.92443331)
(219309, 0.92443323)
(329021, 0.92443323)
(416825, 0.92443323)
(91446, 0.92443323)
(386492, 0.92443315)
(365338, 0.92442627)
(145086, 0.92442627)
(209691, 0.92442627)
(348942, 0.92442618)
(129726, 0.92441931)
(411493, 0.92441931)
(187885, 0.92441922)
(128401, 0.92441922)
(140846, 0.92441922)
(213106, 0.92440522)
(354734, 0.92334071)
(155884, 0.92334071)
(392919, 0.92333375)
(35103, 0.92333375)
(78351, 0.92333366)
(185734, 0.92332679)
(334228, 0.92332679)
(207232, 0.9233267)
(144674, 0.9233267)
(207797, 0.9233267)
(227592, 0.9233267)
(282666, 0.92331982)
(196858, 0.92331982)
(246748, 0.92331974)
(236263, 0.92331974)
(156792, 0.92331974)
(276868, 0.92331966)
(331045, 0.92331286)
(3990, 0.92331278)
(272658, 0.92331278)
(319983, 0.92331278)
(121934, 0.92331278)
(385633, 0.92331278)
(260849, 0.92331278)
(391600, 0.92331278)
(293539, 0.92331278)
(208709, 0.9233127)
(186754, 0.9233127)
(264941, 0.9233127)
(328476, 0.9233127)
(25847, 0.9233127)
(226602, 0.9233127)
(141306, 0.9233127)
(222887, 0.9233127)
(64902, 0.9233127)
(75732, 0.9233127)
(144149, 0.9233127)
(189270, 0.92331261)
(53658, 0.92330582)
(9561, 0.92330582)
(398820, 0.92330582)
(36620, 0.92330582)
(202975, 0.92330582)
(120276, 0.92330582)
(391204, 0.92330582)
(114208, 0.92330582)
(148548, 0.92330574)
(105318, 0.92330574)
(231065, 0.92330574)
(373315, 0.92330574)
(364781, 0.92330574)
(196171, 0.92330574)
(116129, 0.92330574)
(50312, 0.92330574)
(248502, 0.92330574)
(123476, 0.92330574)
(360300, 0.92330565)
(347537, 0.92330565)
(69899, 0.92329886)
(151636, 0.92329886)
(222964, 0.92329886)
(250123, 0.92329886)
(417975, 0.92329886)
(262048, 0.92329886)
(100104, 0.92329886)
(398173, 0.92329886)
(203416, 0.92329878)
(127938, 0.92329878)
(384130, 0.92329878)
(262566, 0.92329878)
(238564, 0.92329878)
(396403, 0.92329878)
(324322, 0.92329878)
(234392, 0.92329878)
(195678, 0.92329878)
(76964, 0.92329878)
(245247, 0.92329878)
(61761, 0.92329878)
(283704, 0.92329878)
(318865, 0.92329878)
(235990, 0.92329878)
(55501, 0.92329878)
(117560, 0.92329878)
(203708, 0.92329878)
(207305, 0.92329878)
(202721, 0.92329878)
(222401, 0.92329878)
(365391, 0.92329878)
(17570, 0.92329869)
(356533, 0.92329869)
(46446, 0.92329869)
(117154, 0.9232919)
(163511, 0.9232919)
(387737, 0.92329181)
(402909, 0.92329181)
(260994, 0.92329181)
(13260, 0.92329181)
(201394, 0.92329181)
(354972, 0.92329181)
(418178, 0.92329181)
(246720, 0.92329181)
(325466, 0.92329181)
(46620, 0.92329173)
(231983, 0.92329173)
(380725, 0.92329173)
(325677, 0.92329173)
(393556, 0.92329173)
(197642, 0.92329173)
(144479, 0.92329173)
(239361, 0.92329173)
(116599, 0.92329173)
(206940, 0.92329165)
(6032, 0.92328494)
(149978, 0.92328485)
(244896, 0.92328485)
(204031, 0.92328485)
(382144, 0.92328485)
(303495, 0.92328485)
(238272, 0.92328485)
(141184, 0.92328485)
(163359, 0.92328477)
(169426, 0.92328477)
(262935, 0.92328477)
(255264, 0.92328477)
(27438, 0.92328477)
(35181, 0.92328477)
(239067, 0.92328477)
(367399, 0.92328477)
(369735, 0.92328477)
(190574, 0.92328477)
(302329, 0.92328477)
(409894, 0.92328477)
(81369, 0.92328477)
(5260, 0.92328477)
(16305, 0.92328469)
(151521, 0.92328469)
(63968, 0.92328469)
(367402, 0.92328469)
(332672, 0.92328469)
(71045, 0.92328469)
(229615, 0.92327789)
(197408, 0.92327789)
(71040, 0.92327781)
(51875, 0.92327781)
(56531, 0.92327781)
(115764, 0.92327781)
(124449, 0.92327781)
(285376, 0.92327781)
(337765, 0.92327781)
(42216, 0.92327781)
(200199, 0.92327781)
(278413, 0.92327773)
(64107, 0.92327773)
(349106, 0.92327773)
(11474, 0.92327773)
(254980, 0.92327773)
(241182, 0.92327773)
(334653, 0.92327773)
(378307, 0.92327764)
(78975, 0.92327093)
(254005, 0.92327093)
(377554, 0.92327085)
(143994, 0.92327085)
(278790, 0.92327085)
(305588, 0.92327085)
(310129, 0.92327076)
(205711, 0.92327076)
(226356, 0.92327076)
(90893, 0.92327076)
(345132, 0.92327076)
(221056, 0.92327076)
(13678, 0.92327076)
(156611, 0.92327076)
(110152, 0.92327076)
(56271, 0.92327076)
(72350, 0.92327076)
(233974, 0.92327076)
(82479, 0.92327076)
(60713, 0.92327076)
(201382, 0.92327076)
(368550, 0.92327076)
(238506, 0.92327076)
(119130, 0.92327076)
(385209, 0.92327076)
(367674, 0.92327076)
(105424, 0.92327076)
(22823, 0.92327076)
(138317, 0.92327076)
(123861, 0.92327068)
(303293, 0.92326389)
(98520, 0.92326389)
(197723, 0.92326389)
(2211, 0.92326389)
(339455, 0.92326389)
(372265, 0.92326389)
(264078, 0.92326389)
(169461, 0.9232638)
(297087, 0.9232638)
(31995, 0.9232638)
(339293, 0.9232638)
(26199, 0.9232638)
(17486, 0.9232638)
(35523, 0.92326372)
(185217, 0.92326372)
(193370, 0.92326372)
(105118, 0.92326372)
(44882, 0.92326372)
(213705, 0.92326372)
(243214, 0.92326364)
(418320, 0.92326364)
(286021, 0.92325692)
(99746, 0.92325684)
(388007, 0.92325684)
(88137, 0.92325676)
(295893, 0.92325676)
(354090, 0.92325676)
(325578, 0.92325676)
(31505, 0.92325676)
(386355, 0.92325676)
(244538, 0.92325676)
(173073, 0.92325676)
(322860, 0.92325668)
(413903, 0.92324988)
(284752, 0.92324988)
(302885, 0.9232498)
(25751, 0.92324971)
(309331, 0.92324963)
(146392, 0.92324292)
(153092, 0.92324284)
(186142, 0.92324284)
(187264, 0.92324284)
(442, 0.92324275)
(397200, 0.92324275)
(92610, 0.92324267)
(73125, 0.92322883)
(316838, 0.92322179)
(159030, 0.92216424)
(154171, 0.92215719)
(135371, 0.92215719)
(349151, 0.92215719)
(302500, 0.92215719)
(105711, 0.92215032)
(400259, 0.92215032)
(352916, 0.92215032)
(236748, 0.92215023)
(96378, 0.92214327)
(247290, 0.92214327)
(78990, 0.92214327)
(10050, 0.92214327)
(79304, 0.92214319)
(390000, 0.92214319)
(113300, 0.92214319)
(4899, 0.92213639)
(57135, 0.92213639)
(339855, 0.92213631)
(133993, 0.92213631)
(359871, 0.92213631)
(327295, 0.92213631)
(197775, 0.92213631)
(186523, 0.92213623)
(318195, 0.92213623)
(128076, 0.92212935)
(69350, 0.92212935)
(68033, 0.92212935)
(145791, 0.92212935)
(166927, 0.92212935)
(81472, 0.92212927)
(118293, 0.92212927)
(230994, 0.92212927)
(360606, 0.92212927)
(350344, 0.92212927)
(300369, 0.92212927)
(343701, 0.92212927)
(378722, 0.92212927)
(382003, 0.92212918)
(388887, 0.92212247)
(184008, 0.92212239)
(66006, 0.92212239)
(73446, 0.92212239)
(46071, 0.9221223)
(324365, 0.9221223)
(412887, 0.9221223)
(381435, 0.9221223)
(149798, 0.9221223)
(419448, 0.9221223)
(53034, 0.9221223)
(245704, 0.9221223)
(8564, 0.9221223)
(23541, 0.92212222)
(43431, 0.92212222)
(58218, 0.92212222)
(375933, 0.92212222)
(221828, 0.92212222)
(131308, 0.92211543)
(343571, 0.92211534)
(151940, 0.92211534)
(337029, 0.92211534)
(17269, 0.92211534)
(153197, 0.92211534)
(83673, 0.92211534)
(184759, 0.92211534)
(194992, 0.92211526)
(265796, 0.92211526)
(106895, 0.92211526)
(274548, 0.92211526)
(389574, 0.92211526)
(55609, 0.92211526)
(342074, 0.92211526)
(267882, 0.92211526)
(32780, 0.92211526)
(235623, 0.92211526)
(18569, 0.92211526)
(298479, 0.92211526)
(226732, 0.92211526)
(142885, 0.92211526)
(325886, 0.92210855)
(218754, 0.92210846)
(176391, 0.92210838)
(305042, 0.92210838)
(363349, 0.92210838)
(27859, 0.92210838)
(396810, 0.92210838)
(321992, 0.9221083)
(381239, 0.9221083)
(47966, 0.9221083)
(375955, 0.9221083)
(317810, 0.9221083)
(238846, 0.9221083)
(207538, 0.9221083)
(198959, 0.9221083)
(73478, 0.9221083)
(123963, 0.9221083)
(8102, 0.92210822)
(168661, 0.92210142)
(65923, 0.92210142)
(169733, 0.92210142)
(357693, 0.92210142)
(197186, 0.92210142)
(60867, 0.92210142)
(21626, 0.92210142)
(188582, 0.92210134)
(225991, 0.92210134)
(191075, 0.92210134)
(346128, 0.92210134)
(281075, 0.92210134)
(169882, 0.92210134)
(251942, 0.92210134)
(390930, 0.92210134)
(81829, 0.92210134)
(171944, 0.92210134)
(318694, 0.92210134)
(259318, 0.92210134)
(235893, 0.92210134)
(361386, 0.92210134)
(4646, 0.92210134)
(316502, 0.92210134)
(82280, 0.92210125)
(104315, 0.92210125)
(123075, 0.92210125)
(178826, 0.92210125)
(263227, 0.92210125)
(292233, 0.92210125)
(290535, 0.92210125)
(154915, 0.92210125)
(124349, 0.92210125)
(40082, 0.92210125)
(396023, 0.92210125)
(202220, 0.92210125)
(398955, 0.92209446)
(43969, 0.92209438)
(229675, 0.92209438)
(346146, 0.92209438)
(176503, 0.92209438)
(337393, 0.92209429)
(401972, 0.92209429)
(321351, 0.92209429)
(265025, 0.92209429)
(288995, 0.92209429)
(50594, 0.92209429)
(317643, 0.92209429)
(206017, 0.92209429)
(147835, 0.92209429)
(174435, 0.92209429)
(122576, 0.92209429)
(273822, 0.92209429)
(38620, 0.92209429)
(417217, 0.92209421)
(332300, 0.92209421)
(42444, 0.92209421)
(271217, 0.92208741)
(257378, 0.92208741)
(369573, 0.92208741)
(322184, 0.92208741)
(378826, 0.92208733)
(327011, 0.92208733)
(272949, 0.92208733)
(245190, 0.92208733)
(138386, 0.92208733)
(221200, 0.92208733)
(3526, 0.92208733)
(82481, 0.92208733)
(5469, 0.92208733)
(182467, 0.92208725)
(85063, 0.92208725)
(147541, 0.92208725)
(128706, 0.92208725)
(417622, 0.92208725)
(415997, 0.92208725)
(332113, 0.92208725)
(386973, 0.92208725)
(13238, 0.92208725)
(211059, 0.92208045)
(11904, 0.92208037)
(113744, 0.92208037)
(289069, 0.92208037)
(52562, 0.92208029)
(140355, 0.92208029)
(323994, 0.92208029)
(143649, 0.92208029)
(215937, 0.9220802)
(392613, 0.92207341)
(307689, 0.92207333)
(148384, 0.92207324)
(159067, 0.92207324)
(22319, 0.92207324)
(255404, 0.92207324)
(119252, 0.92206645)
(325869, 0.92206637)
(236052, 0.92206628)
(296176, 0.9220594)
(205545, 0.9220594)
(403409, 0.9220594)
(202169, 0.92205932)
(146844, 0.92205932)
(179253, 0.92205924)
(150256, 0.92205924)
(12264, 0.92205236)
(381483, 0.92205236)
(223205, 0.92203139)
(224671, 0.92099465)
(158043, 0.92098785)
(76794, 0.92096688)
(213128, 0.92096672)
(143410, 0.92095984)
(342335, 0.92095984)
(95551, 0.92095984)
(47168, 0.92095984)
(54714, 0.92095984)
(153855, 0.92095984)
(317386, 0.92095984)
(332108, 0.92095976)
(136671, 0.92095976)
(310727, 0.92095296)
(297327, 0.92095296)
(396947, 0.92095288)
(196357, 0.92095288)
(83558, 0.92095288)
(203317, 0.92095288)
(138336, 0.92095288)
(402734, 0.92095288)
(134529, 0.92095288)
(363373, 0.9209528)
(216271, 0.9209528)
(89747, 0.9209528)
(162858, 0.9209528)
(146356, 0.9209528)
(77974, 0.92095271)
(98832, 0.920946)
(161672, 0.92094592)
(301599, 0.92094592)
(353846, 0.92094583)
(69001, 0.92094583)
(365684, 0.92094583)
(390876, 0.92094583)
(67083, 0.92094583)
(116420, 0.92094583)
(58747, 0.92094575)
(361817, 0.92094575)
(317753, 0.92094575)
(301688, 0.92094575)
(386265, 0.92094575)
(166382, 0.92093904)
(89243, 0.92093896)
(365095, 0.92093887)
(22540, 0.92093887)
(416697, 0.92093887)
(83019, 0.92093887)
(215837, 0.92093887)
(135965, 0.92093887)
(413889, 0.92093887)
(102055, 0.92093887)
(318637, 0.92093879)
(86734, 0.92093879)
(177502, 0.92093879)
(336784, 0.92093879)
(176335, 0.92093879)
(34690, 0.92093879)
(281009, 0.92093879)
(280995, 0.92093871)
(370163, 0.92093871)
(177222, 0.92093199)
(192663, 0.92093199)
(141972, 0.92093191)
(365773, 0.92093191)
(238609, 0.92093191)
(120858, 0.92093191)
(340986, 0.92093191)
(98787, 0.92093191)
(96881, 0.92093191)
(375985, 0.92093183)
(157169, 0.92093183)
(389955, 0.92093183)
(317894, 0.92093183)
(83873, 0.92093183)
(236398, 0.92093183)
(241224, 0.92093175)
(416189, 0.92092495)
(152231, 0.92092487)
(302641, 0.92092487)
(394077, 0.92092487)
(214753, 0.92092487)
(371685, 0.92092487)
(23786, 0.92092478)
(118622, 0.92092478)
(99303, 0.92092478)
(320372, 0.92092478)
(102347, 0.92092478)
(357415, 0.92092478)
(26214, 0.92091799)
(239161, 0.92091791)
(361442, 0.92091791)
(335933, 0.92091791)
(115069, 0.92091791)
(80643, 0.92091791)
(372466, 0.92091791)
(262705, 0.92091791)
(342261, 0.92091791)
(56397, 0.92091782)
(4050, 0.92091782)
(148251, 0.92091782)
(45115, 0.92091782)
(356622, 0.92091782)
(380904, 0.92091782)
(175052, 0.92091782)
(307661, 0.92091782)
(361032, 0.92091782)
(41495, 0.92091774)
(242562, 0.92091094)
(49608, 0.92091094)
(413139, 0.92091094)
(200545, 0.92091086)
(244890, 0.92091086)
(314750, 0.92091086)
(231903, 0.92091086)
(173466, 0.92091078)
(27878, 0.92091078)
(52382, 0.92091078)
(324874, 0.92091078)
(131273, 0.9209107)
(360953, 0.92090407)
(150470, 0.92090398)
(269506, 0.9209039)
(330672, 0.9209039)
(242689, 0.9209039)
(402323, 0.9209039)
(240860, 0.9209039)
(77205, 0.92090382)
(216584, 0.92090382)
(291672, 0.92090382)
(85477, 0.92090382)
(247024, 0.92089694)
(111565, 0.92089686)
(303557, 0.92089686)
(21890, 0.92089677)
(290361, 0.92089677)
(82034, 0.92089677)
(113510, 0.92089677)
(26407, 0.92088989)
(226095, 0.92088981)
(261666, 0.92088981)
(373799, 0.92088981)
(197420, 0.92088981)
(322146, 0.92088293)
(81954, 0.92088293)
(360148, 0.92088293)
(209763, 0.92088285)
(50449, 0.92088285)
(275469, 0.92088285)
(407721, 0.92087589)
(150633, 0.92087589)
(337897, 0.92086172)
(102595, 0.91979729)
(30596, 0.91979041)
(251617, 0.91978337)
(354825, 0.91978337)
(354025, 0.91978337)
(368051, 0.91978329)
(297730, 0.91977649)
(122949, 0.91977649)
(328950, 0.91977641)
(255532, 0.91977641)
(292166, 0.91977641)
(366810, 0.91977641)
(108613, 0.91977632)
(116230, 0.91977632)
(94250, 0.91977632)
(330947, 0.91977632)
(40728, 0.91977624)
(191876, 0.91977624)
(326775, 0.91976945)
(288157, 0.91976936)
(201806, 0.91976936)
(306105, 0.91976936)
(397259, 0.91976928)
(407675, 0.91976928)
(212271, 0.91976248)
(30399, 0.91976248)
(196623, 0.9197624)
(124589, 0.9197624)
(139752, 0.9197624)
(308416, 0.9197624)
(128654, 0.9197624)
(2136, 0.9197624)
(118972, 0.9197624)
(332521, 0.9197624)
(138591, 0.9197624)
(202884, 0.9197624)
(405251, 0.9197624)
(49656, 0.91976232)
(50028, 0.91976232)
(102644, 0.91976232)
(108453, 0.91976224)
(40857, 0.91975552)
(82119, 0.91975552)
(185753, 0.91975544)
(400076, 0.91975544)
(7753, 0.91975544)
(307373, 0.91975536)
(37776, 0.91975536)
(130312, 0.91975536)
(126853, 0.91975527)
(225466, 0.91974856)
(310833, 0.91974848)
(33311, 0.91974848)
(357256, 0.91974848)
(171454, 0.9197484)
(410810, 0.9197484)
(214885, 0.9197484)
(335114, 0.9197484)
(30567, 0.9197484)
(73654, 0.9197484)
(45452, 0.9197484)
(391262, 0.9197484)
(199913, 0.9197484)
(259933, 0.91974831)
(90271, 0.91974831)
(392339, 0.91974831)
(74371, 0.91974831)
(168210, 0.91974823)
(288655, 0.91974152)
(212566, 0.91974152)
(382689, 0.91974152)
(108596, 0.91974152)
(250485, 0.91974152)
(25665, 0.91974152)
(384804, 0.91974144)
(205935, 0.91974144)
(198995, 0.91974144)
(102461, 0.91974144)
(358437, 0.91974144)
(391867, 0.91974144)
(84746, 0.91974144)
(6620, 0.91974135)
(126089, 0.91974135)
(333495, 0.91974135)
(65819, 0.91974135)
(127270, 0.91974135)
(91467, 0.91974135)
(233100, 0.91974127)
(112505, 0.91973456)
(355911, 0.91973456)
(56293, 0.91973447)
(88336, 0.91973447)
(289195, 0.91973439)
(245850, 0.91973439)
(157970, 0.91973439)
(110592, 0.91973431)
(82009, 0.91973431)
(92230, 0.91973431)
(19241, 0.91973431)
(172772, 0.91973431)
(414008, 0.9197276)
(209809, 0.91972751)
(222752, 0.91972751)
(228468, 0.91972743)
(318396, 0.91972743)
(322826, 0.91972743)
(165886, 0.91972743)
(224981, 0.91972735)
(258776, 0.91972735)
(17837, 0.91972735)
(318632, 0.91972735)
(92826, 0.91972726)
(277670, 0.91972047)
(264767, 0.91972047)
(97774, 0.91972039)
(63159, 0.91972039)
(386086, 0.9197203)
(378975, 0.91971359)
(399370, 0.91971351)
(327735, 0.91971342)
(168909, 0.91971342)
(32070, 0.91971342)
(26253, 0.91971342)
(384150, 0.91971334)
(391896, 0.91971334)
(390145, 0.91970646)
(376656, 0.91970646)
(160926, 0.91970646)
(358709, 0.9197063)
(199788, 0.9197063)
(843, 0.9196995)
(308699, 0.9196995)
(61689, 0.91969925)
(56418, 0.91969246)
(237692, 0.91969246)
(360079, 0.91969237)
(126203, 0.91969237)
(60858, 0.91968558)
(280506, 0.91967845)
(179898, 0.91862787)
(295595, 0.9186069)
(351677, 0.91859994)
(211490, 0.91859985)
(308635, 0.91859298)
(10748, 0.91859298)
(99244, 0.91859289)
(361702, 0.91859289)
(184664, 0.91859281)
(278378, 0.91859281)
(351191, 0.91859281)
(152238, 0.91858601)
(12577, 0.91858593)
(322100, 0.91858593)
(353113, 0.91858593)
(113048, 0.91858593)
(57386, 0.91858585)
(270187, 0.91858585)
(386645, 0.91858577)
(340967, 0.91857897)
(236950, 0.91857897)
(190140, 0.91857889)
(95978, 0.9185788)
(92232, 0.9185788)
(108219, 0.91857201)
(290979, 0.91857193)
(212866, 0.91857193)
(49915, 0.91857193)
(252554, 0.91857184)
(417023, 0.91857184)
(154702, 0.91857184)
(131793, 0.91856505)
(415390, 0.91856505)
(141669, 0.91856496)
(90276, 0.91856496)
(67606, 0.91856496)
(227264, 0.91856496)
(391798, 0.91856488)
(318754, 0.9185648)
(242133, 0.9185648)
(48828, 0.9185648)
(310063, 0.91855809)
(236773, 0.91855792)
(276745, 0.91855792)
(111629, 0.91855784)
(132448, 0.91855784)
(272710, 0.91855784)
(52908, 0.91855775)
(244953, 0.91855775)
(178590, 0.91855104)
(40584, 0.91855096)
(291895, 0.91855096)
(152010, 0.91855096)
(323108, 0.91855088)
(266290, 0.91854408)
(284121, 0.918544)
(248785, 0.918544)
(351796, 0.918544)
(273052, 0.91854391)
(24031, 0.91854391)
(332227, 0.91854391)
(334080, 0.91854391)
(147585, 0.91854383)
(82989, 0.91854383)
(340838, 0.91853695)
(94972, 0.91853687)
(55925, 0.91853687)
(256246, 0.91853016)
(216452, 0.91852991)
(183688, 0.91852303)
(280734, 0.91852295)
(35611, 0.91851599)
(243264, 0.9185159)
(187909, 0.91850886)
(177533, 0.91743739)
(27350, 0.91743051)
(384506, 0.91743043)
(139648, 0.91743043)
(35084, 0.91743043)
(416485, 0.91742338)
(169056, 0.91741651)
(278700, 0.91741651)
(328094, 0.91741642)
(64886, 0.91741642)
(166421, 0.91740954)
(277661, 0.91740938)
(111670, 0.9174093)
(118880, 0.91740267)
(86633, 0.91740258)
(58482, 0.9174025)
(33210, 0.9174025)
(366339, 0.91740242)
(254739, 0.91740233)
(417097, 0.91739562)
(87722, 0.91739554)
(173590, 0.91739546)
(153615, 0.91739546)
(40705, 0.91739537)
(38250, 0.91738858)
(323446, 0.91738858)
(605, 0.91738858)
(94173, 0.91738849)
(76238, 0.91738841)
(324891, 0.91738841)
(250768, 0.91738153)
(246398, 0.91738145)
(72313, 0.91738145)
(196795, 0.91738145)
(392346, 0.91738137)
(235578, 0.91738137)
(223333, 0.91738137)
(245737, 0.91737457)
(419394, 0.91737449)
(161489, 0.91737441)
(159858, 0.91737441)
(196179, 0.91737441)
(20787, 0.91736753)
(407606, 0.91736753)
(217763, 0.91736753)
(386940, 0.91736753)
(338754, 0.91736744)
(42188, 0.91736744)
(44070, 0.91736744)
(90995, 0.91736744)
(384436, 0.91736057)
(405307, 0.91736057)
(167924, 0.91735352)
(396888, 0.91735352)
(341882, 0.91735352)
(311234, 0.91735336)
(324132, 0.91734656)
(338652, 0.91734648)
(262634, 0.91732559)
(212848, 0.91731142)
(401608, 0.91729062)
(382967, 0.91626092)
(192934, 0.916247)
(211863, 0.91624691)
(336761, 0.91624683)
(222574, 0.91624003)
(225374, 0.91623995)
(41537, 0.91623307)
(403437, 0.91623307)
(8149, 0.91623299)
(218323, 0.91622595)
(401663, 0.91622595)
(142770, 0.91622595)
(302586, 0.91621898)
(94888, 0.91621898)
(74763, 0.91621898)
(318618, 0.91621882)
(284131, 0.91621202)
(281448, 0.91621202)
(212308, 0.91621194)
(232450, 0.91621194)
(152280, 0.91621194)
(410625, 0.91620498)
(203442, 0.91620498)
(236, 0.91619818)
(240881, 0.9161981)
(276568, 0.9161981)
(399195, 0.91619802)
(35950, 0.91619802)
(27945, 0.91619802)
(10779, 0.91619802)
(196146, 0.91619793)
(160467, 0.91619793)
(173377, 0.91619089)
(41805, 0.91619089)
(181033, 0.91617705)
(321122, 0.91617705)
(132506, 0.91617688)
(186496, 0.91617009)
(353700, 0.91617009)
(297777, 0.91617009)
(276874, 0.91617001)
(136453, 0.91616305)
(190620, 0.916156)
(372196, 0.91614912)
(412461, 0.91613512)
(79312, 0.91613495)
(67026, 0.9150774)
(193257, 0.91507044)
(25861, 0.91506348)
(161286, 0.91505644)
(19125, 0.91504956)
(38760, 0.91504948)
(215864, 0.91504948)
(189871, 0.91504939)
(65579, 0.91504268)
(288144, 0.91504251)
(164585, 0.91504243)
(339210, 0.91503555)
(140599, 0.91503539)
(186930, 0.91502867)
(282293, 0.91502859)
(228902, 0.91502859)
(340021, 0.91502859)
(317112, 0.91502859)
(50452, 0.91502851)
(165175, 0.91502851)
(58065, 0.91502851)
(230818, 0.91502843)
(371755, 0.91502843)
(70344, 0.91502163)
(119589, 0.91502155)
(397801, 0.91502146)
(156431, 0.91501459)
(226257, 0.9150145)
(206382, 0.9150145)
(141308, 0.91501442)
(204739, 0.91501442)
(82323, 0.91500754)
(25342, 0.91500738)
(396481, 0.91499387)
(59088, 0.91499354)
(225853, 0.91497953)
(400262, 0.91497945)
(216292, 0.91497265)
(121608, 0.91496552)
(330225, 0.91494464)
(405605, 0.91388701)
(267184, 0.91385908)
(151754, 0.91385883)
(371589, 0.91385212)
(345203, 0.91385204)
(126032, 0.91384516)
(99786, 0.91384508)
(97830, 0.91384508)
(417885, 0.91383812)
(28701, 0.91383803)
(404744, 0.91383803)
(244649, 0.91383107)
(59679, 0.91383099)
(387230, 0.91382403)
(265310, 0.91381731)
(49990, 0.91379602)
(227149, 0.91269662)
(412861, 0.91269653)
(395141, 0.91268966)
(39955, 0.91268261)
(43874, 0.91267565)
(254825, 0.91267565)
(351219, 0.91267565)
(105261, 0.91266869)
(195265, 0.91266173)
(295890, 0.91266156)
(203449, 0.9126546)
(117850, 0.91264772)
(183967, 0.91264068)
(5393, 0.91261971)
(176861, 0.91153407)
(69500, 0.91149918)
(80681, 0.91147796)
(165912, 0.91145012)
(199443, 0.91030174)
(352886, 0.91029478)
(357949, 0.90907613)
(241779, 0.90794192)
