(359164, 0.94336864)
(254637, 0.94336864)
(121390, 0.94219217)
(340418, 0.94219217)
(279432, 0.94219217)
(405326, 0.94219217)
(279030, 0.94219217)
(338025, 0.94219217)
(253676, 0.94219217)
(280570, 0.94219217)
(185792, 0.94219217)
(159337, 0.94219217)
(19923, 0.94219217)
(84406, 0.94219217)
(247248, 0.94219217)
(267757, 0.94219217)
(30584, 0.94219217)
(231711, 0.94219217)
(212556, 0.94219217)
(334762, 0.94219217)
(7363, 0.94218521)
(92895, 0.94218521)
(109520, 0.94218521)
(41584, 0.94217824)
(146520, 0.94217816)
(193723, 0.94217816)
(187384, 0.94217816)
(167673, 0.94217816)
(157058, 0.9410157)
(270252, 0.9410157)
(240706, 0.9410157)
(417745, 0.9410157)
(59451, 0.9410157)
(217714, 0.9410157)
(176110, 0.9410157)
(82239, 0.9410157)
(247093, 0.9410157)
(341425, 0.9410157)
(336440, 0.9410157)
(252667, 0.9410157)
(346223, 0.9410157)
(333446, 0.9410157)
(292232, 0.9410157)
(245443, 0.9410157)
(148683, 0.9410157)
(210674, 0.9410157)
(372756, 0.9410157)
(63519, 0.9410157)
(234801, 0.9410157)
(17513, 0.9410157)
(214940, 0.9410157)
(388466, 0.9410157)
(286267, 0.9410157)
(391568, 0.9410157)
(126073, 0.9410157)
(67892, 0.9410157)
(296340, 0.94100873)
(13567, 0.94100873)
(215573, 0.94100873)
(310812, 0.94100873)
(334952, 0.94100873)
(370005, 0.94100873)
(79603, 0.94100873)
(74419, 0.94100873)
(322497, 0.94100873)
(167920, 0.94100873)
(292264, 0.94100873)
(203150, 0.94100169)
(340701, 0.94100169)
(187732, 0.94100169)
(153518, 0.94100169)
(318731, 0.94100169)
(208002, 0.94100169)
(63106, 0.94100169)
(53905, 0.94100169)
(317241, 0.94100169)
(406606, 0.94100169)
(338571, 0.94100169)
(145502, 0.94100169)
(115190, 0.94100169)
(21915, 0.94100169)
(362595, 0.94100169)
(110166, 0.94100169)
(352465, 0.94100169)
(165280, 0.94099473)
(33795, 0.94099473)
(273918, 0.94098769)
(340478, 0.94098072)
(123302, 0.93984619)
(299649, 0.93983923)
(5572, 0.93983923)
(92017, 0.93983923)
(413225, 0.93983923)
(306486, 0.93983923)
(375892, 0.93983923)
(182054, 0.93983923)
(349260, 0.93983923)
(343800, 0.93983923)
(289769, 0.93983923)
(309304, 0.93983923)
(124899, 0.93983923)
(73951, 0.93983923)
(257719, 0.93983923)
(249481, 0.93983923)
(343694, 0.93983923)
(185050, 0.93983923)
(187220, 0.93983923)
(412313, 0.93983923)
(110990, 0.93983923)
(130156, 0.93983923)
(39308, 0.93983923)
(273751, 0.93983923)
(296610, 0.93983923)
(343333, 0.93983923)
(272871, 0.93983923)
(258237, 0.93983923)
(364068, 0.93983923)
(333754, 0.93983923)
(117641, 0.93983923)
(292089, 0.93983923)
(280434, 0.93983923)
(179603, 0.93983923)
(156516, 0.93983226)
(149451, 0.93983226)
(333916, 0.93983226)
(154733, 0.93983226)
(149295, 0.93983226)
(371045, 0.93983226)
(110650, 0.93983226)
(99930, 0.93983226)
(76441, 0.93983226)
(148155, 0.93983226)
(299304, 0.93983226)
(35670, 0.93983226)
(403598, 0.93983226)
(379643, 0.93983226)
(5349, 0.93983226)
(44436, 0.93983226)
(96050, 0.93983226)
(314484, 0.93983226)
(158795, 0.93983226)
(379429, 0.93983226)
(48031, 0.93983226)
(118398, 0.93983226)
(109212, 0.93983226)
(106296, 0.93983226)
(217152, 0.93983226)
(368398, 0.93983226)
(48151, 0.93983226)
(166085, 0.93983226)
(90481, 0.93983218)
(33470, 0.9398253)
(334328, 0.9398253)
(310135, 0.9398253)
(148990, 0.9398253)
(125123, 0.9398253)
(17101, 0.9398253)
(54303, 0.9398253)
(194670, 0.9398253)
(193634, 0.93982522)
(141921, 0.93982522)
(125626, 0.93982522)
(164680, 0.93982522)
(205004, 0.93982522)
(416834, 0.93982522)
(231355, 0.93982522)
(321535, 0.93982522)
(107861, 0.93982522)
(315314, 0.93982522)
(158305, 0.93982522)
(393086, 0.93982522)
(81693, 0.93982522)
(108498, 0.93982522)
(386932, 0.93982522)
(334815, 0.93982522)
(203348, 0.93982522)
(330561, 0.93982522)
(352275, 0.93981826)
(76173, 0.93981826)
(155228, 0.93981826)
(307388, 0.93981826)
(83775, 0.93981826)
(25885, 0.93981826)
(291430, 0.93981826)
(392335, 0.93981826)
(32592, 0.93981826)
(208728, 0.93981826)
(345704, 0.93981826)
(54439, 0.93981826)
(152668, 0.93981826)
(300163, 0.93981826)
(408658, 0.93981826)
(288767, 0.93981826)
(137553, 0.93981826)
(242366, 0.93981826)
(59346, 0.9398113)
(251610, 0.9398113)
(166502, 0.93981121)
(234068, 0.93981121)
(135001, 0.93981121)
(406157, 0.93981121)
(85122, 0.93981121)
(274285, 0.93981121)
(340104, 0.93980425)
(156565, 0.93980425)
(132588, 0.93980425)
(371107, 0.93979721)
(278793, 0.93866276)
(67194, 0.93866276)
(92507, 0.93866276)
(200790, 0.93866276)
(249692, 0.93866276)
(205713, 0.93866276)
(378431, 0.93866276)
(379792, 0.93866276)
(130291, 0.93866276)
(323050, 0.93866276)
(401507, 0.93866276)
(195129, 0.93866276)
(49140, 0.93866276)
(94085, 0.93866276)
(210445, 0.93866276)
(45137, 0.93866276)
(253061, 0.93866276)
(124771, 0.93866276)
(377202, 0.93866276)
(148592, 0.93866276)
(259813, 0.93866276)
(410737, 0.93866276)
(39750, 0.93866276)
(221727, 0.93866276)
(30633, 0.93866276)
(211157, 0.93866276)
(389643, 0.93866276)
(336687, 0.93866276)
(180194, 0.93866276)
(56679, 0.93866276)
(164765, 0.93866276)
(49038, 0.93866276)
(395544, 0.93866276)
(325025, 0.93866276)
(412943, 0.93866276)
(96920, 0.93866276)
(326237, 0.93866276)
(321194, 0.93866276)
(186207, 0.93866276)
(180556, 0.93866276)
(186200, 0.93866276)
(167678, 0.93866276)
(396178, 0.93865579)
(102252, 0.93865579)
(54018, 0.93865579)
(356497, 0.93865579)
(60862, 0.93865579)
(100821, 0.93865579)
(138454, 0.93865579)
(21658, 0.93865579)
(359377, 0.93865579)
(216871, 0.93865579)
(66011, 0.93865579)
(406343, 0.93865579)
(76291, 0.93865579)
(150606, 0.93865579)
(310897, 0.93865579)
(315726, 0.93865579)
(15375, 0.93865579)
(214172, 0.93865579)
(171479, 0.93865579)
(384806, 0.93865579)
(22936, 0.93865579)
(110353, 0.93865579)
(239555, 0.93865579)
(184318, 0.93865579)
(316461, 0.93865579)
(17227, 0.93865579)
(258547, 0.93865579)
(317587, 0.93865579)
(265149, 0.93865579)
(357740, 0.93865579)
(170814, 0.93865579)
(56800, 0.93865579)
(212000, 0.93865579)
(338938, 0.93865579)
(356577, 0.93865579)
(393106, 0.93865579)
(297683, 0.93865579)
(408114, 0.93865579)
(312305, 0.93865579)
(295667, 0.93865579)
(379091, 0.93865579)
(283141, 0.93865579)
(267209, 0.93865579)
(100575, 0.93865579)
(51715, 0.93865579)
(333905, 0.93865579)
(294904, 0.93865579)
(128190, 0.93865579)
(263304, 0.93865579)
(261084, 0.93865579)
(297576, 0.93865571)
(47304, 0.93864883)
(39167, 0.93864883)
(329676, 0.93864883)
(354223, 0.93864883)
(300067, 0.93864883)
(8080, 0.93864883)
(259378, 0.93864883)
(112299, 0.93864883)
(130659, 0.93864883)
(367627, 0.93864883)
(326964, 0.93864883)
(51306, 0.93864883)
(378161, 0.93864883)
(30271, 0.93864883)
(379443, 0.93864883)
(76497, 0.93864883)
(81510, 0.93864883)
(385997, 0.93864883)
(61116, 0.93864883)
(402828, 0.93864883)
(114455, 0.93864883)
(385461, 0.93864883)
(10676, 0.93864883)
(48163, 0.93864883)
(208863, 0.93864883)
(394537, 0.93864875)
(76383, 0.93864875)
(320481, 0.93864875)
(26983, 0.93864875)
(405749, 0.93864875)
(39946, 0.93864875)
(153079, 0.93864875)
(24180, 0.93864875)
(143963, 0.93864875)
(374613, 0.93864875)
(374661, 0.93864875)
(294473, 0.93864875)
(413035, 0.93864875)
(86058, 0.93864875)
(224518, 0.93864875)
(394372, 0.93864875)
(238208, 0.93864875)
(145642, 0.93864875)
(345909, 0.93864875)
(377142, 0.93864875)
(162284, 0.93864875)
(267204, 0.93864875)
(378062, 0.93864875)
(380970, 0.93864875)
(188578, 0.93864875)
(15679, 0.93864875)
(93384, 0.93864875)
(371389, 0.93864875)
(403031, 0.93864875)
(350836, 0.93864875)
(334780, 0.93864875)
(157162, 0.93864875)
(290094, 0.93864875)
(200969, 0.93864875)
(130710, 0.93864875)
(6893, 0.93864875)
(346480, 0.93864875)
(34780, 0.93864875)
(169193, 0.93864875)
(81643, 0.93864875)
(263396, 0.93864875)
(184550, 0.93864875)
(29718, 0.93864875)
(249470, 0.93864875)
(154741, 0.93864875)
(12537, 0.93864875)
(187840, 0.93864875)
(364788, 0.93864187)
(71586, 0.93864187)
(369107, 0.93864179)
(300231, 0.93864179)
(403433, 0.93864179)
(400305, 0.93864179)
(168173, 0.93864179)
(74037, 0.93864179)
(31334, 0.93864179)
(201300, 0.93864179)
(146277, 0.93864179)
(407203, 0.93864179)
(321682, 0.93864179)
(392162, 0.93864179)
(120121, 0.93864179)
(391717, 0.93864179)
(41119, 0.93864179)
(322639, 0.93864179)
(395977, 0.93864179)
(87852, 0.93864179)
(316379, 0.93864179)
(355773, 0.93864179)
(161913, 0.93864179)
(244066, 0.93864179)
(317550, 0.93864179)
(78583, 0.93864179)
(403899, 0.93864179)
(139845, 0.93864179)
(33700, 0.93864179)
(246261, 0.93864179)
(143032, 0.93864179)
(220784, 0.93864179)
(409007, 0.93864179)
(395289, 0.93864179)
(32848, 0.93864179)
(24708, 0.93864179)
(365747, 0.93864179)
(304689, 0.93864179)
(287824, 0.93863483)
(124972, 0.93863483)
(373926, 0.93863483)
(274946, 0.93863483)
(338866, 0.93863483)
(86679, 0.93863483)
(146223, 0.93863483)
(234117, 0.93863483)
(370457, 0.93863483)
(25110, 0.93863483)
(363666, 0.93863483)
(73927, 0.93863483)
(292375, 0.93863474)
(173226, 0.93863474)
(343564, 0.93863474)
(331374, 0.93863474)
(312241, 0.93863474)
(308736, 0.93863474)
(299834, 0.93863474)
(197040, 0.93862778)
(247772, 0.93862778)
(291856, 0.93862778)
(304511, 0.93862778)
(106562, 0.93862778)
(395051, 0.93862778)
(180008, 0.93862778)
(101678, 0.93862778)
(44787, 0.93862778)
(123550, 0.93862778)
(400780, 0.93862778)
(341257, 0.93862778)
(221154, 0.93862082)
(339879, 0.93862082)
(317419, 0.93862074)
(67895, 0.93862074)
(307428, 0.93862074)
(153291, 0.93862074)
(322147, 0.93749325)
(32022, 0.93748628)
(243947, 0.93748628)
(157944, 0.93748628)
(150964, 0.93748628)
(195925, 0.93748628)
(198343, 0.93748628)
(29613, 0.93748628)
(299900, 0.93748628)
(116402, 0.93748628)
(225304, 0.93748628)
(162259, 0.93748628)
(309125, 0.93748628)
(388249, 0.93748628)
(332677, 0.93748628)
(401714, 0.93748628)
(331512, 0.93748628)
(159656, 0.93748628)
(412440, 0.93747932)
(221345, 0.93747932)
(27356, 0.93747932)
(112687, 0.93747932)
(349901, 0.93747932)
(158765, 0.93747932)
(202477, 0.93747932)
(394577, 0.93747932)
(376506, 0.93747932)
(11468, 0.93747932)
(408610, 0.93747932)
(43268, 0.93747932)
(272747, 0.93747932)
(54463, 0.93747932)
(184075, 0.93747932)
(268236, 0.93747932)
(248224, 0.93747932)
(146245, 0.93747932)
(40182, 0.93747932)
(412781, 0.93747932)
(282271, 0.93747932)
(45617, 0.93747932)
(393105, 0.93747932)
(110969, 0.93747932)
(275244, 0.93747932)
(373341, 0.93747932)
(340014, 0.93747932)
(269739, 0.93747932)
(157272, 0.93747932)
(186632, 0.93747932)
(191284, 0.93747932)
(180377, 0.93747932)
(291809, 0.93747932)
(171173, 0.93747932)
(379533, 0.93747932)
(94792, 0.93747932)
(113195, 0.93747932)
(410295, 0.93747932)
(257618, 0.93747932)
(347256, 0.93747932)
(326390, 0.93747932)
(396820, 0.93747932)
(100375, 0.93747932)
(23055, 0.93747932)
(364014, 0.93747932)
(44851, 0.93747932)
(258855, 0.93747932)
(251733, 0.93747932)
(171495, 0.93747932)
(243, 0.93747924)
(248786, 0.93747924)
(65078, 0.93747236)
(272932, 0.93747236)
(239896, 0.93747236)
(3361, 0.93747236)
(81487, 0.93747236)
(320128, 0.93747236)
(296922, 0.93747236)
(324649, 0.93747236)
(59978, 0.93747236)
(169116, 0.93747236)
(270343, 0.93747236)
(180577, 0.93747236)
(383046, 0.93747236)
(304053, 0.93747236)
(26764, 0.93747236)
(179990, 0.93747236)
(157289, 0.93747236)
(300345, 0.93747236)
(88154, 0.93747236)
(162941, 0.93747236)
(234620, 0.93747236)
(356344, 0.93747236)
(256827, 0.93747236)
(79320, 0.93747236)
(161298, 0.93747236)
(252186, 0.93747236)
(152188, 0.93747236)
(358943, 0.93747236)
(136411, 0.93747228)
(2078, 0.93747228)
(34644, 0.93747228)
(131716, 0.93747228)
(417542, 0.93747228)
(257533, 0.93747228)
(110348, 0.93747228)
(161450, 0.93747228)
(260046, 0.93747228)
(383349, 0.93747228)
(250280, 0.93747228)
(87602, 0.93747228)
(255882, 0.93747228)
(174190, 0.93747228)
(358956, 0.93747228)
(78547, 0.93747228)
(155466, 0.93747228)
(81433, 0.93747228)
(189536, 0.93747228)
(277207, 0.93747228)
(148897, 0.93747228)
(208060, 0.93747228)
(283132, 0.93747228)
(191381, 0.9374654)
(80528, 0.9374654)
(250948, 0.9374654)
(18835, 0.9374654)
(200295, 0.9374654)
(185309, 0.9374654)
(204009, 0.9374654)
(243860, 0.93746532)
(279653, 0.93746532)
(262306, 0.93746532)
(373637, 0.93746532)
(157040, 0.93746532)
(240610, 0.93746532)
(7895, 0.93746532)
(226046, 0.93746532)
(212624, 0.93746532)
(294212, 0.93746532)
(312311, 0.93746532)
(121636, 0.93746532)
(376618, 0.93746532)
(117218, 0.93746532)
(79749, 0.93746532)
(390051, 0.93746532)
(198610, 0.93746532)
(375550, 0.93746532)
(96330, 0.93746532)
(161699, 0.93746532)
(12045, 0.93746532)
(370636, 0.93746532)
(176690, 0.93746532)
(95756, 0.93746532)
(213261, 0.93746532)
(296618, 0.93746532)
(392315, 0.93746532)
(89391, 0.93746532)
(362082, 0.93746532)
(237096, 0.93746532)
(324296, 0.93746532)
(107328, 0.93746532)
(79366, 0.93746532)
(70147, 0.93746532)
(324334, 0.93746532)
(35805, 0.93746532)
(48042, 0.93746532)
(312687, 0.93746532)
(170856, 0.93746532)
(10309, 0.93746532)
(60025, 0.93746532)
(223458, 0.93746532)
(305884, 0.93746532)
(232691, 0.93746532)
(341607, 0.93746532)
(92825, 0.93746532)
(190972, 0.93746532)
(118807, 0.93746532)
(219935, 0.93746532)
(23044, 0.93746532)
(259770, 0.93746532)
(261669, 0.93746532)
(250780, 0.93746532)
(34659, 0.93746532)
(19901, 0.93746532)
(48844, 0.93746532)
(409261, 0.93746532)
(127721, 0.93746532)
(364167, 0.93746532)
(405965, 0.93746532)
(38800, 0.93746532)
(369982, 0.93746532)
(122874, 0.93746532)
(151646, 0.93746523)
(218023, 0.93746523)
(328247, 0.93745844)
(365671, 0.93745836)
(36949, 0.93745836)
(179850, 0.93745836)
(212660, 0.93745836)
(48189, 0.93745836)
(158455, 0.93745836)
(56212, 0.93745836)
(269787, 0.93745836)
(286395, 0.93745836)
(69137, 0.93745836)
(223403, 0.93745836)
(378072, 0.93745836)
(113718, 0.93745836)
(83309, 0.93745836)
(216149, 0.93745836)
(337663, 0.93745836)
(94082, 0.93745836)
(47958, 0.93745836)
(210474, 0.93745827)
(338001, 0.93745827)
(158791, 0.93745827)
(286882, 0.93745827)
(192231, 0.93745827)
(91616, 0.93745827)
(285918, 0.93745827)
(362938, 0.93745827)
(201576, 0.93745827)
(284968, 0.93745827)
(318001, 0.93745827)
(33273, 0.93745827)
(43274, 0.93745827)
(67026, 0.93745827)
(40961, 0.93745827)
(270103, 0.93745827)
(63934, 0.93745827)
(156231, 0.93745827)
(106350, 0.93745827)
(326257, 0.93745827)
(415170, 0.93745827)
(148939, 0.93745827)
(154381, 0.93745827)
(291220, 0.93745827)
(177828, 0.93745827)
(109570, 0.93745827)
(47588, 0.93745827)
(89928, 0.93745827)
(66863, 0.93745139)
(138300, 0.93745139)
(322198, 0.93745139)
(116464, 0.93745139)
(379261, 0.93745139)
(242217, 0.93745131)
(306425, 0.93745131)
(354585, 0.93745131)
(115722, 0.93745131)
(382420, 0.93745131)
(167765, 0.93745131)
(304646, 0.93745131)
(220327, 0.93745131)
(33071, 0.93745131)
(336407, 0.93745131)
(260208, 0.93745131)
(184027, 0.93745131)
(144843, 0.93745131)
(331293, 0.93745131)
(147575, 0.93745131)
(180361, 0.93745131)
(367629, 0.93745131)
(326005, 0.93745131)
(36367, 0.93745131)
(407032, 0.93745131)
(117252, 0.93745131)
(298396, 0.93745131)
(161130, 0.93744443)
(233837, 0.93744435)
(353184, 0.93744435)
(335905, 0.93744435)
(254102, 0.93744435)
(316040, 0.93744435)
(297072, 0.93744427)
(37273, 0.93744427)
(386469, 0.93744427)
(350208, 0.93744427)
(190255, 0.93744427)
(309540, 0.93744427)
(295889, 0.93744427)
(309246, 0.93744427)
(662, 0.93744427)
(281745, 0.93744427)
(311099, 0.93743731)
(376853, 0.93743731)
(138523, 0.93743731)
(420085, 0.93743034)
(119668, 0.93743026)
(175346, 0.93743026)
(79213, 0.93743026)
(91630, 0.93631678)
(187178, 0.93630981)
(139646, 0.93630981)
(54290, 0.93630981)
(74854, 0.93630981)
(407326, 0.93630981)
(248711, 0.93630981)
(257293, 0.93630981)
(273947, 0.93630981)
(184960, 0.93630981)
(181363, 0.93630981)
(116168, 0.93630981)
(328107, 0.93630981)
(318819, 0.93630981)
(250414, 0.93630285)
(88003, 0.93630285)
(402151, 0.93630285)
(42649, 0.93630285)
(116096, 0.93630285)
(372932, 0.93630285)
(220399, 0.93630285)
(178767, 0.93630285)
(43671, 0.93630285)
(312849, 0.93630285)
(381301, 0.93630285)
(20878, 0.93630285)
(116080, 0.93630285)
(278633, 0.93630285)
(152992, 0.93630285)
(371347, 0.93630285)
(377295, 0.93630285)
(25847, 0.93630285)
(378762, 0.93630285)
(96732, 0.93630285)
(320708, 0.93630285)
(295004, 0.93630285)
(79091, 0.93630285)
(407952, 0.93630285)
(154347, 0.93630285)
(247350, 0.93630285)
(162689, 0.93630285)
(266565, 0.93630285)
(260006, 0.93630285)
(336348, 0.93630285)
(179997, 0.93630285)
(113285, 0.93630285)
(182452, 0.93630285)
(295139, 0.93630285)
(220177, 0.93630285)
(142802, 0.93630285)
(237373, 0.93629589)
(76803, 0.93629589)
(79383, 0.93629589)
(88333, 0.93629589)
(18161, 0.93629589)
(403308, 0.93629589)
(278332, 0.93629589)
(225361, 0.93629589)
(401717, 0.93629589)
(416442, 0.93629589)
(20738, 0.93629589)
(64198, 0.93629589)
(163639, 0.93629589)
(184971, 0.93629589)
(79479, 0.93629589)
(133884, 0.93629589)
(392113, 0.93629589)
(305147, 0.93629589)
(172147, 0.93629589)
(244227, 0.93629589)
(393044, 0.93629589)
(6668, 0.93629589)
(181933, 0.93629589)
(251092, 0.93629589)
(328782, 0.93629589)
(196871, 0.93629581)
(265884, 0.93629581)
(311015, 0.93629581)
(194820, 0.93629581)
(112158, 0.93629581)
(292962, 0.93629581)
(28692, 0.93629581)
(375499, 0.93629581)
(337463, 0.93629581)
(302387, 0.93629581)
(377593, 0.93629581)
(260811, 0.93629581)
(142633, 0.93629581)
(332344, 0.93629581)
(344058, 0.93629581)
(122323, 0.93629581)
(6196, 0.93629581)
(195369, 0.93629581)
(338138, 0.93629581)
(530, 0.93629581)
(216908, 0.93629581)
(216611, 0.93629581)
(290932, 0.93629581)
(406857, 0.93629581)
(409681, 0.93629581)
(418426, 0.93629581)
(335214, 0.93629581)
(301474, 0.93629581)
(12026, 0.93629581)
(240092, 0.93629581)
(312408, 0.93629581)
(24187, 0.93628893)
(123327, 0.93628893)
(114223, 0.93628893)
(126739, 0.93628893)
(313649, 0.93628893)
(95421, 0.93628893)
(58279, 0.93628893)
(383342, 0.93628893)
(369542, 0.93628893)
(284244, 0.93628893)
(171670, 0.93628893)
(229381, 0.93628893)
(341829, 0.93628893)
(229711, 0.93628885)
(405883, 0.93628885)
(62827, 0.93628885)
(55591, 0.93628885)
(42584, 0.93628885)
(226211, 0.93628885)
(318486, 0.93628885)
(360587, 0.93628885)
(159537, 0.93628885)
(336788, 0.93628885)
(340146, 0.93628885)
(126179, 0.93628885)
(87769, 0.93628885)
(218057, 0.93628885)
(5123, 0.93628885)
(194979, 0.93628885)
(221576, 0.93628885)
(66240, 0.93628885)
(156112, 0.93628885)
(280787, 0.93628885)
(264347, 0.93628885)
(361511, 0.93628885)
(395851, 0.93628885)
(10354, 0.93628885)
(114897, 0.93628885)
(137245, 0.93628885)
(23894, 0.93628885)
(287679, 0.93628885)
(7769, 0.93628885)
(143999, 0.93628885)
(15972, 0.93628885)
(309792, 0.93628885)
(98184, 0.93628885)
(37799, 0.93628885)
(97129, 0.93628885)
(103347, 0.93628885)
(97067, 0.93628885)
(78468, 0.93628885)
(66703, 0.93628885)
(232030, 0.93628885)
(225878, 0.93628885)
(240851, 0.93628885)
(363914, 0.93628885)
(283800, 0.93628885)
(9856, 0.93628885)
(394852, 0.93628885)
(341143, 0.93628885)
(14923, 0.93628885)
(14127, 0.93628885)
(294169, 0.93628885)
(230296, 0.93628885)
(104468, 0.93628885)
(221033, 0.93628885)
(292246, 0.93628885)
(252770, 0.93628885)
(106345, 0.93628885)
(346853, 0.93628885)
(108497, 0.93628885)
(193984, 0.93628885)
(196100, 0.93628885)
(165028, 0.93628885)
(182329, 0.93628885)
(102391, 0.93628876)
(215746, 0.93628197)
(64435, 0.93628197)
(110394, 0.93628197)
(221814, 0.93628189)
(205433, 0.93628189)
(51310, 0.93628189)
(11972, 0.93628189)
(30755, 0.93628189)
(333042, 0.93628189)
(67232, 0.93628189)
(159952, 0.93628189)
(293650, 0.93628189)
(150332, 0.93628189)
(398288, 0.93628189)
(235658, 0.93628189)
(374406, 0.93628189)
(360356, 0.93628189)
(248256, 0.93628189)
(358230, 0.93628189)
(328557, 0.93628189)
(23654, 0.93628189)
(334810, 0.93628189)
(116889, 0.93628189)
(188259, 0.93628189)
(3974, 0.93628189)
(299528, 0.93628189)
(234574, 0.93628189)
(319679, 0.93628189)
(23258, 0.93628189)
(239364, 0.93628189)
(157295, 0.93628189)
(98240, 0.93628189)
(29858, 0.93628189)
(29778, 0.93628189)
(349310, 0.93628189)
(50547, 0.93628189)
(202752, 0.9362818)
(375830, 0.9362818)
(310613, 0.9362818)
(408426, 0.9362818)
(262970, 0.9362818)
(412126, 0.9362818)
(92168, 0.9362818)
(50108, 0.9362818)
(298610, 0.9362818)
(391636, 0.9362818)
(216093, 0.9362818)
(340515, 0.9362818)
(288454, 0.9362818)
(165342, 0.9362818)
(127328, 0.9362818)
(344279, 0.9362818)
(202139, 0.9362818)
(144537, 0.9362818)
(49284, 0.9362818)
(363857, 0.93627492)
(14033, 0.93627492)
(73051, 0.93627492)
(98963, 0.93627492)
(156974, 0.93627492)
(230718, 0.93627492)
(325473, 0.93627492)
(208188, 0.93627492)
(248506, 0.93627484)
(132211, 0.93627484)
(402710, 0.93627484)
(245608, 0.93627484)
(50344, 0.93627484)
(186706, 0.93627484)
(114637, 0.93627484)
(98611, 0.93627484)
(265658, 0.93627484)
(191564, 0.93627484)
(349202, 0.93627484)
(234941, 0.93627484)
(61170, 0.93627484)
(275100, 0.93627484)
(265581, 0.93627484)
(274001, 0.93627484)
(102408, 0.93627484)
(230863, 0.93627484)
(193743, 0.93627484)
(45552, 0.93627484)
(105181, 0.93627484)
(279483, 0.93627484)
(29048, 0.93627484)
(288468, 0.93627484)
(347146, 0.93627484)
(57446, 0.93627484)
(168170, 0.93627484)
(361321, 0.93627484)
(335593, 0.93627484)
(262988, 0.93627484)
(392081, 0.93626796)
(244681, 0.93626788)
(274421, 0.93626788)
(248308, 0.93626788)
(362920, 0.93626788)
(382594, 0.93626788)
(314326, 0.93626788)
(210711, 0.93626788)
(92404, 0.93626788)
(18276, 0.93626788)
(331649, 0.93626788)
(89, 0.93626788)
(200434, 0.93626788)
(400855, 0.93626788)
(285679, 0.93626788)
(85196, 0.93626788)
(31213, 0.93626788)
(275773, 0.93626788)
(175942, 0.9362678)
(411218, 0.9362678)
(269000, 0.9362678)
(73916, 0.9362678)
(314785, 0.9362678)
(158008, 0.9362678)
(46539, 0.9362678)
(276816, 0.9362678)
(229090, 0.9362678)
(354482, 0.9362678)
(284276, 0.9362678)
(5367, 0.9362678)
(412326, 0.9362678)
(183130, 0.9362678)
(416159, 0.9362678)
(139534, 0.9362678)
(340565, 0.9362678)
(113726, 0.9362678)
(265300, 0.93626092)
(303583, 0.93626092)
(125132, 0.93626092)
(321761, 0.93626092)
(274837, 0.93626084)
(221200, 0.93626084)
(360527, 0.93626084)
(170854, 0.93626084)
(8261, 0.93626084)
(52065, 0.93626084)
(88171, 0.93626084)
(349746, 0.93626084)
(315621, 0.93626084)
(95937, 0.93626084)
(35423, 0.93626084)
(413903, 0.93625396)
(59989, 0.93625396)
(49264, 0.93625396)
(208103, 0.93625387)
(338983, 0.93625387)
(73933, 0.93625379)
(280490, 0.93625379)
(401259, 0.93624683)
(334825, 0.93624683)
(190046, 0.93623987)
(173574, 0.93623979)
(94905, 0.9351403)
(254383, 0.93513334)
(371490, 0.93513334)
(311455, 0.93513334)
(309781, 0.93513334)
(36620, 0.93513334)
(309096, 0.93513334)
(346956, 0.93513334)
(341372, 0.93513334)
(152169, 0.93512638)
(217065, 0.93512638)
(87693, 0.93512638)
(284866, 0.93512638)
(291968, 0.93512638)
(294770, 0.93512638)
(383656, 0.93512638)
(222267, 0.93512638)
(401826, 0.93512638)
(36134, 0.93512638)
(63274, 0.93512638)
(412357, 0.93512638)
(172965, 0.93512638)
(257896, 0.93512638)
(186406, 0.93512638)
(57683, 0.93512638)
(356703, 0.93512638)
(110744, 0.93512638)
(150144, 0.93512638)
(273017, 0.93512638)
(216401, 0.93512638)
(71883, 0.93511942)
(385035, 0.93511942)
(112043, 0.93511942)
(264883, 0.93511942)
(117567, 0.93511942)
(261526, 0.93511942)
(390626, 0.93511942)
(257017, 0.93511942)
(172274, 0.93511942)
(90019, 0.93511942)
(4334, 0.93511942)
(345511, 0.93511942)
(94511, 0.93511942)
(414544, 0.93511942)
(15592, 0.93511942)
(52055, 0.93511942)
(399971, 0.93511942)
(135879, 0.93511942)
(287443, 0.93511942)
(245169, 0.93511942)
(378823, 0.93511942)
(226987, 0.93511942)
(239525, 0.93511934)
(25313, 0.93511934)
(167917, 0.93511934)
(357871, 0.93511934)
(158690, 0.93511934)
(112122, 0.93511934)
(51111, 0.93511934)
(121429, 0.93511934)
(286339, 0.93511934)
(215532, 0.93511934)
(58581, 0.93511934)
(279779, 0.93511934)
(103231, 0.93511934)
(94000, 0.93511934)
(83702, 0.93511934)
(26895, 0.93511934)
(125962, 0.93511934)
(78524, 0.93511934)
(89139, 0.93511925)
(155403, 0.93511246)
(302725, 0.93511246)
(20069, 0.93511246)
(104684, 0.93511246)
(56915, 0.93511246)
(177712, 0.93511246)
(257446, 0.93511246)
(149430, 0.93511246)
(42801, 0.93511246)
(96007, 0.93511246)
(395494, 0.93511246)
(17381, 0.93511246)
(91777, 0.93511246)
(247797, 0.93511246)
(376770, 0.93511246)
(323112, 0.93511246)
(55776, 0.93511238)
(416478, 0.93511238)
(116476, 0.93511238)
(185866, 0.93511238)
(206490, 0.93511238)
(269141, 0.93511238)
(348062, 0.93511238)
(128489, 0.93511238)
(351923, 0.93511238)
(109381, 0.93511238)
(395640, 0.93511238)
(305482, 0.93511238)
(296630, 0.93511238)
(412587, 0.93511238)
(49181, 0.93511238)
(4701, 0.93511238)
(101442, 0.93511238)
(250930, 0.93511238)
(39517, 0.93511238)
(286794, 0.93511238)
(412624, 0.93511238)
(101444, 0.93511238)
(302190, 0.93511238)
(354164, 0.93511238)
(234083, 0.93511238)
(50764, 0.93511238)
(331233, 0.93511238)
(319864, 0.93511238)
(45516, 0.93511238)
(306460, 0.93511238)
(357084, 0.93511238)
(64973, 0.93511238)
(161013, 0.93511238)
(202835, 0.93511238)
(304410, 0.93511238)
(353035, 0.93511238)
(68720, 0.9351055)
(380720, 0.9351055)
(414060, 0.9351055)
(115047, 0.9351055)
(275308, 0.93510541)
(402035, 0.93510541)
(31010, 0.93510541)
(208043, 0.93510541)
(59780, 0.93510541)
(151745, 0.93510541)
(336326, 0.93510541)
(77802, 0.93510541)
(90668, 0.93510541)
(333465, 0.93510541)
(409651, 0.93510541)
(214558, 0.93510541)
(93734, 0.93510541)
(94561, 0.93510541)
(416766, 0.93510541)
(370990, 0.93510541)
(174906, 0.93510541)
(344185, 0.93510541)
(94414, 0.93510541)
(131442, 0.93510541)
(182651, 0.93510541)
(205243, 0.93510541)
(7071, 0.93510541)
(361239, 0.93510541)
(98620, 0.93510541)
(206280, 0.93510541)
(384554, 0.93510541)
(374795, 0.93510541)
(185076, 0.93510541)
(204453, 0.93510541)
(79988, 0.93510541)
(3105, 0.93510541)
(347246, 0.93510541)
(7618, 0.93510541)
(367109, 0.93510541)
(224202, 0.93510541)
(282647, 0.93510541)
(8482, 0.93510541)
(258318, 0.93510541)
(40304, 0.93510541)
(50645, 0.93510541)
(57353, 0.93510541)
(63019, 0.93510541)
(177856, 0.93510541)
(121549, 0.93510541)
(171683, 0.93510541)
(294844, 0.93510533)
(206960, 0.93510533)
(377480, 0.93510533)
(356178, 0.93510533)
(98208, 0.93510533)
(278364, 0.93510533)
(389941, 0.93510533)
(328378, 0.93510533)
(300011, 0.93510533)
(3576, 0.93510533)
(273300, 0.93510533)
(403709, 0.93509845)
(372616, 0.93509845)
(366874, 0.93509845)
(301807, 0.93509845)
(19064, 0.93509845)
(239239, 0.93509845)
(184393, 0.93509845)
(303663, 0.93509845)
(162747, 0.93509845)
(313250, 0.93509837)
(43044, 0.93509837)
(224848, 0.93509837)
(272861, 0.93509837)
(223228, 0.93509837)
(270334, 0.93509837)
(56856, 0.93509837)
(261507, 0.93509837)
(253874, 0.93509837)
(41116, 0.93509837)
(132924, 0.93509837)
(400715, 0.93509837)
(110356, 0.93509837)
(160240, 0.93509837)
(105899, 0.93509837)
(321984, 0.93509837)
(252928, 0.93509837)
(218723, 0.93509837)
(311846, 0.93509837)
(303580, 0.93509837)
(75393, 0.93509837)
(378577, 0.93509837)
(119331, 0.93509837)
(200351, 0.93509837)
(176657, 0.93509837)
(320044, 0.93509837)
(288338, 0.93509837)
(45452, 0.93509837)
(196921, 0.93509837)
(300220, 0.93509837)
(351775, 0.93509837)
(51622, 0.93509837)
(17038, 0.93509837)
(49697, 0.93509837)
(393018, 0.93509829)
(87386, 0.93509158)
(45508, 0.93509149)
(175462, 0.93509149)
(67917, 0.93509141)
(100310, 0.93509141)
(36985, 0.93509141)
(64712, 0.93509141)
(326797, 0.93509141)
(355834, 0.93509141)
(279454, 0.93509141)
(351972, 0.93509141)
(257830, 0.93509141)
(2146, 0.93509141)
(67227, 0.93509141)
(314786, 0.93509141)
(271762, 0.93509141)
(395970, 0.93509141)
(37575, 0.93509141)
(18222, 0.93509141)
(156166, 0.93509141)
(152567, 0.93509141)
(345780, 0.93509141)
(274436, 0.93509141)
(141754, 0.93509141)
(131688, 0.93509141)
(64405, 0.93509141)
(143017, 0.93509141)
(298072, 0.93509133)
(275923, 0.93509133)
(92057, 0.93509133)
(2145, 0.93509133)
(375373, 0.93509133)
(147541, 0.93509133)
(73732, 0.93509133)
(138929, 0.93509133)
(192710, 0.93509133)
(344856, 0.93509133)
(271689, 0.93509133)
(191061, 0.93509133)
(147011, 0.93508445)
(245454, 0.93508445)
(218976, 0.93508445)
(150109, 0.93508445)
(260434, 0.93508445)
(335108, 0.93508445)
(105066, 0.93508437)
(188387, 0.93508437)
(250723, 0.93508437)
(205874, 0.93508437)
(400484, 0.93508437)
(420314, 0.93508437)
(188630, 0.93508437)
(395405, 0.93508437)
(297592, 0.93508437)
(11426, 0.93508437)
(305776, 0.93508437)
(310447, 0.93508437)
(77633, 0.93508437)
(55506, 0.93508437)
(63403, 0.93507749)
(43154, 0.9350774)
(370899, 0.9350774)
(351606, 0.9350774)
(172755, 0.9350774)
(374869, 0.93507732)
(17467, 0.93507732)
(84286, 0.93507732)
(221379, 0.93507732)
(203839, 0.93507732)
(271930, 0.93507732)
(350669, 0.93507732)
(149501, 0.93507053)
(384878, 0.93507044)
(345368, 0.93507044)
(133523, 0.93507044)
(84274, 0.93507036)
(406696, 0.93507036)
(297707, 0.93507036)
(130793, 0.93507036)
(166772, 0.93507036)
(142886, 0.9350634)
(135974, 0.9350634)
(29187, 0.93506332)
(121376, 0.93506332)
(242571, 0.93506332)
(410627, 0.93504939)
(155274, 0.93395687)
(330870, 0.93395687)
(225118, 0.93395687)
(245492, 0.93395687)
(152334, 0.93395687)
(256942, 0.93395687)
(375735, 0.93394991)
(360678, 0.93394991)
(258618, 0.93394991)
(257652, 0.93394991)
(163535, 0.93394991)
(210630, 0.93394991)
(2923, 0.93394991)
(59454, 0.93394991)
(229029, 0.93394991)
(401096, 0.93394991)
(105450, 0.93394991)
(156062, 0.93394295)
(124920, 0.93394295)
(388834, 0.93394295)
(19854, 0.93394295)
(395312, 0.93394295)
(191646, 0.93394295)
(349621, 0.93394295)
(21117, 0.93394295)
(272640, 0.93394295)
(165198, 0.93394295)
(78749, 0.93394295)
(400231, 0.93394295)
(92834, 0.93394295)
(87350, 0.93394295)
(45787, 0.93394287)
(268437, 0.93394287)
(419132, 0.93394287)
(300257, 0.93394287)
(120874, 0.93394287)
(19301, 0.93394287)
(340537, 0.93394287)
(285199, 0.93394287)
(343444, 0.93394287)
(209346, 0.93394287)
(63630, 0.93394287)
(414443, 0.93394287)
(177453, 0.93393599)
(184197, 0.93393599)
(99668, 0.93393599)
(4383, 0.93393599)
(328774, 0.93393599)
(177203, 0.93393599)
(151020, 0.93393591)
(405663, 0.93393591)
(250056, 0.93393591)
(77353, 0.93393591)
(333946, 0.93393591)
(401383, 0.93393591)
(270491, 0.93393591)
(82247, 0.93393591)
(415493, 0.93393591)
(328138, 0.93393591)
(281075, 0.93393591)
(126940, 0.93393591)
(272281, 0.93393591)
(81129, 0.93393591)
(105978, 0.93393591)
(313161, 0.93393591)
(406080, 0.93393591)
(115969, 0.93393591)
(247274, 0.93393591)
(284845, 0.93393591)
(166665, 0.93393591)
(386489, 0.93393591)
(348876, 0.93393591)
(73099, 0.93392903)
(102803, 0.93392903)
(94438, 0.93392903)
(338969, 0.93392903)
(324434, 0.93392903)
(55047, 0.93392903)
(412873, 0.93392894)
(331234, 0.93392894)
(180365, 0.93392894)
(251959, 0.93392894)
(262275, 0.93392894)
(111836, 0.93392894)
(5998, 0.93392894)
(168906, 0.93392894)
(381699, 0.93392894)
(188420, 0.93392894)
(67954, 0.93392894)
(198796, 0.93392894)
(60356, 0.93392894)
(150957, 0.93392894)
(347763, 0.93392894)
(305947, 0.93392894)
(38608, 0.93392894)
(77806, 0.93392894)
(105911, 0.93392894)
(412707, 0.93392894)
(250731, 0.93392894)
(53111, 0.93392894)
(9268, 0.93392894)
(207362, 0.93392894)
(51034, 0.93392894)
(233774, 0.93392894)
(258438, 0.93392894)
(83966, 0.93392894)
(102217, 0.93392894)
(76538, 0.93392894)
(105243, 0.93392894)
(330140, 0.93392894)
(361610, 0.93392894)
(50612, 0.93392894)
(386308, 0.93392894)
(61800, 0.93392894)
(403354, 0.93392894)
(182561, 0.93392894)
(396977, 0.93392894)
(356214, 0.93392894)
(318253, 0.93392894)
(21734, 0.93392886)
(1533, 0.93392886)
(150129, 0.93392886)
(171762, 0.93392886)
(55008, 0.93392886)
(325677, 0.93392886)
(270235, 0.93392886)
(376430, 0.93392886)
(88506, 0.93392886)
(282239, 0.93392886)
(105459, 0.93392886)
(379865, 0.93392886)
(107770, 0.93392886)
(399553, 0.93392886)
(387667, 0.93392886)
(72939, 0.93392886)
(56917, 0.93392207)
(380301, 0.93392207)
(296691, 0.93392198)
(144313, 0.93392198)
(87087, 0.93392198)
(397330, 0.93392198)
(227208, 0.93392198)
(280272, 0.93392198)
(172785, 0.93392198)
(142446, 0.93392198)
(389553, 0.93392198)
(319597, 0.93392198)
(280844, 0.93392198)
(249541, 0.93392198)
(118843, 0.93392198)
(180369, 0.93392198)
(62171, 0.93392198)
(278749, 0.93392198)
(44086, 0.93392198)
(220348, 0.93392198)
(359997, 0.93392198)
(10819, 0.93392198)
(66797, 0.93392198)
(211788, 0.93392198)
(146048, 0.9339219)
(341318, 0.9339219)
(227973, 0.9339219)
(242042, 0.9339219)
(289374, 0.9339219)
(244686, 0.9339219)
(304055, 0.9339219)
(36035, 0.9339219)
(15144, 0.9339219)
(172739, 0.9339219)
(220767, 0.9339219)
(246692, 0.9339219)
(147319, 0.9339219)
(115714, 0.9339219)
(112352, 0.9339219)
(144543, 0.9339219)
(181626, 0.9339219)
(257569, 0.9339219)
(192826, 0.9339219)
(136774, 0.9339219)
(242376, 0.9339219)
(191947, 0.9339219)
(222667, 0.9339219)
(328606, 0.9339219)
(130816, 0.93392182)
(240489, 0.93392182)
(309037, 0.93391502)
(72127, 0.93391502)
(190730, 0.93391502)
(61333, 0.93391502)
(418898, 0.93391502)
(102257, 0.93391494)
(328410, 0.93391494)
(183761, 0.93391494)
(255932, 0.93391494)
(100960, 0.93391494)
(48668, 0.93391494)
(40421, 0.93391494)
(88180, 0.93391494)
(18294, 0.93391494)
(353236, 0.93391494)
(171853, 0.93391494)
(256691, 0.93391494)
(99356, 0.93391494)
(65141, 0.93391494)
(191255, 0.93391494)
(232299, 0.93391494)
(394120, 0.93391494)
(165015, 0.93391494)
(100293, 0.93391494)
(158995, 0.93391494)
(45873, 0.93391494)
(126175, 0.93391494)
(230567, 0.93391494)
(18036, 0.93391494)
(58034, 0.93391486)
(417221, 0.93391486)
(169985, 0.93391486)
(362192, 0.93391486)
(44675, 0.93391486)
(101034, 0.93391486)
(389574, 0.93391486)
(346611, 0.93391486)
(415105, 0.93391486)
(90673, 0.93391486)
(181948, 0.93391486)
(271148, 0.93391486)
(94902, 0.93391486)
(368653, 0.93390806)
(386612, 0.93390798)
(23601, 0.93390798)
(258348, 0.93390798)
(56531, 0.93390798)
(104754, 0.93390798)
(417764, 0.93390798)
(21996, 0.93390798)
(245501, 0.93390798)
(271093, 0.93390798)
(313100, 0.93390798)
(10939, 0.93390798)
(87578, 0.93390798)
(105802, 0.93390798)
(387064, 0.93390798)
(55750, 0.93390798)
(46426, 0.93390798)
(134469, 0.93390789)
(407728, 0.93390789)
(301301, 0.93390789)
(5649, 0.93390789)
(274116, 0.93390789)
(117159, 0.93390789)
(344949, 0.93390789)
(228885, 0.93390789)
(190452, 0.93390789)
(410582, 0.93390789)
(92781, 0.93390789)
(352002, 0.93390789)
(350340, 0.93390789)
(332881, 0.93390789)
(3677, 0.93390789)
(84582, 0.93390789)
(153868, 0.93390789)
(56667, 0.93390789)
(98728, 0.93390789)
(120751, 0.93390789)
(164672, 0.93390789)
(416192, 0.93390789)
(77003, 0.93390781)
(273422, 0.93390102)
(366313, 0.93390102)
(184111, 0.93390102)
(246720, 0.93390102)
(115042, 0.93390093)
(71582, 0.93390093)
(188281, 0.93390093)
(228340, 0.93390093)
(120502, 0.93390093)
(335232, 0.93390093)
(240981, 0.93390093)
(130656, 0.93390093)
(166158, 0.93390093)
(145967, 0.93390093)
(71161, 0.93390093)
(417557, 0.93390093)
(77042, 0.93390093)
(309683, 0.93390093)
(108081, 0.93390093)
(301821, 0.93390093)
(248542, 0.93390093)
(301307, 0.93390093)
(339374, 0.93390093)
(103235, 0.93390093)
(26808, 0.93390093)
(260715, 0.93390085)
(317658, 0.93390085)
(315594, 0.93390085)
(340911, 0.93390085)
(311151, 0.93390085)
(253414, 0.93390085)
(159181, 0.93389405)
(189300, 0.93389405)
(261864, 0.93389405)
(87106, 0.93389397)
(78124, 0.93389397)
(400955, 0.93389397)
(204791, 0.93389397)
(305262, 0.93389397)
(337765, 0.93389397)
(251989, 0.93389389)
(114595, 0.93389389)
(346341, 0.93389389)
(82727, 0.93389389)
(114197, 0.93389389)
(64987, 0.93389389)
(371197, 0.93389389)
(112466, 0.93388693)
(280042, 0.93388693)
(224607, 0.93388693)
(92526, 0.93388693)
(223425, 0.93388684)
(355047, 0.93388684)
(310604, 0.93388684)
(254123, 0.93388684)
(100716, 0.93387988)
(184697, 0.93387988)
(336199, 0.93387988)
(171269, 0.93387988)
(364720, 0.93387988)
(55799, 0.93387292)
(132334, 0.93387284)
(36760, 0.93386596)
(132581, 0.93277344)
(374924, 0.93277344)
(344457, 0.93277344)
(274646, 0.93277336)
(229382, 0.93276648)
(337060, 0.93276648)
(311304, 0.93276648)
(94699, 0.93276648)
(132503, 0.93276648)
(201960, 0.93276648)
(44838, 0.9327664)
(149009, 0.9327664)
(189881, 0.9327664)
(226428, 0.9327664)
(192498, 0.9327664)
(95329, 0.9327664)
(341295, 0.9327664)
(204982, 0.9327664)
(274633, 0.9327664)
(414214, 0.9327664)
(272859, 0.9327664)
(122811, 0.9327664)
(386968, 0.9327664)
(206948, 0.93275952)
(212652, 0.93275952)
(38555, 0.93275952)
(69494, 0.93275952)
(210800, 0.93275952)
(121013, 0.93275952)
(9145, 0.93275944)
(179658, 0.93275944)
(344063, 0.93275944)
(247393, 0.93275944)
(220772, 0.93275944)
(114955, 0.93275944)
(102306, 0.93275944)
(141263, 0.93275944)
(273998, 0.93275944)
(128754, 0.93275944)
(246014, 0.93275944)
(364781, 0.93275944)
(308883, 0.93275944)
(3612, 0.93275944)
(90712, 0.93275944)
(51455, 0.93275944)
(360606, 0.93275944)
(8515, 0.93275944)
(235990, 0.93275944)
(251559, 0.93275256)
(13344, 0.93275256)
(252876, 0.93275256)
(269518, 0.93275256)
(7257, 0.93275256)
(89366, 0.93275247)
(216609, 0.93275247)
(156417, 0.93275247)
(206032, 0.93275247)
(345010, 0.93275247)
(267268, 0.93275247)
(134532, 0.93275247)
(243979, 0.93275247)
(156027, 0.93275247)
(10682, 0.93275247)
(178829, 0.93275247)
(265203, 0.93275247)
(378276, 0.93275247)
(355911, 0.93275247)
(122541, 0.93275247)
(301775, 0.93275247)
(261416, 0.93275247)
(177527, 0.93275247)
(416145, 0.93275247)
(96585, 0.93275247)
(366198, 0.93275247)
(315389, 0.93275247)
(105996, 0.93275247)
(352146, 0.93275247)
(332620, 0.93275247)
(31041, 0.93275247)
(13289, 0.93275247)
(103047, 0.93275247)
(368051, 0.93275247)
(391182, 0.93275247)
(382834, 0.93275247)
(172583, 0.93275247)
(310859, 0.93275239)
(401527, 0.93275239)
(204947, 0.93275239)
(127984, 0.93275239)
(19239, 0.93275239)
(297328, 0.93275239)
(111486, 0.93275239)
(314095, 0.93275239)
(53136, 0.93275239)
(275107, 0.93275239)
(147826, 0.93275239)
(116497, 0.93275239)
(5475, 0.93274551)
(182306, 0.93274551)
(225086, 0.93274551)
(85045, 0.93274551)
(402374, 0.93274551)
(109474, 0.93274551)
(264353, 0.93274551)
(327021, 0.93274551)
(4039, 0.93274551)
(26531, 0.93274551)
(371883, 0.93274551)
(243444, 0.93274551)
(378881, 0.93274551)
(285442, 0.93274551)
(52537, 0.93274551)
(298291, 0.93274551)
(413011, 0.93274551)
(233931, 0.93274551)
(246597, 0.93274551)
(257128, 0.93274551)
(239281, 0.93274551)
(216787, 0.93274543)
(18540, 0.93274543)
(302054, 0.93274543)
(369038, 0.93274543)
(412046, 0.93274543)
(264941, 0.93274543)
(354490, 0.93274543)
(256358, 0.93274543)
(396103, 0.93274543)
(253029, 0.93274543)
(168802, 0.93274543)
(399654, 0.93274543)
(246114, 0.93274543)
(266680, 0.93274543)
(173590, 0.93274543)
(3807, 0.93274543)
(113179, 0.93274543)
(107316, 0.93274543)
(56359, 0.93274543)
(314468, 0.93274543)
(78355, 0.93274543)
(73854, 0.93274543)
(97434, 0.93274543)
(53340, 0.93274543)
(34665, 0.93274543)
(77851, 0.93274543)
(330094, 0.93274543)
(405534, 0.93274543)
(108545, 0.93274543)
(21788, 0.93274543)
(213279, 0.93274543)
(406274, 0.93274543)
(73678, 0.93274543)
(335587, 0.93274543)
(8076, 0.93274543)
(151615, 0.93274543)
(300369, 0.93274543)
(139457, 0.93274543)
(132200, 0.93274543)
(170443, 0.93274543)
(361949, 0.93274543)
(384579, 0.93274543)
(318662, 0.93273863)
(172616, 0.93273855)
(247613, 0.93273855)
(304832, 0.93273855)
(347559, 0.93273855)
(173038, 0.93273855)
(302892, 0.93273855)
(91900, 0.93273847)
(186820, 0.93273847)
(51875, 0.93273847)
(350193, 0.93273847)
(367545, 0.93273847)
(390763, 0.93273847)
(216852, 0.93273847)
(79953, 0.93273847)
(82026, 0.93273847)
(53057, 0.93273847)
(390272, 0.93273847)
(357633, 0.93273847)
(371901, 0.93273847)
(381228, 0.93273847)
(294091, 0.93273847)
(78647, 0.93273847)
(118416, 0.93273847)
(371359, 0.93273847)
(92201, 0.93273847)
(267778, 0.93273847)
(346866, 0.93273847)
(56164, 0.93273847)
(54696, 0.93273847)
(282111, 0.93273847)
(279816, 0.93273847)
(244688, 0.93273847)
(10187, 0.93273847)
(331630, 0.93273847)
(65672, 0.93273847)
(314465, 0.93273847)
(304336, 0.93273847)
(288354, 0.93273847)
(99144, 0.93273847)
(69543, 0.93273847)
(160269, 0.93273847)
(133114, 0.93273847)
(412322, 0.93273847)
(165079, 0.93273839)
(74997, 0.93273839)
(251008, 0.93273839)
(150020, 0.93273839)
(294491, 0.93273839)
(315075, 0.93273839)
(56726, 0.93273839)
(161807, 0.93273839)
(311275, 0.93273159)
(317041, 0.93273159)
(117507, 0.93273159)
(169481, 0.93273159)
(22398, 0.93273159)
(225034, 0.93273159)
(270329, 0.93273151)
(264995, 0.93273151)
(371794, 0.93273151)
(160753, 0.93273151)
(274910, 0.93273151)
(56113, 0.93273151)
(211757, 0.93273151)
(193217, 0.93273151)
(68908, 0.93273151)
(41641, 0.93273151)
(60160, 0.93273151)
(419929, 0.93273151)
(390385, 0.93273151)
(338967, 0.93273151)
(193087, 0.93273151)
(256547, 0.93273142)
(221416, 0.93273142)
(3959, 0.93273142)
(252096, 0.93273142)
(32530, 0.93273142)
(10510, 0.93273142)
(140499, 0.93273142)
(144267, 0.93273142)
(340197, 0.93273142)
(229477, 0.93273142)
(66218, 0.93273142)
(48973, 0.93273142)
(258953, 0.93273142)
(168160, 0.93273142)
(320619, 0.93273142)
(88836, 0.93273142)
(169729, 0.93273142)
(165387, 0.93273142)
(59011, 0.93273142)
(160983, 0.93273142)
(187762, 0.93273142)
(350344, 0.93273142)
(322880, 0.93273142)
(375933, 0.93273142)
(305041, 0.93273142)
(49849, 0.93273134)
(73023, 0.93273134)
(312234, 0.93272455)
(280474, 0.93272455)
(288202, 0.93272455)
(257378, 0.93272455)
(223243, 0.93272455)
(157365, 0.93272455)
(180783, 0.93272446)
(328647, 0.93272446)
(9017, 0.93272446)
(416948, 0.93272446)
(140409, 0.93272446)
(373010, 0.93272446)
(164436, 0.93272446)
(387244, 0.93272446)
(339220, 0.93272446)
(223969, 0.93272446)
(258649, 0.93272446)
(291501, 0.93272446)
(277504, 0.93272446)
(247568, 0.93272446)
(246076, 0.93272446)
(283001, 0.93272446)
(105540, 0.93272446)
(268953, 0.93272446)
(284051, 0.93272446)
(98464, 0.93272446)
(54169, 0.93272446)
(333424, 0.93272438)
(135096, 0.93272438)
(83180, 0.93272438)
(51162, 0.93272438)
(204665, 0.93272438)
(52411, 0.9327243)
(175088, 0.93271758)
(189920, 0.93271758)
(98099, 0.9327175)
(323862, 0.9327175)
(308240, 0.9327175)
(58595, 0.9327175)
(296339, 0.9327175)
(274281, 0.9327175)
(249108, 0.9327175)
(110436, 0.9327175)
(151513, 0.9327175)
(133773, 0.9327175)
(308956, 0.9327175)
(124640, 0.9327175)
(273429, 0.9327175)
(241076, 0.9327175)
(383338, 0.93271742)
(201424, 0.93271742)
(94556, 0.93271742)
(143851, 0.93271742)
(337174, 0.93271742)
(81541, 0.93271742)
(167085, 0.93271742)
(117873, 0.93271742)
(8708, 0.93271742)
(91677, 0.93271742)
(182234, 0.93271742)
(247563, 0.93271742)
(110940, 0.93271742)
(399598, 0.93271742)
(127535, 0.93271734)
(138386, 0.93271054)
(318327, 0.93271054)
(290007, 0.93271054)
(227582, 0.93271046)
(169461, 0.93271046)
(385608, 0.93271046)
(373214, 0.93271046)
(285720, 0.93271046)
(375041, 0.93271046)
(315444, 0.93271046)
(235765, 0.93271046)
(65799, 0.93271046)
(403801, 0.93271046)
(345071, 0.93271046)
(316795, 0.93271046)
(356468, 0.93271037)
(142904, 0.93271037)
(90209, 0.93271037)
(30848, 0.93271037)
(118697, 0.9327035)
(220791, 0.9327035)
(173943, 0.9327035)
(152580, 0.9327035)
(286087, 0.9327035)
(8937, 0.9327035)
(406257, 0.9327035)
(415365, 0.9327035)
(33638, 0.93270341)
(237072, 0.93270341)
(197755, 0.93270341)
(153652, 0.93270341)
(89072, 0.93270341)
(333756, 0.93270341)
(192322, 0.93269653)
(391409, 0.93269645)
(209546, 0.93269645)
(218353, 0.93269645)
(53830, 0.93269637)
(158931, 0.93269637)
(88551, 0.93269637)
(156693, 0.93268941)
(386973, 0.93268941)
(246064, 0.93268245)
(391394, 0.93268245)
(131094, 0.93266836)
(358193, 0.93160393)
(395700, 0.93159697)
(199163, 0.93159697)
(299183, 0.93159697)
(341870, 0.93159697)
(209527, 0.93159697)
(364568, 0.93159001)
(35604, 0.93159001)
(400442, 0.93159001)
(51655, 0.93159001)
(112949, 0.93159001)
(166520, 0.93159001)
(335112, 0.93159001)
(315312, 0.93158993)
(347537, 0.93158993)
(218890, 0.93158305)
(280125, 0.93158305)
(48755, 0.93158305)
(129050, 0.93158305)
(87121, 0.93158305)
(313601, 0.93158305)
(88971, 0.93158305)
(292679, 0.93158305)
(78351, 0.93158296)
(201489, 0.93158296)
(121934, 0.93158296)
(223139, 0.93158296)
(17126, 0.93158296)
(28999, 0.93158296)
(144306, 0.93158296)
(392290, 0.93158296)
(37630, 0.93157609)
(55924, 0.93157609)
(92630, 0.931576)
(188158, 0.931576)
(334664, 0.931576)
(285001, 0.931576)
(129860, 0.931576)
(192470, 0.931576)
(13714, 0.931576)
(212314, 0.931576)
(13998, 0.931576)
(352026, 0.931576)
(368351, 0.931576)
(214161, 0.931576)
(12161, 0.931576)
(74895, 0.93157592)
(356533, 0.93157592)
(383866, 0.93157592)
(411906, 0.93157592)
(204975, 0.93157592)
(204031, 0.93156912)
(184224, 0.93156912)
(297630, 0.93156912)
(417194, 0.93156912)
(214932, 0.93156912)
(130438, 0.93156904)
(403973, 0.93156904)
(394154, 0.93156904)
(308636, 0.93156904)
(250597, 0.93156904)
(180769, 0.93156904)
(239731, 0.93156904)
(201132, 0.93156904)
(81383, 0.93156904)
(19754, 0.93156904)
(227439, 0.93156904)
(73478, 0.93156904)
(260849, 0.93156904)
(276055, 0.93156904)
(239965, 0.93156904)
(38862, 0.93156904)
(389414, 0.93156904)
(82119, 0.93156904)
(194992, 0.93156896)
(270666, 0.93156896)
(63008, 0.93156896)
(395535, 0.93156896)
(251747, 0.93156896)
(32226, 0.93156896)
(189807, 0.93156896)
(163267, 0.93156896)
(294460, 0.93156896)
(317753, 0.93156896)
(288235, 0.93156896)
(248856, 0.93156896)
(232150, 0.93156896)
(325770, 0.93156896)
(66993, 0.93156896)
(193241, 0.93156896)
(226200, 0.93156896)
(166382, 0.93156216)
(356574, 0.93156208)
(327100, 0.93156208)
(148578, 0.93156208)
(226749, 0.93156208)
(359729, 0.93156208)
(28474, 0.93156208)
(227607, 0.93156208)
(89921, 0.93156208)
(67437, 0.93156208)
(160713, 0.93156208)
(117154, 0.931562)
(23786, 0.931562)
(116630, 0.931562)
(55818, 0.931562)
(418408, 0.931562)
(120870, 0.931562)
(324322, 0.931562)
(53322, 0.931562)
(337029, 0.931562)
(411474, 0.931562)
(294529, 0.931562)
(352717, 0.931562)
(405035, 0.931562)
(250707, 0.931562)
(361146, 0.931562)
(69798, 0.931562)
(221911, 0.931562)
(347227, 0.931562)
(263191, 0.931562)
(382407, 0.931562)
(419448, 0.931562)
(194867, 0.93156191)
(170686, 0.93155512)
(46595, 0.93155512)
(10131, 0.93155512)
(84213, 0.93155512)
(398211, 0.93155512)
(197288, 0.93155512)
(221357, 0.93155504)
(191208, 0.93155504)
(327200, 0.93155504)
(233215, 0.93155504)
(30330, 0.93155504)
(248682, 0.93155504)
(147185, 0.93155504)
(269146, 0.93155504)
(20084, 0.93155504)
(281170, 0.93155504)
(72350, 0.93155504)
(145680, 0.93155504)
(81829, 0.93155504)
(189828, 0.93155504)
(145820, 0.93155504)
(373195, 0.93155504)
(387519, 0.93155504)
(311445, 0.93155504)
(30057, 0.93155504)
(179022, 0.93155504)
(340528, 0.93155504)
(207645, 0.93155504)
(239415, 0.93155495)
(106607, 0.93155495)
(300026, 0.93155495)
(266191, 0.93155495)
(372457, 0.93155495)
(92101, 0.93155495)
(84087, 0.93155495)
(15754, 0.93155495)
(165171, 0.93155495)
(32333, 0.93155495)
(227679, 0.93155495)
(195402, 0.93155495)
(391148, 0.93155495)
(356122, 0.93155495)
(212117, 0.93155495)
(203987, 0.93154816)
(250314, 0.93154816)
(352953, 0.93154807)
(70362, 0.93154807)
(418421, 0.93154807)
(398454, 0.93154807)
(334387, 0.93154799)
(29872, 0.93154799)
(326544, 0.93154799)
(259058, 0.93154799)
(224875, 0.93154799)
(230022, 0.93154799)
(200798, 0.93154799)
(336915, 0.93154799)
(354420, 0.93154799)
(379400, 0.93154799)
(194855, 0.93154799)
(224576, 0.93154799)
(228142, 0.93154799)
(216887, 0.93154799)
(255392, 0.93154799)
(163787, 0.93154799)
(54308, 0.93154799)
(170996, 0.93154799)
(241950, 0.93154791)
(19976, 0.93154791)
(180540, 0.93154791)
(11474, 0.93154791)
(107561, 0.93154791)
(75539, 0.93154791)
(387042, 0.93154791)
(23211, 0.93154791)
(388887, 0.93154111)
(219994, 0.93154111)
(163490, 0.93154111)
(326240, 0.93154103)
(205711, 0.93154103)
(85018, 0.93154103)
(419182, 0.93154103)
(250323, 0.93154103)
(400736, 0.93154103)
(425, 0.93154103)
(192212, 0.93154103)
(217312, 0.93154103)
(98805, 0.93154103)
(371568, 0.93154103)
(414937, 0.93154095)
(54461, 0.93154095)
(111447, 0.93154095)
(7718, 0.93154095)
(85676, 0.93154095)
(402630, 0.93154095)
(347753, 0.93154095)
(286973, 0.93153415)
(56943, 0.93153415)
(246205, 0.93153407)
(33362, 0.93153407)
(76346, 0.93153407)
(195460, 0.93153407)
(294023, 0.93153407)
(226707, 0.93153399)
(163359, 0.93153399)
(110592, 0.93153399)
(79714, 0.93153399)
(413564, 0.93153399)
(98437, 0.93153399)
(19739, 0.93153399)
(414399, 0.93153399)
(97212, 0.93153399)
(381244, 0.93153399)
(52583, 0.9315339)
(239430, 0.9315339)
(13457, 0.9315339)
(206450, 0.9315339)
(120123, 0.9315339)
(285759, 0.93152711)
(39758, 0.93152711)
(361386, 0.93152711)
(32701, 0.93152703)
(42421, 0.93152703)
(319512, 0.93152703)
(295919, 0.93152703)
(335297, 0.93152703)
(273822, 0.93152703)
(407459, 0.93152703)
(24749, 0.93152694)
(267161, 0.93152694)
(97639, 0.93152694)
(179253, 0.93152694)
(52209, 0.93152694)
(171529, 0.93152694)
(331688, 0.93152694)
(257679, 0.93152694)
(292966, 0.93152694)
(267095, 0.93152694)
(353602, 0.93152694)
(6809, 0.93152694)
(380803, 0.93152006)
(352287, 0.93152006)
(310466, 0.93152006)
(292653, 0.93152006)
(88336, 0.93152006)
(53030, 0.93151998)
(350006, 0.93151998)
(278306, 0.9315199)
(378225, 0.9315131)
(131681, 0.9315131)
(284752, 0.9315131)
(128928, 0.93151302)
(69566, 0.93151302)
(176757, 0.93151302)
(197051, 0.93151302)
(290593, 0.93150606)
(227184, 0.93149893)
(93753, 0.9304205)
(10050, 0.93041354)
(257859, 0.93041354)
(187736, 0.93041354)
(212292, 0.93040658)
(296175, 0.93040658)
(331686, 0.93040658)
(94006, 0.93040658)
(303729, 0.93040658)
(180199, 0.93040649)
(200925, 0.93040649)
(287344, 0.93040649)
(338805, 0.93040649)
(56241, 0.93039962)
(161672, 0.93039962)
(229794, 0.93039962)
(270075, 0.93039962)
(98263, 0.93039953)
(238561, 0.93039953)
(374358, 0.93039953)
(13260, 0.93039953)
(400870, 0.93039953)
(54714, 0.93039953)
(305996, 0.93039953)
(417301, 0.93039953)
(410259, 0.93039945)
(364979, 0.93039945)
(95466, 0.93039265)
(297845, 0.93039265)
(53658, 0.93039257)
(2982, 0.93039257)
(104315, 0.93039257)
(364261, 0.93039257)
(136653, 0.93039257)
(408056, 0.93039257)
(287464, 0.93039257)
(151636, 0.93039257)
(374695, 0.93039257)
(89519, 0.93039257)
(383423, 0.93039257)
(202324, 0.93039249)
(226996, 0.93039249)
(385616, 0.93039249)
(402598, 0.93039249)
(236146, 0.93039249)
(349151, 0.93039249)
(344020, 0.93039249)
(355293, 0.93039249)
(350635, 0.93038561)
(52220, 0.93038561)
(70461, 0.93038561)
(146062, 0.93038561)
(43969, 0.93038561)
(258632, 0.93038561)
(297460, 0.93038561)
(177502, 0.93038561)
(263754, 0.93038561)
(65923, 0.93038561)
(17269, 0.93038561)
(384063, 0.93038561)
(242212, 0.93038553)
(26024, 0.93038553)
(83349, 0.93038553)
(323501, 0.93038553)
(415411, 0.93038553)
(207570, 0.93038553)
(272479, 0.93038553)
(151696, 0.93038553)
(320234, 0.93038553)
(305535, 0.93038553)
(91270, 0.93038553)
(215612, 0.93038553)
(71777, 0.93038553)
(7759, 0.93038553)
(4707, 0.93038553)
(256001, 0.93038553)
(55501, 0.93038553)
(89345, 0.93038544)
(403320, 0.93038544)
(333545, 0.93038544)
(291655, 0.93038544)
(210795, 0.93038544)
(5344, 0.93037865)
(89243, 0.93037865)
(265685, 0.93037865)
(67650, 0.93037857)
(327011, 0.93037857)
(42414, 0.93037857)
(240874, 0.93037857)
(24842, 0.93037857)
(387548, 0.93037857)
(165125, 0.93037857)
(112479, 0.93037857)
(94020, 0.93037857)
(158844, 0.93037857)
(111921, 0.93037857)
(95997, 0.93037857)
(163098, 0.93037857)
(391217, 0.93037857)
(227437, 0.93037857)
(110623, 0.93037857)
(166796, 0.93037857)
(105204, 0.93037857)
(259517, 0.93037857)
(284022, 0.93037848)
(135923, 0.93037848)
(384130, 0.93037848)
(259217, 0.93037848)
(122602, 0.93037848)
(349623, 0.93037848)
(25159, 0.93037848)
(418997, 0.93037848)
(182640, 0.9303784)
(124349, 0.9303784)
(203416, 0.9303716)
(50374, 0.9303716)
(169882, 0.9303716)
(34515, 0.9303716)
(12975, 0.9303716)
(9021, 0.9303716)
(19616, 0.9303716)
(357136, 0.9303716)
(376101, 0.93037152)
(112944, 0.93037152)
(69079, 0.93037152)
(365773, 0.93037152)
(417861, 0.93037152)
(233962, 0.93037152)
(169422, 0.93037152)
(378786, 0.93037152)
(229361, 0.93037152)
(191075, 0.93037152)
(14647, 0.93037152)
(325972, 0.93037152)
(314750, 0.93037152)
(386940, 0.93037152)
(190574, 0.93037152)
(153763, 0.93037152)
(413889, 0.93037152)
(267264, 0.93037152)
(96216, 0.93037152)
(152040, 0.93037152)
(55420, 0.93037152)
(236379, 0.93037152)
(362669, 0.93037152)
(47549, 0.93037144)
(30464, 0.93037144)
(275807, 0.93037144)
(359587, 0.93037144)
(157903, 0.93036473)
(77360, 0.93036464)
(38924, 0.93036464)
(133649, 0.93036464)
(141972, 0.93036456)
(190080, 0.93036456)
(260994, 0.93036456)
(86396, 0.93036456)
(296028, 0.93036456)
(266030, 0.93036456)
(416267, 0.93036456)
(237618, 0.93036456)
(361706, 0.93036456)
(108309, 0.93036456)
(241574, 0.93036456)
(107845, 0.93036456)
(119563, 0.93036456)
(372722, 0.93036456)
(177189, 0.93036456)
(26951, 0.93036448)
(355616, 0.93036448)
(418974, 0.93036448)
(230689, 0.93036448)
(46580, 0.93036448)
(266247, 0.93036448)
(11576, 0.93036448)
(7505, 0.93036448)
(156728, 0.93036448)
(336177, 0.93036448)
(393901, 0.93036448)
(115427, 0.93036448)
(239361, 0.93036448)
(88543, 0.93036448)
(411368, 0.93036448)
(70475, 0.93036439)
(167567, 0.93036439)
(277507, 0.9303576)
(409823, 0.9303576)
(8927, 0.9303576)
(331503, 0.9303576)
(75037, 0.9303576)
(205393, 0.9303576)
(40339, 0.9303576)
(96229, 0.9303576)
(114401, 0.9303576)
(110513, 0.9303576)
(366119, 0.9303576)
(117648, 0.9303576)
(390204, 0.93035752)
(97841, 0.93035752)
(323673, 0.93035752)
(409587, 0.93035752)
(6479, 0.93035752)
(408167, 0.93035752)
(266799, 0.93035752)
(333199, 0.93035752)
(297484, 0.93035752)
(54212, 0.93035752)
(36854, 0.93035752)
(193370, 0.93035752)
(313386, 0.93035752)
(285771, 0.93035752)
(28821, 0.93035752)
(363325, 0.93035752)
(303784, 0.93035752)
(291609, 0.93035752)
(202975, 0.93035752)
(20356, 0.93035752)
(208298, 0.93035752)
(42691, 0.93035752)
(372849, 0.93035743)
(442, 0.93035743)
(35181, 0.93035743)
(114510, 0.93035743)
(68349, 0.93035743)
(79746, 0.93035055)
(357229, 0.93035055)
(74990, 0.93035055)
(105318, 0.93035055)
(3245, 0.93035055)
(56397, 0.93035055)
(396403, 0.93035055)
(83019, 0.93035055)
(303557, 0.93035055)
(231946, 0.93035055)
(202536, 0.93035055)
(197420, 0.93035055)
(49289, 0.93035047)
(296320, 0.93035047)
(332113, 0.93035047)
(159299, 0.93035047)
(194733, 0.93034368)
(62350, 0.93034359)
(193736, 0.93034359)
(368257, 0.93034351)
(305516, 0.93034351)
(294143, 0.93034351)
(217407, 0.93034351)
(234844, 0.93034343)
(78975, 0.93033671)
(274443, 0.93033663)
(203660, 0.93033655)
(363740, 0.93033655)
(313104, 0.93033655)
(260770, 0.93033655)
(401167, 0.93033655)
(85031, 0.93033647)
(284006, 0.93033647)
(415997, 0.93033647)
(82479, 0.93032959)
(94799, 0.9303295)
(321910, 0.9303295)
(305945, 0.9303295)
(129726, 0.93032254)
(316129, 0.93032254)
(416825, 0.93032254)
(18051, 0.93032254)
(187926, 0.93032254)
(180643, 0.93032254)
(59698, 0.9303155)
(398102, 0.92924403)
(399675, 0.92923707)
(318195, 0.92923002)
(286857, 0.92923002)
(227592, 0.92923002)
(100817, 0.92923002)
(65604, 0.92922314)
(58218, 0.92922306)
(11056, 0.92922306)
(135040, 0.92922298)
(43637, 0.92922298)
(375005, 0.9292161)
(93727, 0.9292161)
(136965, 0.9292161)
(273417, 0.9292161)
(317376, 0.9292161)
(397806, 0.9292161)
(122299, 0.9292161)
(249313, 0.9292161)
(5525, 0.9292161)
(296466, 0.9292161)
(195253, 0.9292161)
(68571, 0.92921602)
(392301, 0.92921602)
(198445, 0.92921602)
(220318, 0.92921602)
(85345, 0.92921602)
(328418, 0.92921602)
(360413, 0.92921602)
(159388, 0.92921602)
(126184, 0.92921602)
(156065, 0.92921602)
(219576, 0.92920914)
(270622, 0.92920914)
(47849, 0.92920914)
(236263, 0.92920906)
(302641, 0.92920906)
(181494, 0.92920906)
(90694, 0.92920906)
(195678, 0.92920906)
(20559, 0.92920906)
(357339, 0.92920906)
(168352, 0.92920906)
(110152, 0.92920906)
(284591, 0.92920906)
(176335, 0.92920906)
(330944, 0.92920906)
(122702, 0.92920906)
(320587, 0.92920906)
(360300, 0.92920897)
(218570, 0.92920897)
(363814, 0.92920897)
(43848, 0.92920897)
(310981, 0.92920218)
(18656, 0.9292021)
(225220, 0.9292021)
(73470, 0.9292021)
(381239, 0.9292021)
(49608, 0.9292021)
(51463, 0.9292021)
(262511, 0.9292021)
(369084, 0.9292021)
(26214, 0.9292021)
(374177, 0.9292021)
(368550, 0.9292021)
(287020, 0.9292021)
(338936, 0.9292021)
(53034, 0.9292021)
(89129, 0.9292021)
(118575, 0.92920201)
(320015, 0.92920201)
(58193, 0.92920201)
(210463, 0.92920201)
(274548, 0.92920201)
(9276, 0.92920201)
(244223, 0.92920201)
(287465, 0.92920201)
(72916, 0.92920201)
(93743, 0.92920193)
(10785, 0.92919522)
(234445, 0.92919522)
(54740, 0.92919522)
(355195, 0.92919522)
(40664, 0.92919513)
(334084, 0.92919513)
(100929, 0.92919513)
(110260, 0.92919513)
(336338, 0.92919513)
(354972, 0.92919513)
(100104, 0.92919513)
(115316, 0.92919513)
(239161, 0.92919505)
(179207, 0.92919505)
(156298, 0.92919505)
(49185, 0.92919505)
(138608, 0.92919505)
(118622, 0.92919505)
(286932, 0.92919505)
(262935, 0.92919505)
(167435, 0.92919505)
(9561, 0.92919505)
(348691, 0.92919505)
(4050, 0.92919505)
(148251, 0.92919505)
(325578, 0.92919505)
(213128, 0.92919505)
(63636, 0.92919505)
(358066, 0.92919505)
(355929, 0.92919505)
(325229, 0.92919497)
(60759, 0.92919497)
(190140, 0.92919497)
(83873, 0.92919497)
(118830, 0.92919497)
(197408, 0.92918826)
(277186, 0.92918817)
(284121, 0.92918817)
(208673, 0.92918817)
(295893, 0.92918817)
(7926, 0.92918817)
(360144, 0.92918809)
(31938, 0.92918809)
(370751, 0.92918809)
(377554, 0.92918809)
(135215, 0.92918809)
(297353, 0.92918809)
(357011, 0.92918809)
(207538, 0.92918809)
(24278, 0.92918809)
(385600, 0.92918809)
(388416, 0.92918809)
(322978, 0.92918809)
(102475, 0.92918809)
(28539, 0.92918809)
(142901, 0.92918809)
(111962, 0.92918809)
(305026, 0.92918801)
(367710, 0.92918801)
(21690, 0.92918801)
(44324, 0.92918801)
(348495, 0.92918801)
(364764, 0.92918801)
(302829, 0.92918801)
(16305, 0.92918801)
(251169, 0.92918801)
(285376, 0.92918801)
(235665, 0.92918801)
(35523, 0.92918792)
(383930, 0.92918792)
(210589, 0.92918121)
(3253, 0.92918113)
(210850, 0.92918113)
(218230, 0.92918113)
(382144, 0.92918113)
(323366, 0.92918113)
(199832, 0.92918113)
(63898, 0.92918113)
(120206, 0.92918113)
(318694, 0.92918113)
(98154, 0.92918113)
(339939, 0.92918105)
(338754, 0.92918105)
(346848, 0.92918105)
(111105, 0.92918105)
(349106, 0.92918105)
(159830, 0.92918105)
(84367, 0.92918105)
(21462, 0.92918105)
(31825, 0.92918105)
(174044, 0.92918105)
(369573, 0.92918105)
(374889, 0.92918105)
(13560, 0.92918105)
(92129, 0.92918105)
(367289, 0.92918105)
(325466, 0.92918105)
(114325, 0.92918096)
(366940, 0.92918096)
(412600, 0.92918096)
(360953, 0.92917425)
(247593, 0.92917425)
(48513, 0.92917425)
(41531, 0.92917417)
(375782, 0.92917417)
(89478, 0.92917417)
(76222, 0.92917417)
(77314, 0.92917417)
(179230, 0.92917417)
(98520, 0.92917417)
(327793, 0.92917417)
(240520, 0.92917417)
(339784, 0.92917408)
(92289, 0.92917408)
(307689, 0.92917408)
(179234, 0.92917408)
(264020, 0.92917408)
(290127, 0.92917408)
(412232, 0.92917408)
(144999, 0.92917408)
(238506, 0.92917408)
(292551, 0.92917408)
(210835, 0.929174)
(85063, 0.929174)
(150222, 0.929174)
(61827, 0.929174)
(123861, 0.929174)
(357962, 0.929174)
(151067, 0.929174)
(128762, 0.92916721)
(338371, 0.92916712)
(179761, 0.92916712)
(376656, 0.92916712)
(1371, 0.92916712)
(21766, 0.92916704)
(352223, 0.92916704)
(157856, 0.92916704)
(15992, 0.92916704)
(142379, 0.92916704)
(274856, 0.92916704)
(337603, 0.92916704)
(55662, 0.92916704)
(306974, 0.92916704)
(260517, 0.92916696)
(127870, 0.92916016)
(256399, 0.92916016)
(361442, 0.92916008)
(120841, 0.92916008)
(145086, 0.92916008)
(275731, 0.92916008)
(31505, 0.92916008)
(108987, 0.92916008)
(398644, 0.92916008)
(147744, 0.92916008)
(36640, 0.92916)
(306279, 0.92916)
(316670, 0.92916)
(214864, 0.92916)
(188898, 0.92916)
(419740, 0.92916)
(98492, 0.92915328)
(21599, 0.92915312)
(299218, 0.92915312)
(356759, 0.92915303)
(44594, 0.92915303)
(216072, 0.92915303)
(374431, 0.92915303)
(27045, 0.92915295)
(214439, 0.92915295)
(190539, 0.92914616)
(186142, 0.92914616)
(215519, 0.92914607)
(160134, 0.92914607)
(384015, 0.92913919)
(345098, 0.92913911)
(223205, 0.92913911)
(69597, 0.92913207)
(76374, 0.92913207)
(13010, 0.92912511)
(35103, 0.92806756)
(392919, 0.92806051)
(327295, 0.92805364)
(362990, 0.92805355)
(45789, 0.92804659)
(306015, 0.92804659)
(159030, 0.92804659)
(382003, 0.92804651)
(318637, 0.92803963)
(419050, 0.92803963)
(184008, 0.92803963)
(305098, 0.92803963)
(129721, 0.92803963)
(158582, 0.92803963)
(240513, 0.92803963)
(330581, 0.92803963)
(273022, 0.92803955)
(373315, 0.92803955)
(237890, 0.92803955)
(323574, 0.92803267)
(300716, 0.92803267)
(76990, 0.92803267)
(299103, 0.92803267)
(169733, 0.92803267)
(121027, 0.92803259)
(316533, 0.92803259)
(264371, 0.92803259)
(81472, 0.92803259)
(89913, 0.92803259)
(358589, 0.92803259)
(128242, 0.92803259)
(102999, 0.92803259)
(190097, 0.92803259)
(20497, 0.92803259)
(383312, 0.92803259)
(45115, 0.92803259)
(190294, 0.92803259)
(2574, 0.92803259)
(257309, 0.9280325)
(254062, 0.9280325)
(333315, 0.9280325)
(155884, 0.9280325)
(319462, 0.9280325)
(75732, 0.9280325)
(6280, 0.92803242)
(5479, 0.92802579)
(160676, 0.92802571)
(144463, 0.92802571)
(417975, 0.92802571)
(67606, 0.92802571)
(234178, 0.92802571)
(356484, 0.92802562)
(230775, 0.92802562)
(335114, 0.92802562)
(243978, 0.92802562)
(283704, 0.92802562)
(246748, 0.92802554)
(17570, 0.92802554)
(221056, 0.92802554)
(250620, 0.92802554)
(334228, 0.92802554)
(1058, 0.92802554)
(114348, 0.92802554)
(159756, 0.92802546)
(79762, 0.92801875)
(418178, 0.92801875)
(161137, 0.92801866)
(363349, 0.92801866)
(360435, 0.92801866)
(76119, 0.92801866)
(246351, 0.92801866)
(281850, 0.92801866)
(152222, 0.92801858)
(12577, 0.92801858)
(372594, 0.92801858)
(207232, 0.92801858)
(47966, 0.92801858)
(152231, 0.92801858)
(196623, 0.92801858)
(314996, 0.92801858)
(268941, 0.92801858)
(56211, 0.92801858)
(100191, 0.92801858)
(240580, 0.92801858)
(294943, 0.92801858)
(65819, 0.92801858)
(344396, 0.92801858)
(302988, 0.92801178)
(323957, 0.9280117)
(305042, 0.9280117)
(75281, 0.9280117)
(264775, 0.9280117)
(339455, 0.9280117)
(295979, 0.9280117)
(391204, 0.9280117)
(289115, 0.9280117)
(168397, 0.92801162)
(324439, 0.92801162)
(59172, 0.92801162)
(384982, 0.92801162)
(108004, 0.92801162)
(172827, 0.92801162)
(144479, 0.92801162)
(250835, 0.92801162)
(380725, 0.92801154)
(317810, 0.92801154)
(141436, 0.92801154)
(190594, 0.92801154)
(276868, 0.92801154)
(342074, 0.92801154)
(273454, 0.92801154)
(341673, 0.92801154)
(86703, 0.92801154)
(85799, 0.92801154)
(162075, 0.92800474)
(218754, 0.92800474)
(96881, 0.92800474)
(127938, 0.92800466)
(249379, 0.92800466)
(396353, 0.92800466)
(137232, 0.92800466)
(238798, 0.92800466)
(158507, 0.92800466)
(191783, 0.92800466)
(303495, 0.92800466)
(60713, 0.92800466)
(409894, 0.92800466)
(51189, 0.92800457)
(5598, 0.92800457)
(329021, 0.92800457)
(201418, 0.92800457)
(113497, 0.92800457)
(236021, 0.92800457)
(351796, 0.92800457)
(372103, 0.92800457)
(351677, 0.92800457)
(209763, 0.92800457)
(49064, 0.92800457)
(210935, 0.92800457)
(259318, 0.92800457)
(187264, 0.92800457)
(47774, 0.92800449)
(112992, 0.92800449)
(184664, 0.92800449)
(205545, 0.92799778)
(330672, 0.9279977)
(210096, 0.9279977)
(313477, 0.9279977)
(222306, 0.92799761)
(353846, 0.92799761)
(253628, 0.92799761)
(390049, 0.92799761)
(334080, 0.92799761)
(168661, 0.92799761)
(319653, 0.92799761)
(106880, 0.92799761)
(3526, 0.92799761)
(322256, 0.92799761)
(57171, 0.92799761)
(77974, 0.92799753)
(318177, 0.92799753)
(324365, 0.92799753)
(162152, 0.92799753)
(134239, 0.92799753)
(393556, 0.92799753)
(251785, 0.92799753)
(287570, 0.92799753)
(199497, 0.92799753)
(82989, 0.92799753)
(356622, 0.92799753)
(338942, 0.92799753)
(295247, 0.92799073)
(324926, 0.92799065)
(396449, 0.92799065)
(213668, 0.92799065)
(234583, 0.92799065)
(51834, 0.92799065)
(29582, 0.92799065)
(171944, 0.92799065)
(187885, 0.92799057)
(209717, 0.92799057)
(176391, 0.92799057)
(163323, 0.92799057)
(263397, 0.92799057)
(86734, 0.92799057)
(394626, 0.92799057)
(151521, 0.92799057)
(174435, 0.92799057)
(267516, 0.92799057)
(115764, 0.92798377)
(380866, 0.92798369)
(202169, 0.92798369)
(146638, 0.92798369)
(15600, 0.92798369)
(219309, 0.92798361)
(81739, 0.92798361)
(116612, 0.92798361)
(407448, 0.92798361)
(322146, 0.92798361)
(271099, 0.92798361)
(161572, 0.92798352)
(330855, 0.92798352)
(332300, 0.92798352)
(247024, 0.92797673)
(361584, 0.92797673)
(147697, 0.92797665)
(27480, 0.92797665)
(398955, 0.92797665)
(252792, 0.92797665)
(185217, 0.92797665)
(346105, 0.92797665)
(262045, 0.92797665)
(275819, 0.92797656)
(287972, 0.92797656)
(25751, 0.92797656)
(146332, 0.92797656)
(186558, 0.92797656)
(128281, 0.92797656)
(222019, 0.92797656)
(348942, 0.92797656)
(96304, 0.92797656)
(393871, 0.92797648)
(101626, 0.9279696)
(415110, 0.9279696)
(99403, 0.92796952)
(44491, 0.92796952)
(153260, 0.92796952)
(316838, 0.92796264)
(318721, 0.92796264)
(119252, 0.92796264)
(308349, 0.92796264)
(267391, 0.92796264)
(322860, 0.92796247)
(360148, 0.92795568)
(337897, 0.92795551)
(299395, 0.92688404)
(89130, 0.92687708)
(139752, 0.9268702)
(154171, 0.92687012)
(354825, 0.92687012)
(47168, 0.92687012)
(404330, 0.92687012)
(35889, 0.92687012)
(23919, 0.92687004)
(103625, 0.92687004)
(307769, 0.92686324)
(221812, 0.92686308)
(407314, 0.92686308)
(166421, 0.92686308)
(116230, 0.92686308)
(270107, 0.9268562)
(398588, 0.9268562)
(138996, 0.92685612)
(24939, 0.92685612)
(318865, 0.92685612)
(276745, 0.92685612)
(150049, 0.92685612)
(94250, 0.92685603)
(205538, 0.92684924)
(284026, 0.92684924)
(349934, 0.92684924)
(160082, 0.92684924)
(368838, 0.92684924)
(73446, 0.92684924)
(388579, 0.92684915)
(62557, 0.92684915)
(369582, 0.92684915)
(378890, 0.92684915)
(96378, 0.92684915)
(90276, 0.92684915)
(136671, 0.92684915)
(365629, 0.92684915)
(2136, 0.92684915)
(50312, 0.92684915)
(84616, 0.92684915)
(271811, 0.92684915)
(208709, 0.92684907)
(11802, 0.92684907)
(375985, 0.92684907)
(339855, 0.92684907)
(191876, 0.92684899)
(333736, 0.92684228)
(238272, 0.92684228)
(147433, 0.92684219)
(293390, 0.92684219)
(170025, 0.92684211)
(69635, 0.92684211)
(136318, 0.92684211)
(228925, 0.92684211)
(297122, 0.92684211)
(270187, 0.92684211)
(162858, 0.92684211)
(58747, 0.92684203)
(11046, 0.92684203)
(25503, 0.92684203)
(419425, 0.92684203)
(235677, 0.92683523)
(254613, 0.92683523)
(133029, 0.92683523)
(41537, 0.92683523)
(245247, 0.92683523)
(21133, 0.92683523)
(27939, 0.92683523)
(316909, 0.92683523)
(36371, 0.92683523)
(402734, 0.92683523)
(348322, 0.92683515)
(221111, 0.92683515)
(80051, 0.92683515)
(359497, 0.92683515)
(296778, 0.92683515)
(406439, 0.92683515)
(185753, 0.92683515)
(239067, 0.92683515)
(122610, 0.92683515)
(331422, 0.92683515)
(232649, 0.92683515)
(6901, 0.92683515)
(334653, 0.92683515)
(175052, 0.92683515)
(336281, 0.92683515)
(10151, 0.92683515)
(5469, 0.92683515)
(357693, 0.92683515)
(232450, 0.92683507)
(40728, 0.92683507)
(155796, 0.92683507)
(79411, 0.92683507)
(367402, 0.92683507)
(229588, 0.92682835)
(416649, 0.92682827)
(361758, 0.92682827)
(141184, 0.92682827)
(181033, 0.92682819)
(52561, 0.92682819)
(3990, 0.92682819)
(161922, 0.92682819)
(386453, 0.92682819)
(317643, 0.92682819)
(145813, 0.92682819)
(329515, 0.92682819)
(190926, 0.92682819)
(334513, 0.92682819)
(214855, 0.92682819)
(384213, 0.9268281)
(57600, 0.9268281)
(412887, 0.9268281)
(242934, 0.9268281)
(369319, 0.9268281)
(231618, 0.9268281)
(180924, 0.9268281)
(91446, 0.9268281)
(132506, 0.9268281)
(146690, 0.9268281)
(3311, 0.9268281)
(161851, 0.9268281)
(59595, 0.9268281)
(390876, 0.9268281)
(380763, 0.9268281)
(262048, 0.9268281)
(399130, 0.9268281)
(32441, 0.92682802)
(250796, 0.92682802)
(254905, 0.92682131)
(346146, 0.92682123)
(378975, 0.92682123)
(415390, 0.92682123)
(198959, 0.92682123)
(235623, 0.92682123)
(139145, 0.92682123)
(103998, 0.92682114)
(22319, 0.92682114)
(307373, 0.92682114)
(370284, 0.92682114)
(367073, 0.92682114)
(188556, 0.92682114)
(166098, 0.92682114)
(333039, 0.92682114)
(231903, 0.92682114)
(242689, 0.92682114)
(173060, 0.92682114)
(301599, 0.92682114)
(84280, 0.92682114)
(29999, 0.92682114)
(344263, 0.92682106)
(361817, 0.92682106)
(189950, 0.92682106)
(272710, 0.92682106)
(73161, 0.92682106)
(150734, 0.92681426)
(702, 0.92681426)
(123963, 0.92681426)
(390145, 0.92681418)
(65319, 0.92681418)
(258776, 0.92681418)
(228102, 0.92681418)
(338147, 0.92681418)
(130312, 0.92681418)
(371685, 0.92681418)
(138336, 0.92681418)
(163906, 0.92681418)
(21890, 0.9268141)
(50594, 0.9268141)
(200997, 0.9268141)
(292233, 0.9268141)
(239538, 0.9268141)
(390248, 0.9268141)
(138591, 0.9268141)
(244935, 0.9268141)
(95503, 0.92681402)
(262960, 0.92681402)
(310833, 0.9268073)
(399370, 0.92680722)
(333897, 0.92680722)
(99746, 0.92680722)
(289069, 0.92680722)
(420347, 0.92680722)
(136472, 0.92680714)
(226602, 0.92680714)
(340185, 0.92680714)
(264030, 0.92680714)
(146844, 0.92680714)
(378706, 0.92680714)
(312811, 0.92680714)
(42188, 0.92680705)
(244808, 0.92680705)
(37740, 0.92680705)
(319250, 0.92680705)
(182467, 0.92680018)
(167924, 0.92680018)
(208310, 0.92680018)
(77205, 0.92680018)
(173740, 0.92680018)
(357572, 0.92680018)
(94912, 0.92680018)
(341882, 0.92680018)
(140269, 0.92680009)
(417023, 0.92680009)
(72803, 0.92680009)
(344015, 0.92680001)
(52908, 0.92680001)
(305979, 0.92680001)
(186980, 0.9267933)
(22108, 0.9267933)
(339035, 0.9267933)
(117155, 0.92679321)
(198576, 0.92679321)
(271217, 0.92679321)
(369735, 0.92679321)
(26199, 0.92679321)
(52558, 0.92679321)
(18030, 0.92679313)
(226095, 0.92679313)
(224787, 0.92679313)
(368288, 0.92679313)
(211059, 0.92678625)
(276874, 0.92678617)
(349722, 0.92678617)
(243264, 0.92678617)
(146371, 0.92678609)
(24375, 0.92678609)
(56806, 0.926786)
(219674, 0.926786)
(183792, 0.92677913)
(131415, 0.92677904)
(92610, 0.926772)
(274619, 0.92572158)
(93581, 0.92571462)
(105711, 0.92570757)
(207797, 0.92570757)
(98839, 0.92570061)
(196066, 0.92569373)
(355415, 0.92569373)
(362520, 0.92569365)
(383797, 0.92569365)
(133993, 0.92568677)
(69899, 0.92568669)
(153855, 0.92568669)
(12260, 0.92568661)
(64886, 0.92568661)
(221760, 0.92567973)
(196357, 0.92567964)
(252085, 0.92567964)
(175808, 0.92567964)
(152280, 0.92567964)
(69350, 0.92567277)
(149954, 0.92567277)
(328950, 0.92567268)
(269506, 0.92567268)
(30596, 0.92567268)
(243138, 0.92567268)
(141306, 0.92567268)
(319534, 0.92567268)
(214753, 0.92567268)
(366339, 0.92567268)
(271168, 0.92567268)
(307661, 0.92567268)
(353193, 0.9256726)
(148548, 0.9256726)
(26964, 0.9256726)
(21002, 0.9256726)
(116599, 0.9256726)
(102725, 0.9256658)
(212271, 0.92566572)
(396872, 0.92566572)
(231065, 0.92566572)
(76964, 0.92566572)
(86749, 0.92566572)
(369807, 0.92566572)
(146047, 0.92566564)
(65334, 0.92566564)
(22540, 0.92566564)
(170196, 0.92566564)
(216584, 0.92566564)
(196171, 0.92566564)
(36435, 0.92566556)
(79304, 0.92566556)
(183610, 0.92565876)
(27859, 0.92565876)
(310063, 0.92565876)
(346674, 0.92565876)
(203449, 0.92565868)
(11904, 0.92565868)
(153117, 0.92565868)
(389406, 0.92565868)
(339944, 0.92565868)
(188658, 0.92565868)
(78990, 0.92565859)
(379857, 0.92565859)
(291672, 0.92565859)
(65579, 0.92565188)
(365095, 0.9256518)
(321992, 0.92565172)
(91635, 0.92565172)
(56293, 0.92565172)
(143410, 0.92565172)
(27438, 0.92565172)
(141669, 0.92565172)
(348390, 0.92565172)
(120276, 0.92565172)
(211310, 0.92565172)
(378283, 0.92565163)
(218291, 0.92565163)
(360840, 0.92565163)
(154543, 0.92565163)
(419394, 0.92565163)
(137684, 0.92565163)
(342453, 0.92565163)
(118293, 0.92565163)
(102595, 0.92565163)
(311449, 0.92565163)
(20787, 0.92564484)
(347513, 0.92564484)
(254745, 0.92564484)
(220067, 0.92564475)
(335732, 0.92564475)
(372466, 0.92564475)
(74647, 0.92564475)
(399037, 0.92564467)
(332628, 0.92564467)
(124449, 0.92564467)
(18648, 0.92564467)
(116129, 0.92564467)
(302885, 0.92564467)
(74763, 0.92564467)
(286853, 0.92564459)
(13678, 0.92564451)
(95871, 0.92563788)
(405793, 0.92563779)
(253041, 0.92563779)
(340986, 0.92563779)
(194356, 0.92563771)
(283094, 0.92563771)
(290004, 0.92563771)
(253365, 0.92563771)
(128706, 0.92563771)
(227835, 0.92563771)
(215837, 0.92563771)
(33210, 0.92563771)
(322555, 0.92563771)
(75741, 0.92563763)
(51388, 0.92563763)
(106895, 0.92563763)
(327669, 0.92563763)
(92232, 0.92563763)
(161495, 0.92563763)
(100450, 0.92563754)
(397259, 0.92563754)
(414008, 0.92563083)
(225991, 0.92563075)
(365242, 0.92563075)
(42216, 0.92563075)
(88137, 0.92563067)
(284618, 0.92563067)
(76926, 0.92563067)
(272011, 0.92563067)
(303293, 0.92563067)
(44772, 0.92563067)
(140846, 0.92563067)
(244700, 0.92563067)
(182857, 0.92563067)
(259991, 0.92563058)
(115331, 0.92563058)
(31995, 0.92562379)
(143994, 0.92562379)
(198995, 0.92562379)
(174669, 0.92562379)
(152010, 0.92562379)
(393946, 0.92562371)
(373759, 0.92562371)
(225889, 0.92562371)
(413139, 0.92562371)
(325869, 0.92562371)
(367541, 0.92562371)
(199117, 0.92562371)
(241182, 0.92562371)
(186754, 0.92562362)
(123075, 0.92562362)
(408329, 0.92562362)
(345442, 0.92562362)
(380759, 0.92562362)
(296380, 0.92562362)
(107798, 0.92561683)
(104254, 0.92561674)
(163511, 0.92561674)
(17060, 0.92561674)
(216292, 0.92561674)
(108361, 0.92561666)
(356010, 0.92561666)
(224981, 0.92561658)
(261666, 0.92561658)
(124702, 0.92561658)
(212575, 0.92561658)
(296176, 0.92560978)
(128401, 0.92560978)
(131308, 0.92560978)
(228468, 0.9256097)
(245190, 0.9256097)
(387807, 0.92560962)
(73063, 0.92560962)
(417217, 0.92560962)
(254980, 0.92560962)
(364229, 0.92560962)
(243214, 0.92560953)
(12264, 0.92560274)
(18973, 0.92560266)
(309331, 0.92560257)
(411493, 0.92559578)
(238846, 0.92559569)
(47696, 0.92559569)
(256153, 0.92559561)
(372408, 0.92558857)
(148384, 0.92558169)
(140355, 0.92558169)
(150633, 0.92558169)
(222887, 0.92451718)
(291703, 0.92451022)
(345132, 0.92450326)
(125192, 0.92450326)
(340967, 0.92450326)
(353113, 0.92450326)
(80352, 0.92450326)
(144674, 0.92450317)
(134109, 0.92450317)
(301118, 0.9244963)
(319983, 0.9244963)
(209470, 0.92449621)
(10748, 0.92449621)
(171409, 0.92449621)
(149798, 0.92449621)
(338560, 0.92449621)
(359871, 0.92449621)
(228814, 0.92448933)
(396947, 0.92448925)
(2693, 0.92448925)
(76555, 0.92448925)
(61394, 0.92448925)
(96646, 0.92448925)
(343593, 0.92448925)
(113991, 0.92448925)
(122949, 0.92448925)
(32780, 0.92448917)
(89747, 0.92448917)
(80680, 0.92448909)
(325886, 0.92448237)
(244896, 0.92448229)
(28547, 0.92448229)
(52697, 0.92448229)
(308416, 0.92448229)
(357256, 0.92448229)
(108596, 0.92448229)
(159804, 0.92448221)
(342823, 0.92448221)
(92804, 0.92448221)
(186518, 0.92448221)
(43431, 0.92448221)
(150183, 0.92448221)
(185734, 0.92448221)
(412861, 0.92448221)
(385633, 0.92448221)
(417885, 0.92448221)
(295420, 0.92448212)
(215937, 0.92448212)
(66006, 0.92447533)
(336784, 0.92447533)
(255264, 0.92447525)
(9968, 0.92447525)
(250123, 0.92447525)
(216271, 0.92447525)
(358614, 0.92447525)
(313493, 0.92447525)
(377897, 0.92447516)
(342335, 0.92447516)
(54729, 0.92447516)
(75998, 0.92447516)
(279615, 0.92447516)
(277233, 0.92447516)
(57386, 0.92447516)
(416978, 0.92447516)
(200588, 0.92447516)
(55609, 0.92447516)
(82286, 0.92447516)
(370163, 0.92447516)
(154915, 0.92447516)
(281040, 0.92447516)
(378612, 0.92447508)
(387737, 0.92446828)
(282637, 0.92446828)
(205935, 0.92446828)
(394803, 0.92446828)
(188582, 0.9244682)
(94888, 0.9244682)
(353847, 0.9244682)
(235893, 0.9244682)
(237874, 0.9244682)
(332108, 0.92446812)
(50028, 0.92446812)
(396481, 0.92446141)
(229615, 0.92446141)
(102461, 0.92446132)
(411099, 0.92446132)
(73654, 0.92446132)
(231983, 0.92446124)
(85242, 0.92446124)
(264292, 0.92446124)
(276447, 0.92446124)
(265796, 0.92446124)
(167815, 0.92446124)
(418525, 0.92446124)
(195063, 0.92446124)
(112309, 0.92446116)
(241224, 0.92446116)
(244538, 0.92446116)
(23695, 0.92446116)
(57528, 0.92446116)
(418320, 0.92446107)
(201806, 0.92445428)
(288995, 0.92445428)
(212566, 0.92445428)
(124589, 0.92445428)
(203317, 0.92445428)
(335933, 0.9244542)
(343571, 0.9244542)
(355087, 0.9244542)
(18569, 0.9244542)
(398520, 0.9244542)
(228628, 0.92445411)
(410995, 0.92445411)
(298479, 0.92445411)
(192663, 0.92444732)
(342931, 0.92444732)
(413671, 0.92444732)
(76238, 0.92444723)
(278267, 0.92444723)
(80643, 0.92444723)
(246398, 0.92444715)
(147835, 0.92444715)
(417622, 0.92444715)
(168423, 0.92444715)
(301688, 0.92444715)
(322464, 0.92444715)
(288277, 0.92444715)
(29036, 0.92444715)
(112505, 0.92444036)
(242562, 0.92444027)
(272949, 0.92444027)
(10169, 0.92444027)
(302329, 0.92444027)
(250768, 0.92444019)
(141308, 0.92444019)
(90893, 0.92444019)
(171454, 0.92444019)
(166376, 0.92444019)
(351649, 0.92444019)
(334193, 0.92443331)
(408545, 0.92443331)
(169426, 0.92443323)
(346128, 0.92443323)
(90966, 0.92443323)
(91648, 0.92443323)
(321437, 0.92443323)
(82034, 0.92443323)
(365338, 0.92443315)
(206017, 0.92443315)
(365684, 0.92443315)
(61689, 0.92443315)
(414397, 0.92443315)
(401608, 0.92442635)
(236052, 0.92442627)
(324132, 0.92442627)
(278413, 0.92442618)
(208519, 0.92441931)
(254494, 0.92441922)
(105118, 0.92441922)
(293649, 0.92441914)
(237692, 0.92441226)
(252753, 0.92441226)
(397200, 0.92441218)
(34460, 0.92440522)
(273052, 0.92439826)
(313199, 0.92439817)
(160398, 0.92334071)
(391600, 0.92333375)
(370442, 0.92333366)
(177533, 0.92332679)
(295595, 0.9233267)
(68033, 0.92331982)
(398820, 0.92331982)
(18124, 0.92331974)
(328476, 0.92331966)
(92826, 0.92331966)
(46620, 0.92331278)
(83558, 0.92331278)
(369535, 0.92331278)
(25861, 0.92331278)
(108613, 0.9233127)
(140599, 0.9233127)
(161887, 0.9233127)
(64902, 0.9233127)
(278378, 0.92331261)
(131793, 0.92330582)
(199158, 0.92330582)
(322684, 0.92330582)
(371589, 0.92330582)
(252554, 0.92330574)
(139648, 0.92330574)
(176840, 0.92330574)
(126032, 0.92330574)
(179898, 0.92330574)
(117560, 0.92330574)
(81369, 0.92330574)
(79046, 0.92330565)
(153615, 0.92330565)
(57497, 0.92330565)
(214885, 0.92329886)
(128654, 0.92329886)
(19297, 0.92329878)
(238564, 0.92329878)
(384782, 0.92329878)
(297902, 0.92329878)
(244618, 0.92329878)
(18038, 0.92329869)
(332521, 0.92329869)
(145791, 0.92329181)
(345203, 0.92329181)
(78296, 0.92329181)
(417097, 0.92329181)
(278790, 0.92329181)
(153197, 0.92329181)
(26253, 0.92329181)
(321351, 0.92329173)
(284131, 0.92329173)
(157651, 0.92329173)
(25222, 0.92329173)
(237959, 0.92329173)
(106664, 0.92329173)
(401972, 0.92329165)
(168210, 0.92329165)
(263227, 0.92329165)
(94173, 0.92329165)
(82481, 0.92329165)
(87722, 0.92328485)
(361079, 0.92328485)
(66414, 0.92328485)
(388007, 0.92328485)
(99303, 0.92328477)
(332227, 0.92328477)
(272658, 0.92328477)
(342767, 0.92328477)
(19857, 0.92328477)
(11042, 0.92328477)
(157970, 0.92328469)
(419714, 0.92328469)
(418264, 0.92328469)
(236398, 0.92328469)
(127666, 0.9232846)
(288655, 0.92327781)
(297730, 0.92327781)
(353700, 0.92327781)
(201382, 0.92327781)
(281448, 0.92327781)
(245704, 0.92327781)
(137804, 0.92327773)
(72313, 0.92327773)
(409139, 0.92327773)
(358709, 0.92327773)
(238609, 0.92327773)
(159858, 0.92327773)
(196179, 0.92327773)
(404104, 0.92327773)
(216828, 0.92327773)
(157831, 0.92327773)
(102347, 0.92327773)
(318632, 0.92327773)
(105372, 0.92327773)
(280995, 0.92327764)
(40584, 0.92327085)
(225466, 0.92327085)
(405307, 0.92327085)
(414732, 0.92327076)
(173466, 0.92327076)
(64107, 0.92327076)
(122576, 0.92327076)
(165175, 0.92327076)
(323994, 0.92327076)
(178826, 0.92327068)
(132448, 0.92327068)
(197723, 0.92326389)
(10779, 0.92326389)
(86407, 0.9232638)
(44070, 0.9232638)
(6620, 0.92326372)
(30567, 0.92326372)
(50449, 0.92326372)
(119589, 0.92326372)
(131273, 0.92326364)
(8102, 0.92326364)
(75017, 0.92325692)
(216452, 0.92325676)
(52562, 0.92325676)
(90599, 0.92325676)
(187909, 0.92325668)
(304352, 0.92325668)
(311234, 0.92325668)
(256246, 0.92324996)
(297777, 0.92324988)
(200545, 0.9232498)
(399363, 0.9232498)
(118369, 0.92324971)
(315806, 0.92324971)
(269435, 0.92324971)
(97774, 0.92324971)
(226356, 0.92324971)
(63159, 0.92324971)
(386492, 0.92324963)
(327735, 0.92324275)
(35611, 0.92323579)
(32070, 0.92323579)
(98787, 0.92323579)
(47973, 0.92323571)
(229675, 0.92322875)
(56418, 0.92322187)
(49656, 0.92216424)
(158043, 0.92216424)
(102055, 0.92215032)
(354734, 0.92215023)
(255532, 0.92214327)
(277661, 0.92214327)
(300546, 0.92213631)
(57135, 0.92213631)
(251617, 0.92213623)
(235578, 0.92213623)
(51473, 0.92212935)
(323446, 0.92212935)
(40705, 0.92212927)
(50587, 0.92212927)
(142770, 0.92212927)
(38620, 0.92212927)
(340700, 0.92212918)
(234832, 0.92212247)
(400259, 0.9221223)
(381435, 0.9221223)
(317386, 0.9221223)
(382967, 0.92212222)
(90468, 0.92211534)
(363373, 0.92211534)
(21736, 0.92211534)
(49915, 0.92211534)
(82764, 0.92211526)
(267224, 0.92211518)
(293657, 0.92211518)
(248785, 0.92210838)
(407606, 0.92210838)
(410810, 0.92210838)
(201394, 0.92210838)
(387230, 0.92210838)
(108219, 0.92210838)
(297087, 0.9221083)
(98832, 0.9221083)
(212308, 0.9221083)
(397801, 0.9221083)
(17486, 0.9221083)
(114064, 0.9221083)
(251942, 0.9221083)
(63968, 0.92210822)
(417986, 0.92210822)
(318754, 0.92210822)
(150741, 0.92210822)
(56416, 0.92210822)
(382689, 0.92210142)
(24532, 0.92210134)
(82280, 0.92210125)
(113744, 0.92210125)
(226732, 0.92210125)
(108453, 0.92210117)
(106654, 0.92210117)
(396810, 0.92209446)
(222964, 0.92209438)
(264078, 0.92209438)
(373268, 0.92209429)
(234392, 0.92209429)
(212866, 0.92209429)
(261660, 0.92209429)
(147585, 0.92209421)
(27878, 0.92209421)
(107539, 0.92208733)
(339293, 0.92208733)
(95551, 0.92208733)
(354090, 0.92208733)
(81979, 0.92208733)
(131545, 0.92208733)
(368123, 0.92208733)
(156611, 0.92208725)
(173377, 0.92208717)
(206940, 0.92208717)
(319549, 0.92208029)
(318396, 0.92208029)
(173013, 0.9220802)
(156966, 0.9220802)
(384150, 0.9220802)
(317112, 0.92207333)
(282812, 0.92206628)
(168909, 0.92205228)
(81954, 0.9220454)
(113786, 0.92097385)
(4899, 0.92096697)
(99244, 0.9209668)
(361702, 0.9209668)
(46071, 0.92095976)
(127270, 0.92095976)
(318618, 0.92095967)
(38250, 0.92095296)
(95170, 0.92095288)
(128076, 0.92095288)
(81131, 0.92095288)
(358437, 0.92095288)
(288144, 0.9209528)
(223333, 0.92095271)
(54348, 0.920946)
(168897, 0.92094592)
(30399, 0.92094592)
(282293, 0.92094583)
(211863, 0.92094575)
(267882, 0.92094575)
(299578, 0.92094567)
(402909, 0.92093887)
(157169, 0.92093879)
(322100, 0.92093879)
(135371, 0.92093871)
(236, 0.92093199)
(40857, 0.92093191)
(91332, 0.92093183)
(279765, 0.92093183)
(99786, 0.92093183)
(333495, 0.92093183)
(61761, 0.92093183)
(394077, 0.92093183)
(412547, 0.92093175)
(236773, 0.92092487)
(70344, 0.92092487)
(156247, 0.92092487)
(105732, 0.92092478)
(290361, 0.92092478)
(288157, 0.9209247)
(183477, 0.9209247)
(43874, 0.92091791)
(276568, 0.92091791)
(217763, 0.92091791)
(300655, 0.92091782)
(71040, 0.92091782)
(265025, 0.92091782)
(254538, 0.92091782)
(126089, 0.92091782)
(50452, 0.92091782)
(59679, 0.92091782)
(378826, 0.92091774)
(198663, 0.92091094)
(2211, 0.92091094)
(233974, 0.92091086)
(375955, 0.92091078)
(126853, 0.92091078)
(41805, 0.92091078)
(149978, 0.92090398)
(372265, 0.9209039)
(120858, 0.92090382)
(402323, 0.92090382)
(244953, 0.92090373)
(380904, 0.92090373)
(160926, 0.92089694)
(242133, 0.92089669)
(317894, 0.92088989)
(44882, 0.92088989)
(321100, 0.92088268)
(159067, 0.92087581)
(280734, 0.92087581)
(412461, 0.92086901)
(153092, 0.92086893)
(225853, 0.92086876)
(381483, 0.92084788)
(79312, 0.92084779)
(230994, 0.91980434)
(403437, 0.91979041)
(99591, 0.91979033)
(197642, 0.91978337)
(225374, 0.91978329)
(23541, 0.91977632)
(112586, 0.91977624)
(328094, 0.91976928)
(169056, 0.9197624)
(196795, 0.91976232)
(195265, 0.91975544)
(111087, 0.91975544)
(51794, 0.91975544)
(110066, 0.91975536)
(97830, 0.91975536)
(291895, 0.91975536)
(183967, 0.91974848)
(331045, 0.91974848)
(227149, 0.9197484)
(26830, 0.91974831)
(330947, 0.91974823)
(118880, 0.91974152)
(372196, 0.91974144)
(244890, 0.91974144)
(222752, 0.91974144)
(384804, 0.91974135)
(254739, 0.91974135)
(306105, 0.91974135)
(416189, 0.91973447)
(17837, 0.91973431)
(186476, 0.91973431)
(209809, 0.91972751)
(274695, 0.91972743)
(206382, 0.91972735)
(203442, 0.91972735)
(199788, 0.91972735)
(230818, 0.91972726)
(179055, 0.91972055)
(843, 0.91972047)
(52974, 0.91972039)
(136453, 0.91972039)
(320372, 0.91972039)
(49990, 0.91972039)
(204739, 0.9197203)
(113510, 0.91972022)
(133008, 0.91971342)
(161489, 0.91971334)
(360079, 0.91971334)
(289195, 0.91970638)
(323108, 0.91969942)
(373799, 0.91969934)
(255404, 0.91969934)
(338652, 0.91969934)
(330225, 0.91969246)
(384436, 0.91969246)
(197186, 0.9196855)
(73125, 0.91967853)
(192934, 0.91861386)
(111670, 0.91860682)
(102644, 0.91859289)
(278700, 0.91858601)
(28701, 0.91858593)
(236950, 0.91858593)
(339210, 0.91858585)
(247290, 0.91858577)
(59088, 0.91857897)
(410625, 0.91857889)
(386645, 0.9185788)
(299329, 0.9185788)
(392346, 0.9185788)
(37776, 0.91857209)
(360956, 0.91857193)
(38760, 0.91857184)
(416697, 0.91856496)
(262566, 0.91856488)
(151940, 0.91856488)
(82009, 0.9185648)
(95978, 0.9185648)
(92230, 0.9185648)
(41495, 0.9185648)
(151754, 0.91856472)
(259933, 0.918558)
(386355, 0.91855784)
(60858, 0.91855112)
(399195, 0.91855096)
(395141, 0.91855096)
(58482, 0.91855096)
(292166, 0.91855096)
(24031, 0.91855088)
(135965, 0.91855088)
(310129, 0.91855079)
(290535, 0.91855079)
(76634, 0.91855079)
(407721, 0.91853695)
(90271, 0.91853687)
(42444, 0.91853679)
(229275, 0.91852999)
(337393, 0.91852991)
(150256, 0.91850878)
(111565, 0.91850198)
(19125, 0.91743747)
(241779, 0.91740258)
(295890, 0.91740242)
(118972, 0.91740242)
(401663, 0.91740242)
(186523, 0.91740233)
(177222, 0.91739554)
(326775, 0.91739554)
(35950, 0.91739546)
(27945, 0.91739546)
(25342, 0.91739529)
(302586, 0.91738849)
(86633, 0.91738145)
(156431, 0.91738145)
(390000, 0.91738137)
(178590, 0.91737457)
(367399, 0.91737441)
(150470, 0.91736753)
(290979, 0.91736057)
(94972, 0.91735336)
(386086, 0.91734631)
(277670, 0.91733952)
(111629, 0.91733935)
(245850, 0.91731134)
(218323, 0.91626788)
(340021, 0.916247)
(176861, 0.91623987)
(384506, 0.91623299)
(89900, 0.91623299)
(308635, 0.91622603)
(404744, 0.91622595)
(80681, 0.91622586)
(267184, 0.91621898)
(400076, 0.91621202)
(222574, 0.91621202)
(233100, 0.91621186)
(228902, 0.91619802)
(396888, 0.91619106)
(115069, 0.91619097)
(240881, 0.91618409)
(264767, 0.91618409)
(199443, 0.91618409)
(390930, 0.91618401)
(56271, 0.91617705)
(186496, 0.91616305)
(5393, 0.91616305)
(244649, 0.91616296)
(152238, 0.91507053)
(193257, 0.9150634)
(69001, 0.91504948)
(351219, 0.91503555)
(226257, 0.91502851)
(265310, 0.91502171)
(105261, 0.91502163)
(33311, 0.91502163)
(189871, 0.91501442)
(389955, 0.91500746)
(190620, 0.91496561)
(227264, 0.91386621)
(117850, 0.91382411)
(321122, 0.91382411)
(165912, 0.91382403)
(280506, 0.91378209)
(161286, 0.91266852)
(164585, 0.91265452)
(352886, 0.91145725)
(357949, 0.91144316)
(52382, 0.91144299)
(254825, 0.91032271)
(405605, 0.90913911)
