(20428, 0.94217816)
(338025, 0.94217816)
(7363, 0.94217816)
(187732, 0.94217816)
(92404, 0.94217816)
(310812, 0.94217816)
(291856, 0.94217816)
(345704, 0.94217816)
(63106, 0.94217816)
(231355, 0.94217816)
(180008, 0.94217816)
(110353, 0.94217816)
(21915, 0.94217816)
(272871, 0.94217816)
(147575, 0.94217816)
(118398, 0.94217816)
(109520, 0.94217816)
(212556, 0.94217816)
(251610, 0.94217816)
(64992, 0.94217816)
(7895, 0.94100865)
(297576, 0.94100865)
(334815, 0.94100865)
(205433, 0.94100169)
(121390, 0.94100169)
(340418, 0.94100169)
(352275, 0.94100169)
(296340, 0.94100169)
(333916, 0.94100169)
(146277, 0.94100169)
(25885, 0.94100169)
(28692, 0.94100169)
(82239, 0.94100169)
(247093, 0.94100169)
(341425, 0.94100169)
(336440, 0.94100169)
(291430, 0.94100169)
(49140, 0.94100169)
(299304, 0.94100169)
(117218, 0.94100169)
(215573, 0.94100169)
(164680, 0.94100169)
(374661, 0.94100169)
(120121, 0.94100169)
(185792, 0.94100169)
(343800, 0.94100169)
(214172, 0.94100169)
(153518, 0.94100169)
(333446, 0.94100169)
(43274, 0.94100169)
(95756, 0.94100169)
(321535, 0.94100169)
(96050, 0.94100169)
(343694, 0.94100169)
(169116, 0.94100169)
(159337, 0.94100169)
(343564, 0.94100169)
(338571, 0.94100169)
(19923, 0.94100169)
(247248, 0.94100169)
(267757, 0.94100169)
(317550, 0.94100169)
(392113, 0.94100169)
(258547, 0.94100169)
(130156, 0.94100169)
(74419, 0.94100169)
(260208, 0.94100169)
(48042, 0.94100169)
(362595, 0.94100169)
(334780, 0.94100169)
(157162, 0.94100169)
(6893, 0.94100169)
(165280, 0.94100169)
(171173, 0.94100169)
(300163, 0.94100169)
(30584, 0.94100169)
(395544, 0.94100169)
(17513, 0.94100169)
(214940, 0.94100169)
(108498, 0.94100169)
(344279, 0.94100169)
(32848, 0.94100169)
(359164, 0.94100169)
(298396, 0.94100169)
(106296, 0.94100169)
(333905, 0.94100169)
(10676, 0.94100169)
(386932, 0.94100169)
(274285, 0.94100169)
(187840, 0.94100169)
(242366, 0.94100169)
(167673, 0.94100169)
(334762, 0.94100169)
(208060, 0.94100169)
(203348, 0.94100169)
(67892, 0.94100169)
(177195, 0.94100169)
(146520, 0.94099473)
(13567, 0.94099473)
(239896, 0.94099473)
(166502, 0.94099473)
(316379, 0.94099473)
(92895, 0.94099473)
(322497, 0.94099473)
(85122, 0.94099473)
(57353, 0.94099473)
(86679, 0.94098777)
(242217, 0.94098769)
(395977, 0.94098769)
(208002, 0.94098769)
(376853, 0.94098769)
(63519, 0.94098769)
(282717, 0.94098064)
(417542, 0.93983218)
(157058, 0.93982522)
(396178, 0.93982522)
(149451, 0.93982522)
(54018, 0.93982522)
(220533, 0.93982522)
(76173, 0.93982522)
(403433, 0.93982522)
(88003, 0.93982522)
(92507, 0.93982522)
(112687, 0.93982522)
(320481, 0.93982522)
(168173, 0.93982522)
(60862, 0.93982522)
(240706, 0.93982522)
(112158, 0.93982522)
(279030, 0.93982522)
(371045, 0.93982522)
(314785, 0.93982522)
(201300, 0.93982522)
(382420, 0.93982522)
(126179, 0.93982522)
(375499, 0.93982522)
(150964, 0.93982522)
(401507, 0.93982522)
(148155, 0.93982522)
(306486, 0.93982522)
(280570, 0.93982522)
(349260, 0.93982522)
(51111, 0.93982522)
(224518, 0.93982522)
(48668, 0.93982522)
(284968, 0.93982522)
(416442, 0.93982522)
(289769, 0.93982522)
(309304, 0.93982522)
(248224, 0.93982522)
(210445, 0.93982522)
(346223, 0.93982522)
(171479, 0.93982522)
(50108, 0.93982522)
(73951, 0.93982522)
(416834, 0.93982522)
(106562, 0.93982522)
(87852, 0.93982522)
(53905, 0.93982522)
(253061, 0.93982522)
(395051, 0.93982522)
(287679, 0.93982522)
(148683, 0.93982522)
(210674, 0.93982522)
(195369, 0.93982522)
(188578, 0.93982522)
(148592, 0.93982522)
(51306, 0.93982522)
(200434, 0.93982522)
(239555, 0.93982522)
(384554, 0.93982522)
(30633, 0.93982522)
(211157, 0.93982522)
(389643, 0.93982522)
(97067, 0.93982522)
(234117, 0.93982522)
(336687, 0.93982522)
(110990, 0.93982522)
(255882, 0.93982522)
(232030, 0.93982522)
(403031, 0.93982522)
(39308, 0.93982522)
(283800, 0.93982522)
(234083, 0.93982522)
(296610, 0.93982522)
(343333, 0.93982522)
(223458, 0.93982522)
(393106, 0.93982522)
(81693, 0.93982522)
(333754, 0.93982522)
(44787, 0.93982522)
(104468, 0.93982522)
(410295, 0.93982522)
(224202, 0.93982522)
(385997, 0.93982522)
(412943, 0.93982522)
(137553, 0.93982522)
(359587, 0.93982522)
(388466, 0.93982522)
(321194, 0.93982522)
(17101, 0.93982522)
(400780, 0.93982522)
(51715, 0.93982522)
(418426, 0.93982522)
(23055, 0.93982522)
(34659, 0.93982522)
(182561, 0.93982522)
(299834, 0.93982522)
(275773, 0.93982522)
(38800, 0.93982522)
(126073, 0.93982522)
(179603, 0.93982522)
(49284, 0.93982522)
(166085, 0.93982522)
(182329, 0.93982522)
(197040, 0.93981826)
(67194, 0.93981826)
(405326, 0.93981826)
(356497, 0.93981826)
(149295, 0.93981826)
(373926, 0.93981826)
(59451, 0.93981826)
(354585, 0.93981826)
(143963, 0.93981826)
(99930, 0.93981826)
(121636, 0.93981826)
(183761, 0.93981826)
(35670, 0.93981826)
(351972, 0.93981826)
(338866, 0.93981826)
(95421, 0.93981826)
(379643, 0.93981826)
(318731, 0.93981826)
(304511, 0.93981826)
(326964, 0.93981826)
(309037, 0.93981826)
(44436, 0.93981826)
(23894, 0.93981826)
(314484, 0.93981826)
(377295, 0.93981826)
(304053, 0.93981826)
(370005, 0.93981826)
(184318, 0.93981826)
(244066, 0.93981826)
(15592, 0.93981826)
(148990, 0.93981826)
(179990, 0.93981826)
(125123, 0.93981826)
(33700, 0.93981826)
(92825, 0.93981826)
(292264, 0.93981826)
(143032, 0.93981826)
(231711, 0.93981826)
(288767, 0.93981826)
(288468, 0.93981826)
(292246, 0.93981826)
(217152, 0.93981826)
(247797, 0.93981826)
(194670, 0.93981826)
(263304, 0.93981826)
(292089, 0.93981826)
(261084, 0.93981826)
(394026, 0.93981826)
(48002, 0.93981826)
(387477, 0.93981826)
(90481, 0.93981818)
(344856, 0.93981818)
(287824, 0.9398113)
(39167, 0.9398113)
(73927, 0.9398113)
(210474, 0.93981121)
(402035, 0.93981121)
(247772, 0.93981121)
(5572, 0.93981121)
(167765, 0.93981121)
(253676, 0.93981121)
(114637, 0.93981121)
(86058, 0.93981121)
(390051, 0.93981121)
(66240, 0.93981121)
(156112, 0.93981121)
(145642, 0.93981121)
(188630, 0.93981121)
(273918, 0.93981121)
(135001, 0.93981121)
(292232, 0.93981121)
(191564, 0.93981121)
(152668, 0.93981121)
(248542, 0.93981121)
(339879, 0.93981121)
(415170, 0.93981121)
(9856, 0.93981121)
(187384, 0.93981121)
(395289, 0.93981121)
(352465, 0.93981121)
(3576, 0.93981121)
(254637, 0.93981121)
(19901, 0.93981121)
(177828, 0.93981121)
(396137, 0.93981121)
(382594, 0.93980425)
(15375, 0.93980425)
(145502, 0.93980425)
(363666, 0.93980425)
(117252, 0.93980425)
(77633, 0.93980425)
(41584, 0.93979729)
(371107, 0.93979721)
(193723, 0.93979721)
(311099, 0.93979721)
(340478, 0.93979721)
(406606, 0.93979721)
(313649, 0.93865571)
(278793, 0.93864875)
(338001, 0.93864875)
(405663, 0.93864875)
(76383, 0.93864875)
(34644, 0.93864875)
(373637, 0.93864875)
(340701, 0.93864875)
(26983, 0.93864875)
(212624, 0.93864875)
(405749, 0.93864875)
(202477, 0.93864875)
(138454, 0.93864875)
(217714, 0.93864875)
(374613, 0.93864875)
(176110, 0.93864875)
(357871, 0.93864875)
(379792, 0.93864875)
(276816, 0.93864875)
(92017, 0.93864875)
(323050, 0.93864875)
(195925, 0.93864875)
(5649, 0.93864875)
(93734, 0.93864875)
(182054, 0.93864875)
(413035, 0.93864875)
(54290, 0.93864875)
(394372, 0.93864875)
(110348, 0.93864875)
(260811, 0.93864875)
(268236, 0.93864875)
(142633, 0.93864875)
(96330, 0.93864875)
(401383, 0.93864875)
(280787, 0.93864875)
(403598, 0.93864875)
(182651, 0.93864875)
(334328, 0.93864875)
(124899, 0.93864875)
(116402, 0.93864875)
(198796, 0.93864875)
(370636, 0.93864875)
(32592, 0.93864875)
(40961, 0.93864875)
(377142, 0.93864875)
(257719, 0.93864875)
(107861, 0.93864875)
(275244, 0.93864875)
(371347, 0.93864875)
(259813, 0.93864875)
(180577, 0.93864875)
(378762, 0.93864875)
(157272, 0.93864875)
(186632, 0.93864875)
(250948, 0.93864875)
(79091, 0.93864875)
(371389, 0.93864875)
(97129, 0.93864875)
(70147, 0.93864875)
(187220, 0.93864875)
(388249, 0.93864875)
(17227, 0.93864875)
(412313, 0.93864875)
(407952, 0.93864875)
(350836, 0.93864875)
(265149, 0.93864875)
(357740, 0.93864875)
(347246, 0.93864875)
(200969, 0.93864875)
(56679, 0.93864875)
(164765, 0.93864875)
(279779, 0.93864875)
(130710, 0.93864875)
(98208, 0.93864875)
(52055, 0.93864875)
(319864, 0.93864875)
(346480, 0.93864875)
(325025, 0.93864875)
(412357, 0.93864875)
(273947, 0.93864875)
(94792, 0.93864875)
(184960, 0.93864875)
(266565, 0.93864875)
(220784, 0.93864875)
(189536, 0.93864875)
(282647, 0.93864875)
(286267, 0.93864875)
(261669, 0.93864875)
(159656, 0.93864875)
(120751, 0.93864875)
(154741, 0.93864875)
(186207, 0.93864875)
(186200, 0.93864875)
(361949, 0.93864875)
(148897, 0.93864875)
(280434, 0.93864875)
(330561, 0.93864875)
(51622, 0.93864875)
(240092, 0.93864875)
(283132, 0.93864875)
(122874, 0.93864875)
(207151, 0.93864875)
(263568, 0.93864875)
(321761, 0.93864187)
(65078, 0.93864179)
(302725, 0.93864179)
(300231, 0.93864179)
(270252, 0.93864179)
(24187, 0.93864179)
(365671, 0.93864179)
(88333, 0.93864179)
(400305, 0.93864179)
(67232, 0.93864179)
(151745, 0.93864179)
(31334, 0.93864179)
(110650, 0.93864179)
(340146, 0.93864179)
(83775, 0.93864179)
(359377, 0.93864179)
(216871, 0.93864179)
(159952, 0.93864179)
(179850, 0.93864179)
(409651, 0.93864179)
(32530, 0.93864179)
(79749, 0.93864179)
(401717, 0.93864179)
(252667, 0.93864179)
(315726, 0.93864179)
(259378, 0.93864179)
(130659, 0.93864179)
(367627, 0.93864179)
(94414, 0.93864179)
(67954, 0.93864179)
(351923, 0.93864179)
(208728, 0.93864179)
(334952, 0.93864179)
(45617, 0.93864179)
(355773, 0.93864179)
(269787, 0.93864179)
(249481, 0.93864179)
(315314, 0.93864179)
(163639, 0.93864179)
(158795, 0.93864179)
(372756, 0.93864179)
(39750, 0.93864179)
(239239, 0.93864179)
(116889, 0.93864179)
(37799, 0.93864179)
(94511, 0.93864179)
(158305, 0.93864179)
(79603, 0.93864179)
(403899, 0.93864179)
(317587, 0.93864179)
(379429, 0.93864179)
(212000, 0.93864179)
(169193, 0.93864179)
(393086, 0.93864179)
(6668, 0.93864179)
(190972, 0.93864179)
(364068, 0.93864179)
(71586, 0.93864179)
(295667, 0.93864179)
(357084, 0.93864179)
(81510, 0.93864179)
(61116, 0.93864179)
(29778, 0.93864179)
(109212, 0.93864179)
(202835, 0.93864179)
(54303, 0.93864179)
(294904, 0.93864179)
(128190, 0.93864179)
(48844, 0.93864179)
(45508, 0.93864179)
(391568, 0.93864179)
(131688, 0.93864179)
(165028, 0.93864179)
(102391, 0.93864171)
(110166, 0.93864171)
(155403, 0.93863483)
(124972, 0.93863483)
(33470, 0.93863483)
(314326, 0.93863483)
(41119, 0.93863483)
(160753, 0.93863483)
(362082, 0.93863483)
(200295, 0.93863483)
(379261, 0.93863483)
(48031, 0.93863483)
(207645, 0.93863483)
(297072, 0.93863474)
(292375, 0.93863474)
(69079, 0.93863474)
(274837, 0.93863474)
(279432, 0.93863474)
(141921, 0.93863474)
(186706, 0.93863474)
(274946, 0.93863474)
(321682, 0.93863474)
(198610, 0.93863474)
(67895, 0.93863474)
(318001, 0.93863474)
(309540, 0.93863474)
(383349, 0.93863474)
(353184, 0.93863474)
(101034, 0.93863474)
(98184, 0.93863474)
(115190, 0.93863474)
(144843, 0.93863474)
(290094, 0.93863474)
(165342, 0.93863474)
(34780, 0.93863474)
(290932, 0.93863474)
(94000, 0.93863474)
(73933, 0.93863474)
(409681, 0.93863474)
(24708, 0.93863474)
(154381, 0.93863474)
(168170, 0.93863474)
(127721, 0.93863474)
(304689, 0.93863474)
(235596, 0.93863474)
(9460, 0.93863474)
(16935, 0.93863474)
(191381, 0.93862787)
(414060, 0.93862787)
(310135, 0.93862787)
(323112, 0.93862787)
(155228, 0.93862778)
(203150, 0.93862778)
(210711, 0.93862778)
(360527, 0.93862778)
(48189, 0.93862778)
(98611, 0.93862778)
(260046, 0.93862778)
(257830, 0.93862778)
(77042, 0.93862778)
(171853, 0.93862778)
(84406, 0.93862778)
(19064, 0.93862778)
(94438, 0.93862778)
(358956, 0.93862778)
(184027, 0.93862778)
(316040, 0.93862778)
(101678, 0.93862778)
(246261, 0.93862778)
(153291, 0.93862778)
(156565, 0.93862778)
(95937, 0.93862778)
(365747, 0.93862778)
(341257, 0.93862778)
(327881, 0.93862778)
(370457, 0.93862082)
(379443, 0.93862082)
(59346, 0.93862082)
(406157, 0.93862074)
(662, 0.93862074)
(271930, 0.93862074)
(280490, 0.93862074)
(190539, 0.93861386)
(178767, 0.93748628)
(370990, 0.93747932)
(248786, 0.93747924)
(196871, 0.93747228)
(193634, 0.93747228)
(76803, 0.93747228)
(2078, 0.93747228)
(265884, 0.93747228)
(243947, 0.93747228)
(240610, 0.93747228)
(249692, 0.93747228)
(100821, 0.93747228)
(284866, 0.93747228)
(205713, 0.93747228)
(153079, 0.93747228)
(24180, 0.93747228)
(417745, 0.93747228)
(378431, 0.93747228)
(376506, 0.93747228)
(130291, 0.93747228)
(66011, 0.93747228)
(234068, 0.93747228)
(395312, 0.93747228)
(413225, 0.93747228)
(264883, 0.93747228)
(220399, 0.93747228)
(112122, 0.93747228)
(150606, 0.93747228)
(310897, 0.93747228)
(284276, 0.93747228)
(272747, 0.93747228)
(94085, 0.93747228)
(289374, 0.93747228)
(21117, 0.93747228)
(45137, 0.93747228)
(29613, 0.93747228)
(146245, 0.93747228)
(33273, 0.93747228)
(282271, 0.93747228)
(384806, 0.93747228)
(267204, 0.93747228)
(410737, 0.93747228)
(309781, 0.93747228)
(77851, 0.93747228)
(221727, 0.93747228)
(15679, 0.93747228)
(185050, 0.93747228)
(105978, 0.93747228)
(93384, 0.93747228)
(101442, 0.93747228)
(309125, 0.93747228)
(78583, 0.93747228)
(332677, 0.93747228)
(154347, 0.93747228)
(216908, 0.93747228)
(13998, 0.93747228)
(273751, 0.93747228)
(326257, 0.93747228)
(401714, 0.93747228)
(354164, 0.93747228)
(162689, 0.93747228)
(234801, 0.93747228)
(49038, 0.93747228)
(331374, 0.93747228)
(399971, 0.93747228)
(100293, 0.93747228)
(346956, 0.93747228)
(257618, 0.93747228)
(112352, 0.93747228)
(409007, 0.93747228)
(116168, 0.93747228)
(330140, 0.93747228)
(116497, 0.93747228)
(45873, 0.93747228)
(96920, 0.93747228)
(305996, 0.93747228)
(83702, 0.93747228)
(196921, 0.93747228)
(182452, 0.93747228)
(180556, 0.93747228)
(26895, 0.93747228)
(277207, 0.93747228)
(47588, 0.93747228)
(301474, 0.93747228)
(273300, 0.93747228)
(414443, 0.93747228)
(196100, 0.93747228)
(171495, 0.93747228)
(71905, 0.93747228)
(5475, 0.93746532)
(272932, 0.93746532)
(102252, 0.93746532)
(87087, 0.93746532)
(73470, 0.93746532)
(250414, 0.93746532)
(154733, 0.93746532)
(208043, 0.93746532)
(307388, 0.93746532)
(159537, 0.93746532)
(336788, 0.93746532)
(336326, 0.93746532)
(157944, 0.93746532)
(21658, 0.93746532)
(227208, 0.93746532)
(90668, 0.93746532)
(388834, 0.93746532)
(406343, 0.93746532)
(279454, 0.93746532)
(375892, 0.93746532)
(76291, 0.93746532)
(218057, 0.93746532)
(110356, 0.93746532)
(161450, 0.93746532)
(294770, 0.93746532)
(320128, 0.93746532)
(322639, 0.93746532)
(40182, 0.93746532)
(372616, 0.93746532)
(361511, 0.93746532)
(19239, 0.93746532)
(305947, 0.93746532)
(349202, 0.93746532)
(380970, 0.93746532)
(56212, 0.93746532)
(243979, 0.93746532)
(245443, 0.93746532)
(248256, 0.93746532)
(296630, 0.93746532)
(257446, 0.93746532)
(7769, 0.93746532)
(377202, 0.93746532)
(340014, 0.93746532)
(64198, 0.93746532)
(42801, 0.93746532)
(126940, 0.93746532)
(206280, 0.93746532)
(133884, 0.93746532)
(37575, 0.93746532)
(320708, 0.93746532)
(9268, 0.93746532)
(26764, 0.93746532)
(180194, 0.93746532)
(356577, 0.93746532)
(60025, 0.93746532)
(103231, 0.93746532)
(341607, 0.93746532)
(165015, 0.93746532)
(306460, 0.93746532)
(408658, 0.93746532)
(14923, 0.93746532)
(14127, 0.93746532)
(312305, 0.93746532)
(181363, 0.93746532)
(57683, 0.93746532)
(98240, 0.93746532)
(260006, 0.93746532)
(332620, 0.93746532)
(267209, 0.93746532)
(402828, 0.93746532)
(385461, 0.93746532)
(46426, 0.93746532)
(226987, 0.93746532)
(48163, 0.93746532)
(349310, 0.93746532)
(251092, 0.93746532)
(368398, 0.93746532)
(246597, 0.93746532)
(63630, 0.93746532)
(341829, 0.93746532)
(193984, 0.93746532)
(358943, 0.93746532)
(369982, 0.93746532)
(312544, 0.93746532)
(371789, 0.93746532)
(218023, 0.93746523)
(86347, 0.93746523)
(156516, 0.93745836)
(329676, 0.93745836)
(30755, 0.93745836)
(18161, 0.93745836)
(354223, 0.93745836)
(300067, 0.93745836)
(126739, 0.93745836)
(212660, 0.93745836)
(225361, 0.93745836)
(381228, 0.93745836)
(81487, 0.93745836)
(294091, 0.93745836)
(60356, 0.93745836)
(73051, 0.93745836)
(210800, 0.93745836)
(54439, 0.93745836)
(188259, 0.93745836)
(207362, 0.93745836)
(223403, 0.93745836)
(369542, 0.93745836)
(79988, 0.93745836)
(56113, 0.93745836)
(157289, 0.93745836)
(83309, 0.93745836)
(379533, 0.93745836)
(34515, 0.93745836)
(408114, 0.93745836)
(110940, 0.93745836)
(55047, 0.93745836)
(152188, 0.93745836)
(100310, 0.93745827)
(402710, 0.93745827)
(226046, 0.93745827)
(43044, 0.93745827)
(74037, 0.93745827)
(192231, 0.93745827)
(407203, 0.93745827)
(362938, 0.93745827)
(125626, 0.93745827)
(337463, 0.93745827)
(132924, 0.93745827)
(257533, 0.93745827)
(391717, 0.93745827)
(345909, 0.93745827)
(162284, 0.93745827)
(63934, 0.93745827)
(205243, 0.93745827)
(317241, 0.93745827)
(275100, 0.93745827)
(412326, 0.93745827)
(320619, 0.93745827)
(79366, 0.93745827)
(156231, 0.93745827)
(172147, 0.93745827)
(286794, 0.93745827)
(340515, 0.93745827)
(312687, 0.93745827)
(193743, 0.93745827)
(56800, 0.93745827)
(10309, 0.93745827)
(81643, 0.93745827)
(181948, 0.93745827)
(416159, 0.93745827)
(148939, 0.93745827)
(252770, 0.93745827)
(184550, 0.93745827)
(283141, 0.93745827)
(326237, 0.93745827)
(347146, 0.93745827)
(172755, 0.93745827)
(100375, 0.93745827)
(252186, 0.93745827)
(291220, 0.93745827)
(123302, 0.93745827)
(379403, 0.93745827)
(284691, 0.93745827)
(380720, 0.93745139)
(322198, 0.93745139)
(232299, 0.93745139)
(285679, 0.93745139)
(185309, 0.93745139)
(115047, 0.93745139)
(22398, 0.93745139)
(47304, 0.93745131)
(369107, 0.93745131)
(243860, 0.93745131)
(318486, 0.93745131)
(333042, 0.93745131)
(188281, 0.93745131)
(50344, 0.93745131)
(233215, 0.93745131)
(87769, 0.93745131)
(390272, 0.93745131)
(56856, 0.93745131)
(301301, 0.93745131)
(294473, 0.93745131)
(354482, 0.93745131)
(240981, 0.93745131)
(375550, 0.93745131)
(166158, 0.93745131)
(2146, 0.93745131)
(298610, 0.93745131)
(392315, 0.93745131)
(161913, 0.93745131)
(286395, 0.93745131)
(270343, 0.93745131)
(401826, 0.93745131)
(64435, 0.93745131)
(102408, 0.93745131)
(363914, 0.93745131)
(18222, 0.93745131)
(180377, 0.93745131)
(170856, 0.93745131)
(244227, 0.93745131)
(331293, 0.93745131)
(76538, 0.93745131)
(84582, 0.93745131)
(45516, 0.93745131)
(216149, 0.93745131)
(56667, 0.93745131)
(118807, 0.93745131)
(158995, 0.93745131)
(294169, 0.93745131)
(326005, 0.93745131)
(36367, 0.93745131)
(407032, 0.93745131)
(132588, 0.93745131)
(94082, 0.93745131)
(44851, 0.93745131)
(47958, 0.93745131)
(26808, 0.93745131)
(368653, 0.93744443)
(161130, 0.93744443)
(114455, 0.93744443)
(221814, 0.93744435)
(190080, 0.93744435)
(364788, 0.93744435)
(304646, 0.93744435)
(146223, 0.93744435)
(254102, 0.93744435)
(156166, 0.93744435)
(85196, 0.93744435)
(123550, 0.93744435)
(337663, 0.93744435)
(17467, 0.93744427)
(349901, 0.93744427)
(55008, 0.93744427)
(205874, 0.93744427)
(73732, 0.93744427)
(270103, 0.93744427)
(297592, 0.93744427)
(312241, 0.93744427)
(281745, 0.93744427)
(401167, 0.93744427)
(308736, 0.93744427)
(124640, 0.93743739)
(209618, 0.93743739)
(233837, 0.93743731)
(37273, 0.93743731)
(409587, 0.93743731)
(220791, 0.93743731)
(344949, 0.93743731)
(176690, 0.93743731)
(335905, 0.93743731)
(305262, 0.93743731)
(228142, 0.93743731)
(25110, 0.93743731)
(64973, 0.93743731)
(92526, 0.93743731)
(335232, 0.93743034)
(303583, 0.93743034)
(218353, 0.93743034)
(286087, 0.93743034)
(392081, 0.93743034)
(401259, 0.93743026)
(350208, 0.93743026)
(79213, 0.93743026)
(17308, 0.93743026)
(384878, 0.93742338)
(100716, 0.93741626)
(328107, 0.93630981)
(322147, 0.93630277)
(152169, 0.93629581)
(87693, 0.93629581)
(1533, 0.93629581)
(294212, 0.93629581)
(292962, 0.93629581)
(206490, 0.93629581)
(293650, 0.93629581)
(198343, 0.93629581)
(194979, 0.93629581)
(377593, 0.93629581)
(184075, 0.93629581)
(121429, 0.93629581)
(116080, 0.93629581)
(395640, 0.93629581)
(250280, 0.93629581)
(124771, 0.93629581)
(152992, 0.93629581)
(19301, 0.93629581)
(412707, 0.93629581)
(243, 0.93629581)
(87602, 0.93629581)
(303580, 0.93629581)
(174190, 0.93629581)
(261416, 0.93629581)
(258438, 0.93629581)
(191284, 0.93629581)
(106350, 0.93629581)
(407326, 0.93629581)
(257293, 0.93629581)
(341143, 0.93629581)
(256942, 0.93629581)
(209346, 0.93629581)
(166520, 0.93629581)
(229381, 0.93629581)
(202139, 0.93629581)
(284845, 0.93629581)
(106345, 0.93629581)
(386489, 0.93629581)
(78524, 0.93629581)
(220177, 0.93629581)
(386968, 0.93629581)
(167678, 0.93629581)
(62827, 0.93628885)
(42584, 0.93628885)
(262306, 0.93628885)
(157040, 0.93628885)
(245608, 0.93628885)
(77802, 0.93628885)
(394577, 0.93628885)
(419132, 0.93628885)
(348062, 0.93628885)
(392162, 0.93628885)
(116096, 0.93628885)
(372932, 0.93628885)
(168906, 0.93628885)
(191646, 0.93628885)
(117567, 0.93628885)
(38555, 0.93628885)
(43268, 0.93628885)
(128489, 0.93628885)
(286339, 0.93628885)
(20878, 0.93628885)
(137245, 0.93628885)
(213261, 0.93628885)
(296618, 0.93628885)
(305482, 0.93628885)
(97434, 0.93628885)
(393105, 0.93628885)
(110969, 0.93628885)
(269739, 0.93628885)
(218723, 0.93628885)
(25847, 0.93628885)
(395970, 0.93628885)
(309792, 0.93628885)
(96732, 0.93628885)
(316461, 0.93628885)
(66703, 0.93628885)
(230863, 0.93628885)
(327021, 0.93628885)
(256691, 0.93628885)
(90673, 0.93628885)
(30271, 0.93628885)
(170814, 0.93628885)
(313161, 0.93628885)
(393044, 0.93628885)
(216611, 0.93628885)
(163098, 0.93628885)
(76497, 0.93628885)
(297683, 0.93628885)
(258237, 0.93628885)
(65672, 0.93628885)
(263396, 0.93628885)
(368351, 0.93628885)
(287443, 0.93628885)
(396820, 0.93628885)
(336348, 0.93628885)
(256827, 0.93628885)
(250780, 0.93628885)
(179997, 0.93628885)
(305041, 0.93628885)
(346853, 0.93628885)
(364167, 0.93628885)
(405965, 0.93628885)
(396977, 0.93628885)
(108497, 0.93628885)
(12026, 0.93628885)
(142802, 0.93628885)
(105450, 0.93628885)
(171683, 0.93628885)
(251733, 0.93628885)
(212746, 0.93628885)
(308084, 0.93628885)
(235669, 0.93628885)
(9145, 0.93628876)
(240489, 0.93628876)
(279653, 0.93628189)
(390763, 0.93628189)
(299649, 0.93628189)
(59780, 0.93628189)
(397330, 0.93628189)
(312311, 0.93628189)
(206948, 0.93628189)
(66863, 0.93628189)
(104684, 0.93628189)
(184197, 0.93628189)
(147011, 0.93628189)
(8080, 0.93628189)
(389553, 0.93628189)
(398288, 0.93628189)
(412781, 0.93628189)
(272640, 0.93628189)
(87121, 0.93628189)
(324649, 0.93628189)
(7071, 0.93628189)
(90019, 0.93628189)
(98620, 0.93628189)
(96007, 0.93628189)
(65799, 0.93628189)
(412624, 0.93628189)
(338938, 0.93628189)
(300345, 0.93628189)
(232691, 0.93628189)
(105802, 0.93628189)
(23044, 0.93628189)
(44086, 0.93628189)
(184393, 0.93628189)
(352146, 0.93628189)
(181933, 0.93628189)
(378823, 0.93628189)
(364014, 0.93628189)
(233931, 0.93628189)
(351775, 0.93628189)
(7257, 0.93628189)
(356214, 0.93628189)
(177856, 0.93628189)
(121549, 0.93628189)
(211788, 0.93628189)
(208863, 0.93628189)
(267324, 0.93628189)
(146807, 0.93628189)
(412440, 0.9362818)
(25313, 0.9362818)
(386469, 0.9362818)
(136411, 0.9362818)
(55591, 0.9362818)
(55818, 0.9362818)
(311015, 0.9362818)
(194820, 0.9362818)
(2145, 0.9362818)
(158765, 0.9362818)
(224848, 0.9362818)
(156417, 0.9362818)
(195129, 0.9362818)
(408426, 0.9362818)
(242042, 0.9362818)
(376430, 0.9362818)
(10354, 0.9362818)
(88506, 0.9362818)
(395405, 0.9362818)
(5367, 0.9362818)
(122323, 0.9362818)
(225304, 0.9362818)
(417557, 0.9362818)
(324296, 0.9362818)
(383046, 0.9362818)
(400855, 0.9362818)
(389574, 0.9362818)
(192710, 0.9362818)
(58581, 0.9362818)
(39517, 0.9362818)
(288454, 0.9362818)
(255392, 0.9362818)
(51162, 0.9362818)
(288354, 0.9362818)
(331512, 0.9362818)
(54308, 0.9362818)
(249470, 0.9362818)
(288338, 0.9362818)
(300011, 0.9362818)
(110744, 0.9362818)
(335214, 0.9362818)
(409261, 0.9362818)
(109570, 0.9362818)
(55506, 0.9362818)
(81702, 0.9362818)
(237373, 0.93627492)
(36949, 0.93627492)
(68720, 0.93627492)
(250323, 0.93627492)
(163490, 0.93627492)
(85045, 0.93627492)
(105911, 0.93627492)
(297460, 0.93627492)
(378161, 0.93627492)
(317041, 0.93627492)
(324334, 0.93627492)
(156974, 0.93627492)
(223243, 0.93627492)
(284244, 0.93627492)
(62171, 0.93627492)
(157295, 0.93627492)
(356344, 0.93627492)
(48151, 0.93627492)
(64405, 0.93627492)
(331234, 0.93627484)
(328410, 0.93627484)
(221416, 0.93627484)
(360587, 0.93627484)
(362920, 0.93627484)
(326797, 0.93627484)
(285918, 0.93627484)
(78124, 0.93627484)
(408610, 0.93627484)
(229090, 0.93627484)
(100960, 0.93627484)
(221576, 0.93627484)
(131442, 0.93627484)
(92168, 0.93627484)
(18294, 0.93627484)
(12045, 0.93627484)
(5349, 0.93627484)
(109381, 0.93627484)
(378062, 0.93627484)
(151696, 0.93627484)
(245501, 0.93627484)
(237096, 0.93627484)
(11426, 0.93627484)
(234574, 0.93627484)
(167920, 0.93627484)
(268953, 0.93627484)
(394852, 0.93627484)
(29048, 0.93627484)
(367629, 0.93627484)
(94902, 0.93627484)
(379091, 0.93627484)
(387519, 0.93627484)
(311445, 0.93627484)
(401096, 0.93627484)
(274436, 0.93627484)
(141754, 0.93627484)
(12537, 0.93627484)
(328606, 0.93627484)
(18036, 0.93627484)
(92057, 0.93627476)
(328247, 0.93626796)
(87386, 0.93626796)
(110394, 0.93626796)
(134469, 0.93626788)
(132211, 0.93626788)
(394537, 0.93626788)
(31010, 0.93626788)
(366313, 0.93626788)
(164436, 0.93626788)
(149430, 0.93626788)
(334810, 0.93626788)
(220327, 0.93626788)
(305147, 0.93626788)
(138523, 0.93626788)
(35805, 0.93626788)
(145680, 0.93626788)
(315389, 0.93626788)
(338967, 0.93626788)
(208188, 0.93626788)
(361321, 0.93626788)
(63019, 0.93626788)
(303663, 0.93626788)
(143017, 0.93626788)
(248506, 0.9362678)
(244681, 0.9362678)
(256547, 0.9362678)
(411218, 0.9362678)
(158791, 0.9362678)
(286882, 0.9362678)
(73916, 0.9362678)
(266191, 0.9362678)
(173226, 0.9362678)
(368257, 0.9362678)
(266680, 0.9362678)
(377480, 0.9362678)
(307428, 0.9362678)
(391636, 0.9362678)
(246076, 0.9362678)
(278364, 0.9362678)
(310447, 0.9362678)
(320044, 0.9362678)
(328378, 0.9362678)
(144537, 0.9362678)
(191947, 0.9362678)
(262988, 0.9362678)
(49697, 0.9362678)
(55115, 0.9362678)
(215746, 0.936261)
(306425, 0.93626092)
(344185, 0.93626092)
(230718, 0.93626092)
(190730, 0.93626092)
(33795, 0.93626092)
(188387, 0.93626084)
(269000, 0.93626084)
(64712, 0.93626084)
(120502, 0.93626084)
(238208, 0.93626084)
(205004, 0.93626084)
(170854, 0.93626084)
(321984, 0.93626084)
(295889, 0.93626084)
(89, 0.93626084)
(107328, 0.93626084)
(108081, 0.93626084)
(378072, 0.93626084)
(114197, 0.93626084)
(308956, 0.93626084)
(45552, 0.93626084)
(301307, 0.93626084)
(273429, 0.93626084)
(29718, 0.93626084)
(381244, 0.93626084)
(89928, 0.93626084)
(59989, 0.93625396)
(112466, 0.93625387)
(79746, 0.93625387)
(21996, 0.93625387)
(71161, 0.93625387)
(258649, 0.93625387)
(235765, 0.93625387)
(260434, 0.93625387)
(52065, 0.93625379)
(158931, 0.93625379)
(183130, 0.93625379)
(345368, 0.93624691)
(406257, 0.93624691)
(130656, 0.93624683)
(332881, 0.93624683)
(224607, 0.93624683)
(334825, 0.93624683)
(317419, 0.93623979)
(175346, 0.93623979)
(43820, 0.93623979)
(156693, 0.93622586)
(55776, 0.93512638)
(239525, 0.93511934)
(32022, 0.93511934)
(171762, 0.93511934)
(360678, 0.93511934)
(299900, 0.93511934)
(189881, 0.93511934)
(415493, 0.93511934)
(338138, 0.93511934)
(49181, 0.93511934)
(399553, 0.93511934)
(36134, 0.93511934)
(331233, 0.93511934)
(248711, 0.93511934)
(309096, 0.93511934)
(81433, 0.93511934)
(91630, 0.93511934)
(406857, 0.93511934)
(229029, 0.93511934)
(257896, 0.93511934)
(117641, 0.93511934)
(247274, 0.93511934)
(161298, 0.93511934)
(113285, 0.93511934)
(419448, 0.93511934)
(17038, 0.93511934)
(216401, 0.93511934)
(341589, 0.93511934)
(315218, 0.93511934)
(200790, 0.93511238)
(89366, 0.93511238)
(416478, 0.93511238)
(216609, 0.93511238)
(375735, 0.93511238)
(270334, 0.93511238)
(5998, 0.93511238)
(258618, 0.93511238)
(94561, 0.93511238)
(43671, 0.93511238)
(390626, 0.93511238)
(270491, 0.93511238)
(51655, 0.93511238)
(374406, 0.93511238)
(129050, 0.93511238)
(22936, 0.93511238)
(10682, 0.93511238)
(162259, 0.93511238)
(215532, 0.93511238)
(250930, 0.93511238)
(212314, 0.93511238)
(92834, 0.93511238)
(115714, 0.93511238)
(135879, 0.93511238)
(279483, 0.93511238)
(63274, 0.93511238)
(172965, 0.93511238)
(345780, 0.93511238)
(88154, 0.93511238)
(192826, 0.93511238)
(389414, 0.93511238)
(160269, 0.93511238)
(304410, 0.93511238)
(318819, 0.93511238)
(295139, 0.93511238)
(341372, 0.93511238)
(382834, 0.93511238)
(156062, 0.93510541)
(102257, 0.93510541)
(136653, 0.93510541)
(376618, 0.93510541)
(112043, 0.93510541)
(214558, 0.93510541)
(416766, 0.93510541)
(54463, 0.93510541)
(247613, 0.93510541)
(20738, 0.93510541)
(147185, 0.93510541)
(180369, 0.93510541)
(226749, 0.93510541)
(285001, 0.93510541)
(320234, 0.93510541)
(129860, 0.93510541)
(99668, 0.93510541)
(395494, 0.93510541)
(313100, 0.93510541)
(94020, 0.93510541)
(291809, 0.93510541)
(105181, 0.93510541)
(180361, 0.93510541)
(285442, 0.93510541)
(326390, 0.93510541)
(91777, 0.93510541)
(245169, 0.93510541)
(8482, 0.93510541)
(177203, 0.93510541)
(66797, 0.93510541)
(50547, 0.93510541)
(318253, 0.93510541)
(259517, 0.93510541)
(376101, 0.93510533)
(250056, 0.93510533)
(158008, 0.93510533)
(131716, 0.93510533)
(167917, 0.93510533)
(84087, 0.93510533)
(340197, 0.93510533)
(282239, 0.93510533)
(304055, 0.93510533)
(234941, 0.93510533)
(379865, 0.93510533)
(373341, 0.93510533)
(120874, 0.93510533)
(15972, 0.93510533)
(315075, 0.93510533)
(272281, 0.93510533)
(216093, 0.93510533)
(147319, 0.93510533)
(277504, 0.93510533)
(271689, 0.93510533)
(50764, 0.93510533)
(155466, 0.93510533)
(213279, 0.93510533)
(406274, 0.93510533)
(181626, 0.93510533)
(170443, 0.93510533)
(123327, 0.93509845)
(56917, 0.93509845)
(296028, 0.93509845)
(112299, 0.93509845)
(296922, 0.93509845)
(148578, 0.93509845)
(301807, 0.93509845)
(58279, 0.93509845)
(263754, 0.93509845)
(378577, 0.93509845)
(325473, 0.93509845)
(418898, 0.93509845)
(259770, 0.93509845)
(204009, 0.93509845)
(103047, 0.93509845)
(376770, 0.93509845)
(82119, 0.93509845)
(335593, 0.93509845)
(216787, 0.93509837)
(227582, 0.93509837)
(180365, 0.93509837)
(260715, 0.93509837)
(39946, 0.93509837)
(172785, 0.93509837)
(395535, 0.93509837)
(41116, 0.93509837)
(201576, 0.93509837)
(188420, 0.93509837)
(400715, 0.93509837)
(78647, 0.93509837)
(264347, 0.93509837)
(167085, 0.93509837)
(312849, 0.93509837)
(344058, 0.93509837)
(77806, 0.93509837)
(15754, 0.93509837)
(361239, 0.93509837)
(61170, 0.93509837)
(294460, 0.93509837)
(118416, 0.93509837)
(34665, 0.93509837)
(309683, 0.93509837)
(274001, 0.93509837)
(374795, 0.93509837)
(78468, 0.93509837)
(308883, 0.93509837)
(239364, 0.93509837)
(406080, 0.93509837)
(113195, 0.93509837)
(57446, 0.93509837)
(13289, 0.93509837)
(69543, 0.93509837)
(258318, 0.93509837)
(50645, 0.93509837)
(166665, 0.93509837)
(46539, 0.93509829)
(102803, 0.93509149)
(84213, 0.93509149)
(162941, 0.93509149)
(225034, 0.93509149)
(79383, 0.93509141)
(11972, 0.93509141)
(369038, 0.93509141)
(417861, 0.93509141)
(3959, 0.93509141)
(278332, 0.93509141)
(142446, 0.93509141)
(76441, 0.93509141)
(252096, 0.93509141)
(190255, 0.93509141)
(319597, 0.93509141)
(373214, 0.93509141)
(18276, 0.93509141)
(161699, 0.93509141)
(381301, 0.93509141)
(366874, 0.93509141)
(425, 0.93509141)
(23654, 0.93509141)
(378276, 0.93509141)
(99356, 0.93509141)
(139845, 0.93509141)
(7759, 0.93509141)
(130793, 0.93509141)
(284051, 0.93509141)
(171670, 0.93509141)
(239965, 0.93509141)
(177189, 0.93509141)
(234620, 0.93509141)
(359997, 0.93509141)
(338936, 0.93509141)
(100575, 0.93509141)
(10819, 0.93509141)
(157365, 0.93509141)
(407459, 0.93509141)
(298291, 0.93509141)
(328782, 0.93509141)
(412322, 0.93509141)
(326544, 0.93509133)
(375373, 0.93509133)
(94556, 0.93509133)
(146048, 0.93509133)
(190452, 0.93509133)
(89391, 0.93509133)
(265581, 0.93509133)
(352002, 0.93509133)
(203839, 0.93509133)
(247568, 0.93509133)
(389941, 0.93509133)
(147826, 0.93509133)
(318662, 0.93508453)
(197288, 0.93508453)
(27356, 0.93508445)
(258348, 0.93508445)
(80528, 0.93508445)
(70362, 0.93508445)
(32701, 0.93508445)
(204791, 0.93508445)
(245454, 0.93508445)
(291501, 0.93508445)
(33071, 0.93508445)
(3974, 0.93508445)
(383342, 0.93508445)
(175942, 0.93508437)
(298072, 0.93508437)
(391409, 0.93508437)
(274421, 0.93508437)
(250723, 0.93508437)
(385035, 0.93508437)
(313250, 0.93508437)
(228340, 0.93508437)
(79953, 0.93508437)
(114595, 0.93508437)
(396103, 0.93508437)
(373010, 0.93508437)
(117159, 0.93508437)
(297707, 0.93508437)
(294529, 0.93508437)
(336407, 0.93508437)
(153868, 0.93508437)
(340565, 0.93508437)
(349746, 0.93508437)
(219935, 0.93508437)
(311151, 0.93508437)
(98728, 0.93508437)
(390385, 0.93508437)
(399598, 0.93508437)
(312234, 0.93507749)
(392335, 0.93507749)
(3361, 0.93507749)
(310466, 0.93507749)
(261864, 0.93507749)
(67917, 0.9350774)
(144313, 0.9350774)
(405883, 0.9350774)
(248308, 0.9350774)
(274443, 0.9350774)
(387244, 0.9350774)
(52209, 0.9350774)
(100929, 0.9350774)
(67227, 0.9350774)
(94799, 0.9350774)
(290127, 0.9350774)
(3105, 0.9350774)
(240851, 0.9350774)
(301821, 0.9350774)
(98437, 0.9350774)
(31213, 0.9350774)
(340104, 0.9350774)
(179022, 0.9350774)
(138929, 0.93507732)
(310604, 0.93507732)
(166772, 0.93507732)
(113726, 0.93507732)
(164672, 0.93507732)
(203987, 0.93507053)
(363857, 0.93507044)
(248682, 0.93507044)
(68908, 0.93507044)
(383338, 0.93507036)
(84274, 0.93507036)
(114897, 0.93507036)
(36854, 0.93507036)
(171269, 0.93507036)
(249108, 0.93507036)
(125132, 0.93507036)
(351606, 0.93507036)
(254123, 0.93507036)
(315621, 0.93507036)
(415365, 0.93507036)
(268891, 0.93507036)
(384015, 0.93506348)
(246064, 0.9350634)
(209546, 0.9350634)
(221154, 0.9350634)
(208103, 0.9350634)
(119668, 0.93506332)
(179253, 0.93506332)
(237072, 0.93506332)
(13010, 0.93505644)
(355047, 0.93505635)
(36760, 0.93504948)
(8937, 0.93504939)
(173574, 0.93504931)
(221345, 0.93394287)
(94905, 0.93394287)
(254383, 0.93394287)
(179658, 0.93394287)
(256358, 0.93394287)
(139646, 0.93394287)
(291968, 0.93394287)
(225118, 0.93394287)
(397806, 0.93394287)
(163535, 0.93394287)
(36620, 0.93394287)
(247350, 0.93394287)
(343444, 0.93394287)
(51455, 0.93394287)
(272859, 0.93394287)
(89139, 0.93394278)
(134532, 0.93393599)
(91900, 0.93393591)
(124920, 0.93393591)
(217065, 0.93393591)
(149009, 0.93393591)
(35604, 0.93393591)
(42649, 0.93393591)
(269141, 0.93393591)
(358193, 0.93393591)
(341318, 0.93393591)
(158690, 0.93393591)
(13260, 0.93393591)
(396353, 0.93393591)
(317376, 0.93393591)
(226428, 0.93393591)
(82247, 0.93393591)
(278633, 0.93393591)
(178829, 0.93393591)
(297630, 0.93393591)
(184971, 0.93393591)
(192498, 0.93393591)
(331686, 0.93393591)
(79479, 0.93393591)
(530, 0.93393591)
(220767, 0.93393591)
(102217, 0.93393591)
(374924, 0.93393591)
(89921, 0.93393591)
(256001, 0.93393591)
(161013, 0.93393591)
(122811, 0.93393591)
(417301, 0.93393591)
(387667, 0.93393591)
(258855, 0.93393591)
(284414, 0.93393591)
(191208, 0.93392894)
(71883, 0.93392894)
(327200, 0.93392894)
(185866, 0.93392894)
(187178, 0.93392894)
(212652, 0.93392894)
(261526, 0.93392894)
(174906, 0.93392894)
(150957, 0.93392894)
(328557, 0.93392894)
(168160, 0.93392894)
(91270, 0.93392894)
(59454, 0.93392894)
(7618, 0.93392894)
(366198, 0.93392894)
(305884, 0.93392894)
(151615, 0.93392894)
(367109, 0.93392894)
(356703, 0.93392894)
(221033, 0.93392894)
(67083, 0.93392894)
(229711, 0.93392886)
(116476, 0.93392886)
(264941, 0.93392886)
(310613, 0.93392886)
(168802, 0.93392886)
(140409, 0.93392886)
(244686, 0.93392886)
(288235, 0.93392886)
(340537, 0.93392886)
(101444, 0.93392886)
(161807, 0.93392886)
(132200, 0.93392886)
(161495, 0.93392886)
(125962, 0.93392886)
(114223, 0.93392198)
(150332, 0.93392198)
(252876, 0.93392198)
(270622, 0.93392198)
(235658, 0.93392198)
(24842, 0.93392198)
(177712, 0.93392198)
(184224, 0.93392198)
(143999, 0.93392198)
(357339, 0.93392198)
(53111, 0.93392198)
(113718, 0.93392198)
(243444, 0.93392198)
(338969, 0.93392198)
(328774, 0.93392198)
(275308, 0.9339219)
(262275, 0.9339219)
(51875, 0.9339219)
(51310, 0.9339219)
(9017, 0.9339219)
(333946, 0.9339219)
(416948, 0.9339219)
(412046, 0.9339219)
(375830, 0.9339219)
(272861, 0.9339219)
(354490, 0.9339219)
(91616, 0.9339219)
(223228, 0.9339219)
(253874, 0.9339219)
(406439, 0.9339219)
(302387, 0.9339219)
(169422, 0.9339219)
(247393, 0.9339219)
(412126, 0.9339219)
(400736, 0.9339219)
(252085, 0.9339219)
(67026, 0.9339219)
(265658, 0.9339219)
(249541, 0.9339219)
(36035, 0.9339219)
(53340, 0.9339219)
(314786, 0.9339219)
(128754, 0.9339219)
(295004, 0.9339219)
(225878, 0.9339219)
(119331, 0.9339219)
(352717, 0.9339219)
(325770, 0.9339219)
(200351, 0.9339219)
(394120, 0.9339219)
(96585, 0.9339219)
(105243, 0.9339219)
(257569, 0.9339219)
(347227, 0.9339219)
(8515, 0.9339219)
(50612, 0.9339219)
(66993, 0.9339219)
(368051, 0.9339219)
(391182, 0.9339219)
(12161, 0.9339219)
(348876, 0.9339219)
(312408, 0.9339219)
(12171, 0.9339219)
(20069, 0.93391502)
(159181, 0.93391502)
(59978, 0.93391502)
(55924, 0.93391502)
(18835, 0.93391502)
(61333, 0.93391502)
(221357, 0.93391494)
(202752, 0.93391494)
(270329, 0.93391494)
(226211, 0.93391494)
(160676, 0.93391494)
(172616, 0.93391494)
(115722, 0.93391494)
(85018, 0.93391494)
(255932, 0.93391494)
(40421, 0.93391494)
(105899, 0.93391494)
(271762, 0.93391494)
(244688, 0.93391494)
(281170, 0.93391494)
(69137, 0.93391494)
(191255, 0.93391494)
(190574, 0.93391494)
(391217, 0.93391494)
(378881, 0.93391494)
(217312, 0.93391494)
(230296, 0.93391494)
(273822, 0.93391494)
(361610, 0.93391494)
(29858, 0.93391494)
(287020, 0.93391494)
(117648, 0.93391494)
(79320, 0.93391494)
(242376, 0.93391494)
(214161, 0.93391494)
(407728, 0.93391486)
(122602, 0.93391486)
(294844, 0.93391486)
(417221, 0.93391486)
(239430, 0.93391486)
(160240, 0.93391486)
(117873, 0.93391486)
(30464, 0.93391486)
(218570, 0.93391486)
(15144, 0.93391486)
(168352, 0.93391486)
(346611, 0.93391486)
(309246, 0.93391486)
(56726, 0.93391486)
(356178, 0.93391486)
(165387, 0.93391486)
(393901, 0.93391486)
(68349, 0.93391486)
(300369, 0.93391486)
(300220, 0.93391486)
(411368, 0.93391486)
(214932, 0.93390806)
(138300, 0.93390798)
(271093, 0.93390798)
(379400, 0.93390798)
(23258, 0.93390798)
(126175, 0.93390798)
(403354, 0.93390798)
(230567, 0.93390798)
(242212, 0.93390789)
(53057, 0.93390789)
(261507, 0.93390789)
(92630, 0.93390789)
(339220, 0.93390789)
(66218, 0.93390789)
(105459, 0.93390789)
(189807, 0.93390789)
(107770, 0.93390789)
(314095, 0.93390789)
(92781, 0.93390789)
(415105, 0.93390789)
(361706, 0.93390789)
(21788, 0.93390789)
(59011, 0.93390789)
(88171, 0.93390789)
(271148, 0.93390789)
(139534, 0.93390789)
(322880, 0.93390789)
(204665, 0.93390789)
(105502, 0.93390789)
(130816, 0.93390781)
(151646, 0.93390781)
(315594, 0.93390781)
(116464, 0.93390102)
(318327, 0.93390102)
(218976, 0.93390102)
(28474, 0.93390102)
(175462, 0.93390102)
(406696, 0.93390093)
(285720, 0.93390093)
(54212, 0.93390093)
(223969, 0.93390093)
(331649, 0.93390093)
(358230, 0.93390093)
(325578, 0.93390093)
(252928, 0.93390093)
(267778, 0.93390093)
(398644, 0.93390093)
(283001, 0.93390093)
(152567, 0.93390093)
(267264, 0.93390093)
(119563, 0.93390093)
(250835, 0.93390093)
(120123, 0.93390093)
(54169, 0.93390093)
(340528, 0.93390093)
(350193, 0.93390085)
(58034, 0.93390085)
(403320, 0.93390085)
(336199, 0.93390085)
(79714, 0.93390085)
(142904, 0.93390085)
(150020, 0.93390085)
(88836, 0.93390085)
(77003, 0.93390085)
(350669, 0.93390085)
(73023, 0.93390077)
(56531, 0.93389397)
(87578, 0.93389397)
(110436, 0.93389397)
(290007, 0.93389397)
(241076, 0.93389397)
(278306, 0.93389389)
(115042, 0.93389389)
(226707, 0.93389389)
(147541, 0.93389389)
(81541, 0.93389389)
(221379, 0.93389389)
(346341, 0.93389389)
(284006, 0.93389389)
(152580, 0.93389389)
(3677, 0.93389389)
(127535, 0.93389381)
(400955, 0.93388701)
(338983, 0.93388701)
(120841, 0.93388693)
(374889, 0.93388693)
(133523, 0.93388693)
(197051, 0.93388693)
(356468, 0.93388684)
(44594, 0.93388684)
(151513, 0.93388684)
(89072, 0.93388684)
(380803, 0.93387997)
(286973, 0.93387997)
(49264, 0.93387997)
(169461, 0.93387988)
(184697, 0.93387988)
(415110, 0.93387988)
(280042, 0.93387988)
(59698, 0.93387988)
(332113, 0.93387988)
(190046, 0.93387988)
(35423, 0.93387988)
(292653, 0.933873)
(386973, 0.93387284)
(180643, 0.93386596)
(131094, 0.93385883)
(330870, 0.9327664)
(341295, 0.9327664)
(78749, 0.9327664)
(341870, 0.9327664)
(223139, 0.9327664)
(209527, 0.9327664)
(100817, 0.9327664)
(273017, 0.9327664)
(268437, 0.93275944)
(229382, 0.93275944)
(349621, 0.93275944)
(371490, 0.93275944)
(311304, 0.93275944)
(199163, 0.93275944)
(257652, 0.93275944)
(38608, 0.93275944)
(311455, 0.93275944)
(74854, 0.93275944)
(6196, 0.93275944)
(122299, 0.93275944)
(328138, 0.93275944)
(192470, 0.93275944)
(94699, 0.93275944)
(246014, 0.93275944)
(126184, 0.93275944)
(8076, 0.93275944)
(275107, 0.93275944)
(414214, 0.93275944)
(187736, 0.93275944)
(139457, 0.93275944)
(150144, 0.93275944)
(303729, 0.93275944)
(212249, 0.93275944)
(135215, 0.93275247)
(56915, 0.93275247)
(257017, 0.93275247)
(411474, 0.93275247)
(210630, 0.93275247)
(414544, 0.93275247)
(165198, 0.93275247)
(129721, 0.93275247)
(108545, 0.93275247)
(369084, 0.93275247)
(347256, 0.93275247)
(276055, 0.93275247)
(31041, 0.93275247)
(410259, 0.93275239)
(206960, 0.93275239)
(169729, 0.93275239)
(274633, 0.93275239)
(204975, 0.93275239)
(327100, 0.93274551)
(19854, 0.93274551)
(11468, 0.93274551)
(225086, 0.93274551)
(69494, 0.93274551)
(156027, 0.93274551)
(95466, 0.93274551)
(109474, 0.93274551)
(345511, 0.93274551)
(4039, 0.93274551)
(132503, 0.93274551)
(400231, 0.93274551)
(384063, 0.93274551)
(88971, 0.93274551)
(355929, 0.93274551)
(151020, 0.93274543)
(202324, 0.93274543)
(337060, 0.93274543)
(381699, 0.93274543)
(371901, 0.93274543)
(345010, 0.93274543)
(251747, 0.93274543)
(270235, 0.93274543)
(107316, 0.93274543)
(395851, 0.93274543)
(220772, 0.93274543)
(56359, 0.93274543)
(111486, 0.93274543)
(281075, 0.93274543)
(152334, 0.93274543)
(410582, 0.93274543)
(102306, 0.93274543)
(227679, 0.93274543)
(411906, 0.93274543)
(141263, 0.93274543)
(232150, 0.93274543)
(204982, 0.93274543)
(3612, 0.93274543)
(90712, 0.93274543)
(17126, 0.93274543)
(287465, 0.93274543)
(105996, 0.93274543)
(344457, 0.93274543)
(368550, 0.93274543)
(418997, 0.93274543)
(136774, 0.93274543)
(353035, 0.93274543)
(222667, 0.93274543)
(274646, 0.93274543)
(172583, 0.93274543)
(114208, 0.93274543)
(277507, 0.93273855)
(280125, 0.93273855)
(388887, 0.93273855)
(280844, 0.93273855)
(299528, 0.93273855)
(417194, 0.93273855)
(169481, 0.93273855)
(128762, 0.93273855)
(310981, 0.93273855)
(6032, 0.93273855)
(386612, 0.93273847)
(370751, 0.93273847)
(111836, 0.93273847)
(229361, 0.93273847)
(314468, 0.93273847)
(371359, 0.93273847)
(265203, 0.93273847)
(13714, 0.93273847)
(246692, 0.93273847)
(190926, 0.93273847)
(52537, 0.93273847)
(257859, 0.93273847)
(246351, 0.93273847)
(89345, 0.93273839)
(310859, 0.93273839)
(186820, 0.93273839)
(150129, 0.93273839)
(399654, 0.93273839)
(227973, 0.93273839)
(75393, 0.93273839)
(53136, 0.93273839)
(78547, 0.93273839)
(387042, 0.93273839)
(253414, 0.93273839)
(72939, 0.93273839)
(23211, 0.93273839)
(170686, 0.93273159)
(218230, 0.93273159)
(224875, 0.93273151)
(403709, 0.93273151)
(207570, 0.93273151)
(371794, 0.93273151)
(113179, 0.93273151)
(274910, 0.93273151)
(172739, 0.93273151)
(224576, 0.93273151)
(54696, 0.93273151)
(173038, 0.93273151)
(302892, 0.93273151)
(133773, 0.93273151)
(319679, 0.93273151)
(304336, 0.93273151)
(419929, 0.93273151)
(373195, 0.93273151)
(220348, 0.93273151)
(413011, 0.93273151)
(179207, 0.93273142)
(251959, 0.93273142)
(367710, 0.93273142)
(49185, 0.93273142)
(418408, 0.93273142)
(233962, 0.93273142)
(357633, 0.93273142)
(274116, 0.93273142)
(253628, 0.93273142)
(88180, 0.93273142)
(420314, 0.93273142)
(332344, 0.93273142)
(348691, 0.93273142)
(3807, 0.93273142)
(354420, 0.93273142)
(83180, 0.93273142)
(313386, 0.93273142)
(294491, 0.93273142)
(315444, 0.93273142)
(4701, 0.93273142)
(405534, 0.93273142)
(75539, 0.93273142)
(85676, 0.93273142)
(384579, 0.93273142)
(416192, 0.93273142)
(206450, 0.93273134)
(72127, 0.93272463)
(76222, 0.93272455)
(43969, 0.93272455)
(245190, 0.93272455)
(311275, 0.93272455)
(213668, 0.93272455)
(51034, 0.93272455)
(334387, 0.93272446)
(367545, 0.93272446)
(36985, 0.93272446)
(259058, 0.93272446)
(280272, 0.93272446)
(104754, 0.93272446)
(10510, 0.93272446)
(201418, 0.93272446)
(239067, 0.93272446)
(165125, 0.93272446)
(282111, 0.93272446)
(103347, 0.93272446)
(111921, 0.93272446)
(227184, 0.93272438)
(270666, 0.93272438)
(44675, 0.93272438)
(340911, 0.93272438)
(13560, 0.93272438)
(393018, 0.93272438)
(285759, 0.93271758)
(5344, 0.93271758)
(175088, 0.93271758)
(189300, 0.93271758)
(374869, 0.9327175)
(265300, 0.9327175)
(41531, 0.9327175)
(158455, 0.9327175)
(353236, 0.9327175)
(98963, 0.9327175)
(319512, 0.9327175)
(1371, 0.9327175)
(60160, 0.9327175)
(339374, 0.9327175)
(335108, 0.9327175)
(323501, 0.93271742)
(317810, 0.93271742)
(110592, 0.93271742)
(84286, 0.93271742)
(262970, 0.93271742)
(221200, 0.93271742)
(228885, 0.93271742)
(322146, 0.93271742)
(216072, 0.93271742)
(305516, 0.93271742)
(295919, 0.93271742)
(412232, 0.93271742)
(64987, 0.93271742)
(325466, 0.93271742)
(5260, 0.93271742)
(409823, 0.93271054)
(273422, 0.93271054)
(352287, 0.93271054)
(76346, 0.93271054)
(75037, 0.93271054)
(184111, 0.93271054)
(203660, 0.93271046)
(111447, 0.93271046)
(8261, 0.93271046)
(31505, 0.93271046)
(153652, 0.93271046)
(403801, 0.93271046)
(217407, 0.93271046)
(57171, 0.93271046)
(216033, 0.93271046)
(52583, 0.93271037)
(53030, 0.93271037)
(375041, 0.9327035)
(333199, 0.9327035)
(416825, 0.9327035)
(346105, 0.9327035)
(146638, 0.9327035)
(202536, 0.9327035)
(337603, 0.9327035)
(361386, 0.9327035)
(105066, 0.93270341)
(251989, 0.93270341)
(300026, 0.93270341)
(346848, 0.93270341)
(144267, 0.93270341)
(316315, 0.93270341)
(131681, 0.93269653)
(290593, 0.93269653)
(413903, 0.93269653)
(22108, 0.93269653)
(398454, 0.93269653)
(223425, 0.93269645)
(391394, 0.93269645)
(420085, 0.93269645)
(153260, 0.93269645)
(410627, 0.93269645)
(53830, 0.93269637)
(306279, 0.93269637)
(90209, 0.93269637)
(82727, 0.93269637)
(317658, 0.93269637)
(62350, 0.93268949)
(242571, 0.93268941)
(316129, 0.93268245)
(29187, 0.93268236)
(135974, 0.93266844)
(315312, 0.93158993)
(395700, 0.93158993)
(85345, 0.93158993)
(360413, 0.93158993)
(218890, 0.93158305)
(93727, 0.93158296)
(403308, 0.93158296)
(155274, 0.93158296)
(300257, 0.93158296)
(132581, 0.93158296)
(73854, 0.93158296)
(112949, 0.93158296)
(222267, 0.93158296)
(273998, 0.93158296)
(285199, 0.93158296)
(352026, 0.93158296)
(271168, 0.93158296)
(364568, 0.931576)
(138608, 0.931576)
(402151, 0.931576)
(138996, 0.931576)
(268941, 0.931576)
(201132, 0.931576)
(299183, 0.931576)
(10187, 0.931576)
(26531, 0.931576)
(338805, 0.931576)
(44838, 0.93157592)
(401527, 0.93157592)
(383866, 0.93157592)
(210795, 0.93157592)
(186406, 0.93157592)
(323574, 0.93156904)
(251559, 0.93156904)
(40664, 0.93156904)
(13344, 0.93156904)
(334084, 0.93156904)
(305042, 0.93156904)
(201489, 0.93156904)
(347763, 0.93156904)
(118843, 0.93156904)
(229794, 0.93156904)
(301775, 0.93156904)
(158582, 0.93156904)
(5525, 0.93156904)
(17381, 0.93156904)
(115316, 0.93156904)
(394154, 0.93156896)
(377897, 0.93156896)
(188158, 0.93156896)
(127984, 0.93156896)
(114955, 0.93156896)
(245492, 0.93156896)
(330094, 0.93156896)
(344020, 0.93156896)
(302190, 0.93156896)
(9276, 0.93156896)
(163787, 0.93156896)
(28999, 0.93156896)
(214753, 0.93156896)
(235990, 0.93156896)
(271811, 0.93156896)
(182640, 0.93156888)
(166382, 0.93156208)
(355195, 0.93156208)
(264353, 0.93156208)
(65923, 0.93156208)
(264775, 0.93156208)
(4383, 0.93156208)
(297845, 0.93156208)
(324434, 0.93156208)
(193087, 0.93156208)
(53658, 0.931562)
(369582, 0.931562)
(83349, 0.931562)
(364261, 0.931562)
(408056, 0.931562)
(219576, 0.931562)
(180769, 0.931562)
(336915, 0.931562)
(408167, 0.931562)
(267268, 0.931562)
(334664, 0.931562)
(272479, 0.931562)
(288202, 0.931562)
(172274, 0.931562)
(180924, 0.931562)
(250731, 0.931562)
(177502, 0.931562)
(4334, 0.931562)
(19754, 0.931562)
(279816, 0.931562)
(159388, 0.931562)
(71777, 0.931562)
(233774, 0.931562)
(391148, 0.931562)
(416145, 0.931562)
(69798, 0.931562)
(108309, 0.931562)
(314465, 0.931562)
(115969, 0.931562)
(55420, 0.931562)
(320587, 0.931562)
(263191, 0.931562)
(89129, 0.931562)
(269174, 0.931562)
(45787, 0.93156191)
(21734, 0.93156191)
(169985, 0.93156191)
(372457, 0.93156191)
(356533, 0.93156191)
(297328, 0.93156191)
(317753, 0.93156191)
(176657, 0.93156191)
(77360, 0.93155512)
(56241, 0.93155512)
(204031, 0.93155512)
(264995, 0.93155504)
(2982, 0.93155504)
(80051, 0.93155504)
(163359, 0.93155504)
(246114, 0.93155504)
(140499, 0.93155504)
(120870, 0.93155504)
(304832, 0.93155504)
(191783, 0.93155504)
(347559, 0.93155504)
(412587, 0.93155504)
(331630, 0.93155504)
(221911, 0.93155504)
(387064, 0.93155504)
(86749, 0.93155504)
(346674, 0.93155504)
(145820, 0.93155504)
(106880, 0.93155504)
(165079, 0.93155495)
(67650, 0.93155495)
(372594, 0.93155495)
(326240, 0.93155495)
(400484, 0.93155495)
(32226, 0.93155495)
(173590, 0.93155495)
(297484, 0.93155495)
(53322, 0.93155495)
(163267, 0.93155495)
(251169, 0.93155495)
(248856, 0.93155495)
(180540, 0.93155495)
(204453, 0.93155495)
(213128, 0.93155495)
(174044, 0.93155495)
(413889, 0.93155495)
(122702, 0.93155495)
(99144, 0.93155495)
(375933, 0.93155495)
(49849, 0.93155487)
(380301, 0.93154816)
(360144, 0.93154807)
(356574, 0.93154807)
(308636, 0.93154807)
(42414, 0.93154807)
(30330, 0.93154807)
(260994, 0.93154807)
(418421, 0.93154807)
(258632, 0.93154807)
(417764, 0.93154807)
(78355, 0.93154807)
(359729, 0.93154807)
(10131, 0.93154807)
(133649, 0.93154807)
(110513, 0.93154807)
(239281, 0.93154807)
(390204, 0.93154799)
(117154, 0.93154799)
(26024, 0.93154799)
(221111, 0.93154799)
(22319, 0.93154799)
(182306, 0.93154799)
(415411, 0.93154799)
(297353, 0.93154799)
(7505, 0.93154799)
(84367, 0.93154799)
(416267, 0.93154799)
(91677, 0.93154799)
(194855, 0.93154799)
(169882, 0.93154799)
(160983, 0.93154799)
(12975, 0.93154799)
(96216, 0.93154799)
(241574, 0.93154799)
(41641, 0.93154799)
(382407, 0.93154799)
(30057, 0.93154799)
(55501, 0.93154799)
(193241, 0.93154799)
(362669, 0.93154799)
(351365, 0.93154799)
(241950, 0.93154791)
(114325, 0.93154791)
(414937, 0.93154791)
(198445, 0.93154791)
(215937, 0.93154791)
(364764, 0.93154791)
(111962, 0.93154791)
(52220, 0.93154111)
(158507, 0.93154111)
(56943, 0.93154111)
(150109, 0.93154111)
(114401, 0.93154111)
(149501, 0.93154111)
(180783, 0.93154103)
(87106, 0.93154103)
(29872, 0.93154103)
(71582, 0.93154103)
(323862, 0.93154103)
(136472, 0.93154103)
(295893, 0.93154103)
(50374, 0.93154103)
(191075, 0.93154103)
(207538, 0.93154103)
(83966, 0.93154103)
(205393, 0.93154103)
(260849, 0.93154103)
(103235, 0.93154103)
(357693, 0.93154103)
(24749, 0.93154095)
(230022, 0.93154095)
(344263, 0.93154095)
(5123, 0.93154095)
(253029, 0.93154095)
(296320, 0.93154095)
(171529, 0.93154095)
(145967, 0.93154095)
(258953, 0.93154095)
(216887, 0.93154095)
(182234, 0.93154095)
(127328, 0.93154095)
(367289, 0.93154095)
(159299, 0.93154095)
(96304, 0.93154095)
(197408, 0.93153415)
(117155, 0.93153407)
(208310, 0.93153407)
(333465, 0.93153407)
(219994, 0.93153407)
(138386, 0.93153407)
(299218, 0.93153407)
(43154, 0.93153399)
(181494, 0.93153399)
(197755, 0.93153399)
(413564, 0.93153399)
(105540, 0.93153399)
(209763, 0.93153399)
(414399, 0.93153399)
(366119, 0.93153399)
(371568, 0.93153399)
(347741, 0.93153399)
(51388, 0.9315339)
(260517, 0.9315339)
(13457, 0.9315339)
(30848, 0.9315339)
(236021, 0.9315339)
(294143, 0.9315339)
(347753, 0.9315339)
(256399, 0.93152711)
(89478, 0.93152711)
(194733, 0.93152711)
(39758, 0.93152711)
(189920, 0.93152711)
(277186, 0.93152703)
(278267, 0.93152703)
(385600, 0.93152703)
(42421, 0.93152703)
(363325, 0.93152703)
(97639, 0.93152694)
(54461, 0.93152694)
(135096, 0.93152694)
(8708, 0.93152694)
(239361, 0.93152694)
(361584, 0.93152006)
(215519, 0.93152006)
(99746, 0.93152006)
(275819, 0.93151998)
(74990, 0.93151998)
(368288, 0.93151998)
(345071, 0.93151998)
(260770, 0.93151998)
(305945, 0.93151998)
(364720, 0.93151998)
(85063, 0.9315199)
(292966, 0.9315199)
(415997, 0.9315199)
(98492, 0.93151319)
(247024, 0.9315131)
(186980, 0.9315131)
(55750, 0.93151302)
(201424, 0.93151294)
(353602, 0.93151294)
(247593, 0.93150622)
(18051, 0.93150606)
(222019, 0.93150589)
(187926, 0.93149197)
(88551, 0.93149189)
(93753, 0.93041346)
(154171, 0.93040649)
(43637, 0.93040649)
(240580, 0.93040649)
(337029, 0.93040649)
(121934, 0.93040649)
(177527, 0.93040649)
(335112, 0.93040649)
(207797, 0.93040641)
(400442, 0.93039953)
(111105, 0.93039953)
(286857, 0.93039953)
(45789, 0.93039953)
(313601, 0.93039953)
(355293, 0.93039953)
(159030, 0.93039953)
(204947, 0.93039945)
(333545, 0.93039945)
(95329, 0.93039945)
(191876, 0.93039945)
(419425, 0.93039945)
(114348, 0.93039945)
(52411, 0.93039937)
(177453, 0.93039257)
(273417, 0.93039257)
(161672, 0.93039257)
(356484, 0.93039257)
(296175, 0.93039257)
(383656, 0.93039257)
(261660, 0.93039257)
(27859, 0.93039257)
(270075, 0.93039257)
(61800, 0.93039257)
(383423, 0.93039257)
(239161, 0.93039249)
(77353, 0.93039249)
(374358, 0.93039249)
(226996, 0.93039249)
(364979, 0.93039249)
(155884, 0.93039249)
(187762, 0.93039249)
(392290, 0.93039249)
(235665, 0.93039249)
(336281, 0.93039249)
(367402, 0.93039249)
(112992, 0.93039241)
(403973, 0.93038561)
(37630, 0.93038561)
(284026, 0.93038561)
(121013, 0.93038561)
(76990, 0.93038561)
(270107, 0.93038561)
(292679, 0.93038561)
(116630, 0.93038553)
(238561, 0.93038553)
(344063, 0.93038553)
(6479, 0.93038553)
(250314, 0.93038553)
(231065, 0.93038553)
(81383, 0.93038553)
(188556, 0.93038553)
(236146, 0.93038553)
(227439, 0.93038553)
(87350, 0.93038553)
(89519, 0.93038553)
(84280, 0.93038553)
(392339, 0.93038553)
(217026, 0.93038553)
(18540, 0.93038544)
(135040, 0.93038544)
(363814, 0.93038544)
(75732, 0.93038544)
(350635, 0.93037865)
(46595, 0.93037865)
(67437, 0.93037865)
(8927, 0.93037857)
(147433, 0.93037857)
(249379, 0.93037857)
(300716, 0.93037857)
(89913, 0.93037857)
(69635, 0.93037857)
(402374, 0.93037857)
(54714, 0.93037857)
(374695, 0.93037857)
(346866, 0.93037857)
(269146, 0.93037857)
(185076, 0.93037857)
(411099, 0.93037857)
(348390, 0.93037857)
(73478, 0.93037857)
(26214, 0.93037857)
(4707, 0.93037857)
(166796, 0.93037857)
(53034, 0.93037857)
(133114, 0.93037857)
(2574, 0.93037857)
(112944, 0.93037848)
(31938, 0.93037848)
(392301, 0.93037848)
(154543, 0.93037848)
(74997, 0.93037848)
(396403, 0.93037848)
(56211, 0.93037848)
(32333, 0.93037848)
(274548, 0.93037848)
(118293, 0.93037848)
(21002, 0.93037848)
(226200, 0.93037848)
(79762, 0.9303716)
(82026, 0.9303716)
(7926, 0.9303716)
(17269, 0.9303716)
(40304, 0.9303716)
(412873, 0.93037152)
(156298, 0.93037152)
(98099, 0.93037152)
(222306, 0.93037152)
(240874, 0.93037152)
(143851, 0.93037152)
(108004, 0.93037152)
(21462, 0.93037152)
(311846, 0.93037152)
(388416, 0.93037152)
(195402, 0.93037152)
(144543, 0.93037152)
(55799, 0.93037152)
(358066, 0.93037152)
(162747, 0.93037152)
(157590, 0.93037152)
(355616, 0.93037144)
(58193, 0.93037144)
(190594, 0.93037144)
(287570, 0.93037144)
(212117, 0.93037144)
(333897, 0.93036464)
(38924, 0.93036464)
(402734, 0.93036464)
(355834, 0.93036456)
(239731, 0.93036456)
(83019, 0.93036456)
(360356, 0.93036456)
(266030, 0.93036456)
(323366, 0.93036456)
(44772, 0.93036456)
(92201, 0.93036456)
(158844, 0.93036456)
(337765, 0.93036456)
(413139, 0.93036456)
(274281, 0.93036456)
(250707, 0.93036456)
(338147, 0.93036456)
(195460, 0.93036456)
(335587, 0.93036456)
(74895, 0.93036448)
(372849, 0.93036448)
(302054, 0.93036448)
(163323, 0.93036448)
(47549, 0.93036448)
(362192, 0.93036448)
(266247, 0.93036448)
(92289, 0.93036448)
(302829, 0.93036448)
(229477, 0.93036448)
(16305, 0.93036448)
(285771, 0.93036448)
(156728, 0.93036448)
(7718, 0.93036448)
(189950, 0.93036448)
(86703, 0.93036448)
(356122, 0.93036448)
(118830, 0.93036448)
(399130, 0.93036448)
(133029, 0.93035768)
(48513, 0.93035768)
(130438, 0.9303576)
(3990, 0.9303576)
(31995, 0.9303576)
(280474, 0.9303576)
(65319, 0.9303576)
(257378, 0.9303576)
(63403, 0.9303576)
(322978, 0.9303576)
(227607, 0.9303576)
(211757, 0.9303576)
(278749, 0.9303576)
(372722, 0.9303576)
(147744, 0.9303576)
(296691, 0.93035752)
(182467, 0.93035752)
(92101, 0.93035752)
(390049, 0.93035752)
(266799, 0.93035752)
(370899, 0.93035752)
(173740, 0.93035752)
(369319, 0.93035752)
(4050, 0.93035752)
(200997, 0.93035752)
(389406, 0.93035752)
(231946, 0.93035752)
(316795, 0.93035752)
(142886, 0.93035752)
(170996, 0.93035752)
(402630, 0.93035752)
(333424, 0.93035743)
(393556, 0.93035743)
(356759, 0.93035743)
(11474, 0.93035743)
(150734, 0.93035064)
(14033, 0.93035064)
(350340, 0.93035064)
(81739, 0.93035055)
(141972, 0.93035055)
(59172, 0.93035055)
(324926, 0.93035055)
(27480, 0.93035055)
(385608, 0.93035055)
(56397, 0.93035055)
(363740, 0.93035055)
(334080, 0.93035055)
(176757, 0.93035055)
(271099, 0.93035055)
(26951, 0.93035047)
(32441, 0.93035047)
(132334, 0.93035047)
(145086, 0.93035047)
(251785, 0.93035047)
(330855, 0.93035047)
(165171, 0.93035047)
(193370, 0.93035047)
(19739, 0.93035047)
(217324, 0.93035047)
(214439, 0.93035039)
(264030, 0.93034359)
(193736, 0.93034359)
(15600, 0.93034359)
(152010, 0.93034359)
(69597, 0.93034351)
(224787, 0.93034351)
(419740, 0.93034351)
(340185, 0.93034351)
(267516, 0.93034351)
(97212, 0.93034351)
(214864, 0.93034343)
(366940, 0.93034343)
(121376, 0.93034343)
(146332, 0.93034343)
(123861, 0.93034343)
(419182, 0.93033663)
(313477, 0.93033663)
(339035, 0.93033663)
(179761, 0.93033663)
(116612, 0.93033655)
(173943, 0.93033655)
(319653, 0.93033655)
(313104, 0.93033655)
(408545, 0.93033655)
(408329, 0.93033647)
(33638, 0.93033647)
(244808, 0.93033647)
(157856, 0.93033647)
(331688, 0.93033647)
(296380, 0.93033647)
(140269, 0.93033647)
(88543, 0.93033647)
(21599, 0.93032959)
(262045, 0.93032959)
(321910, 0.9303295)
(61827, 0.93032942)
(129726, 0.93032254)
(360148, 0.93032254)
(212601, 0.93032254)
(160134, 0.93032246)
(410433, 0.93031558)
(287972, 0.9303155)
(350006, 0.9303155)
(78351, 0.92923698)
(196066, 0.92923002)
(273022, 0.92923002)
(35103, 0.92923002)
(136965, 0.92922306)
(399675, 0.92922306)
(81472, 0.92922298)
(264371, 0.9292161)
(417975, 0.9292161)
(398588, 0.9292161)
(195253, 0.9292161)
(407314, 0.92921602)
(320015, 0.92921602)
(75998, 0.92921602)
(172827, 0.92921602)
(110152, 0.92921602)
(2923, 0.92921602)
(364781, 0.92921602)
(383312, 0.92921602)
(360606, 0.92921602)
(144306, 0.92921602)
(227592, 0.92921602)
(1058, 0.92921602)
(70461, 0.92920914)
(144463, 0.92920914)
(48755, 0.92920914)
(245247, 0.92920914)
(102725, 0.92920914)
(63008, 0.92920906)
(200925, 0.92920906)
(51463, 0.92920906)
(400870, 0.92920906)
(195678, 0.92920906)
(291655, 0.92920906)
(122541, 0.92920906)
(405035, 0.92920906)
(64902, 0.92920906)
(398102, 0.92920906)
(295420, 0.92920897)
(254062, 0.92920897)
(26964, 0.92920897)
(124349, 0.92920897)
(168897, 0.92920218)
(302988, 0.92920218)
(287344, 0.9292021)
(200798, 0.9292021)
(65604, 0.9292021)
(249313, 0.9292021)
(38862, 0.9292021)
(394803, 0.9292021)
(33210, 0.9292021)
(366810, 0.9292021)
(18656, 0.92920201)
(210463, 0.92920201)
(358589, 0.92920201)
(100191, 0.92920201)
(48973, 0.92920201)
(333315, 0.92920201)
(81129, 0.92920201)
(20497, 0.92920201)
(361146, 0.92920201)
(73678, 0.92920201)
(334228, 0.92920201)
(156065, 0.92920201)
(284022, 0.92920193)
(361079, 0.92919513)
(324322, 0.92919513)
(305535, 0.92919513)
(269518, 0.92919513)
(10939, 0.92919513)
(78296, 0.92919513)
(368838, 0.92919513)
(100104, 0.92919513)
(9021, 0.92919513)
(45452, 0.92919513)
(105204, 0.92919513)
(128788, 0.92919513)
(183093, 0.92919513)
(348322, 0.92919505)
(104315, 0.92919505)
(316533, 0.92919505)
(286932, 0.92919505)
(349623, 0.92919505)
(262511, 0.92919505)
(14647, 0.92919505)
(231618, 0.92919505)
(102475, 0.92919505)
(284591, 0.92919505)
(176335, 0.92919505)
(414397, 0.92919505)
(318865, 0.92919505)
(386308, 0.92919505)
(160713, 0.92919505)
(384130, 0.92919497)
(11046, 0.92919497)
(90694, 0.92919497)
(184664, 0.92919497)
(347537, 0.92919497)
(43848, 0.92919497)
(341673, 0.92919497)
(319462, 0.92919497)
(70475, 0.92919489)
(347513, 0.92918817)
(73099, 0.92918817)
(117507, 0.92918817)
(702, 0.92918817)
(295979, 0.92918817)
(246720, 0.92918817)
(225220, 0.92918809)
(152222, 0.92918809)
(209717, 0.92918809)
(206032, 0.92918809)
(9968, 0.92918809)
(86396, 0.92918809)
(112479, 0.92918809)
(76964, 0.92918809)
(20084, 0.92918809)
(272658, 0.92918809)
(291609, 0.92918809)
(96229, 0.92918809)
(189828, 0.92918809)
(334513, 0.92918809)
(23786, 0.92918801)
(135923, 0.92918801)
(36640, 0.92918801)
(46580, 0.92918801)
(113497, 0.92918801)
(137684, 0.92918801)
(25159, 0.92918801)
(390876, 0.92918801)
(63636, 0.92918801)
(107561, 0.92918801)
(191061, 0.92918801)
(235893, 0.92918801)
(244935, 0.92918801)
(391262, 0.92918801)
(383930, 0.92918792)
(23601, 0.92918121)
(331503, 0.92918113)
(212566, 0.92918113)
(357011, 0.92918113)
(198995, 0.92918113)
(339455, 0.92918113)
(253041, 0.92918113)
(193217, 0.92918113)
(107845, 0.92918113)
(81829, 0.92918113)
(142901, 0.92918113)
(374177, 0.92918113)
(357136, 0.92918113)
(257128, 0.92918113)
(267161, 0.92918105)
(3245, 0.92918105)
(11576, 0.92918105)
(365684, 0.92918105)
(179234, 0.92918105)
(331422, 0.92918105)
(369573, 0.92918105)
(275807, 0.92918105)
(115427, 0.92918105)
(49064, 0.92918105)
(175052, 0.92918105)
(10151, 0.92918105)
(57266, 0.92918105)
(36435, 0.92918096)
(273454, 0.92918096)
(114510, 0.92918096)
(322464, 0.92918096)
(333736, 0.92917417)
(98520, 0.92917417)
(336338, 0.92917417)
(65141, 0.92917417)
(80643, 0.92917417)
(352953, 0.92917408)
(97841, 0.92917408)
(323673, 0.92917408)
(118697, 0.92917408)
(296778, 0.92917408)
(157651, 0.92917408)
(263397, 0.92917408)
(49608, 0.92917408)
(238798, 0.92917408)
(407448, 0.92917408)
(91648, 0.92917408)
(31825, 0.92917408)
(144479, 0.92917408)
(264020, 0.92917408)
(28539, 0.92917408)
(152040, 0.92917408)
(238506, 0.92917408)
(322555, 0.92917408)
(75741, 0.929174)
(210835, 0.929174)
(134239, 0.929174)
(49289, 0.929174)
(37740, 0.929174)
(292233, 0.929174)
(124702, 0.929174)
(155796, 0.929174)
(174435, 0.929174)
(350344, 0.929174)
(306974, 0.929174)
(60867, 0.92916721)
(246205, 0.92916712)
(365242, 0.92916712)
(40339, 0.92916712)
(294023, 0.92916712)
(163511, 0.92916712)
(21766, 0.92916704)
(337174, 0.92916704)
(15992, 0.92916704)
(151521, 0.92916704)
(83873, 0.92916704)
(267095, 0.92916704)
(247563, 0.92916704)
(42691, 0.92916704)
(26407, 0.92916704)
(106607, 0.92916696)
(82989, 0.92916696)
(234844, 0.92916696)
(369735, 0.92916016)
(219309, 0.92916008)
(238846, 0.92916008)
(252792, 0.92916008)
(275731, 0.92916008)
(166098, 0.92916008)
(257679, 0.92916008)
(305776, 0.92916008)
(82479, 0.92916008)
(269435, 0.92916)
(42188, 0.92916)
(333756, 0.92916)
(29036, 0.92916)
(412600, 0.92916)
(33362, 0.9291532)
(128928, 0.92915312)
(335297, 0.92915312)
(192322, 0.92915312)
(284752, 0.92915312)
(98787, 0.92915312)
(185217, 0.92915303)
(186558, 0.92915303)
(374431, 0.92915303)
(162152, 0.92915295)
(115764, 0.92914616)
(346973, 0.92914616)
(183792, 0.92914607)
(108987, 0.92914607)
(397200, 0.92914607)
(146371, 0.92914599)
(128281, 0.92913903)
(27045, 0.92913895)
(148384, 0.92913207)
(47973, 0.92913207)
(150633, 0.92913207)
(372408, 0.92913198)
(223205, 0.92912502)
(362520, 0.92805355)
(375005, 0.92804659)
(10050, 0.92804659)
(404330, 0.92804659)
(236263, 0.92803963)
(327295, 0.92803963)
(98263, 0.92803955)
(180199, 0.92803955)
(318195, 0.92803955)
(286853, 0.92803955)
(385616, 0.92803955)
(12260, 0.92803955)
(144674, 0.92803955)
(306015, 0.92803955)
(134109, 0.92803955)
(161137, 0.92803267)
(243138, 0.92803267)
(355911, 0.92803267)
(11802, 0.92803259)
(2693, 0.92803259)
(250597, 0.92803259)
(328418, 0.92803259)
(60759, 0.92803259)
(215612, 0.92803259)
(228925, 0.92803259)
(340700, 0.9280325)
(80680, 0.9280325)
(64886, 0.9280325)
(6280, 0.92803242)
(212292, 0.92802571)
(161922, 0.92802571)
(5479, 0.92802571)
(278790, 0.92802571)
(326199, 0.92802571)
(324439, 0.92802562)
(302641, 0.92802562)
(75281, 0.92802562)
(335114, 0.92802562)
(184008, 0.92802562)
(72350, 0.92802562)
(246748, 0.92802554)
(141436, 0.92802554)
(230689, 0.92802554)
(325677, 0.92802554)
(61394, 0.92802554)
(373315, 0.92802554)
(360300, 0.92802546)
(93743, 0.92802546)
(95871, 0.92801875)
(160082, 0.92801875)
(54740, 0.92801866)
(419050, 0.92801866)
(371883, 0.92801866)
(303495, 0.92801866)
(130312, 0.92801866)
(284618, 0.92801858)
(375955, 0.92801858)
(118622, 0.92801858)
(348495, 0.92801858)
(416978, 0.92801858)
(32780, 0.92801858)
(365629, 0.92801858)
(297122, 0.92801858)
(6901, 0.92801858)
(175808, 0.92801858)
(220318, 0.9280185)
(25503, 0.9280185)
(157903, 0.92801178)
(10785, 0.9280117)
(387548, 0.9280117)
(360435, 0.9280117)
(110260, 0.9280117)
(210589, 0.9280117)
(63898, 0.9280117)
(361758, 0.9280117)
(265685, 0.9280117)
(73446, 0.9280117)
(234178, 0.9280117)
(369807, 0.9280117)
(289115, 0.9280117)
(264292, 0.92801162)
(153117, 0.92801162)
(354972, 0.92801162)
(21133, 0.92801162)
(380763, 0.92801162)
(144999, 0.92801162)
(110623, 0.92801162)
(281850, 0.92801162)
(194992, 0.92801154)
(18038, 0.92801154)
(324365, 0.92801154)
(47774, 0.92801154)
(230775, 0.92801154)
(102999, 0.92801154)
(236379, 0.92801154)
(281040, 0.92801154)
(234445, 0.92800474)
(378975, 0.92800474)
(418178, 0.92800474)
(127938, 0.92800466)
(375782, 0.92800466)
(386453, 0.92800466)
(358614, 0.92800466)
(120206, 0.92800466)
(51834, 0.92800466)
(95997, 0.92800466)
(227437, 0.92800466)
(10779, 0.92800466)
(305026, 0.92800457)
(259217, 0.92800457)
(359497, 0.92800457)
(253365, 0.92800457)
(242934, 0.92800457)
(159830, 0.92800457)
(18648, 0.92800457)
(3311, 0.92800457)
(122576, 0.92800457)
(59595, 0.92800457)
(153763, 0.92800457)
(372103, 0.92800457)
(194867, 0.92800457)
(371197, 0.92800457)
(259318, 0.92800457)
(409894, 0.92800457)
(29999, 0.92800457)
(208298, 0.92800457)
(159569, 0.92800457)
(167435, 0.92800449)
(325229, 0.92800449)
(56806, 0.92800449)
(347805, 0.92799786)
(229588, 0.92799778)
(127870, 0.9279977)
(103998, 0.9279977)
(205711, 0.9279977)
(396449, 0.9279977)
(398211, 0.9279977)
(131545, 0.9279977)
(239415, 0.92799761)
(52561, 0.92799761)
(308240, 0.92799761)
(105318, 0.92799761)
(142379, 0.92799761)
(122610, 0.92799761)
(242689, 0.92799761)
(292551, 0.92799761)
(418974, 0.92799753)
(35523, 0.92799753)
(35181, 0.92799753)
(345442, 0.92799753)
(244223, 0.92799753)
(239538, 0.92799753)
(378706, 0.92799753)
(98464, 0.92799753)
(416649, 0.92799073)
(361442, 0.92799065)
(141669, 0.92799065)
(329021, 0.92799065)
(346146, 0.92799065)
(330672, 0.92799065)
(357572, 0.92799065)
(234392, 0.92799065)
(382144, 0.92799065)
(271217, 0.92799065)
(199832, 0.92799065)
(198959, 0.92799065)
(19616, 0.92799065)
(171944, 0.92799065)
(371685, 0.92799065)
(51189, 0.92799057)
(293649, 0.92799057)
(352223, 0.92799057)
(275923, 0.92799057)
(307373, 0.92799057)
(296339, 0.92799057)
(303293, 0.92799057)
(332300, 0.92799057)
(314750, 0.92799057)
(367541, 0.92799057)
(151067, 0.92799057)
(351796, 0.92799057)
(20356, 0.92799057)
(72803, 0.92799057)
(187885, 0.92799049)
(316670, 0.92799049)
(95503, 0.92799049)
(357962, 0.92799049)
(212575, 0.92799049)
(187264, 0.92799049)
(360953, 0.92798377)
(78975, 0.92798377)
(318721, 0.92798369)
(112505, 0.92798369)
(168661, 0.92798369)
(295247, 0.92798369)
(228102, 0.92798369)
(327793, 0.92798369)
(147697, 0.92798361)
(317894, 0.92798361)
(108361, 0.92798361)
(303557, 0.92798361)
(254494, 0.92798361)
(282812, 0.92798361)
(237959, 0.92798361)
(197420, 0.92798361)
(364229, 0.92798361)
(88336, 0.92798361)
(85031, 0.92798352)
(256246, 0.92797689)
(258776, 0.92797673)
(58595, 0.92797665)
(202169, 0.92797665)
(234583, 0.92797665)
(69566, 0.92797665)
(197723, 0.92797665)
(6809, 0.92797665)
(25751, 0.92797656)
(244538, 0.92797656)
(211059, 0.92796968)
(56418, 0.92796968)
(174669, 0.92796968)
(18030, 0.9279696)
(18973, 0.9279696)
(367674, 0.9279696)
(73063, 0.92796952)
(188898, 0.92796952)
(252753, 0.92796272)
(186142, 0.92796264)
(119252, 0.92796264)
(308349, 0.92796264)
(411493, 0.92795568)
(32070, 0.92795568)
(34460, 0.92794159)
(160398, 0.92687012)
(93581, 0.92687012)
(86192, 0.92687012)
(383797, 0.92686308)
(116230, 0.92686308)
(94250, 0.92686299)
(343593, 0.9268562)
(153855, 0.9268562)
(330581, 0.9268562)
(68571, 0.92685612)
(196357, 0.92685612)
(170196, 0.92685612)
(185734, 0.92685612)
(257309, 0.92685603)
(279615, 0.92685603)
(13678, 0.92685603)
(199158, 0.92684924)
(169733, 0.92684924)
(355415, 0.92684924)
(186518, 0.92684915)
(136671, 0.92684915)
(221812, 0.92684907)
(237874, 0.92684907)
(190294, 0.92684907)
(117560, 0.92684907)
(146062, 0.92684219)
(198663, 0.92684219)
(323957, 0.92684219)
(185753, 0.92684219)
(11056, 0.92684219)
(151636, 0.92684219)
(94006, 0.92684219)
(47849, 0.92684219)
(299103, 0.92684219)
(296466, 0.92684219)
(149954, 0.92684219)
(378283, 0.92684211)
(12577, 0.92684211)
(121027, 0.92684211)
(314996, 0.92684211)
(24939, 0.92684211)
(20559, 0.92684211)
(243978, 0.92684211)
(402598, 0.92684211)
(237890, 0.92684211)
(23919, 0.92684203)
(159756, 0.92684203)
(128654, 0.92683523)
(316909, 0.92683523)
(76119, 0.92683523)
(240860, 0.92683523)
(250768, 0.92683515)
(60713, 0.92683515)
(297902, 0.92683515)
(322826, 0.92683515)
(353193, 0.92683507)
(44324, 0.92683507)
(57386, 0.92683507)
(161851, 0.92683507)
(85799, 0.92683507)
(218754, 0.92682827)
(3253, 0.92682819)
(91635, 0.92682819)
(28547, 0.92682819)
(282637, 0.92682819)
(287464, 0.92682819)
(24278, 0.92682819)
(232649, 0.92682819)
(49915, 0.92682819)
(159804, 0.9268281)
(118575, 0.9268281)
(384213, 0.9268281)
(365773, 0.9268281)
(375985, 0.9268281)
(25222, 0.9268281)
(150222, 0.9268281)
(170025, 0.9268281)
(82286, 0.9268281)
(355087, 0.9268281)
(167567, 0.92682802)
(410995, 0.92682802)
(23695, 0.92682802)
(162075, 0.92682131)
(284121, 0.92682123)
(262935, 0.92682123)
(335732, 0.92682123)
(237618, 0.92682123)
(96881, 0.92682123)
(254745, 0.92682123)
(214855, 0.92682123)
(290004, 0.92682114)
(216852, 0.92682114)
(339784, 0.92682114)
(276447, 0.92682114)
(11904, 0.92682114)
(325972, 0.92682114)
(329515, 0.92682114)
(56164, 0.92682114)
(136318, 0.92682114)
(235623, 0.92682114)
(351677, 0.92682114)
(173060, 0.92682114)
(283704, 0.92682114)
(202975, 0.92682114)
(72916, 0.92682114)
(29582, 0.92682114)
(226732, 0.92682114)
(338754, 0.92682106)
(226356, 0.92682106)
(78990, 0.92682106)
(57528, 0.92682106)
(235677, 0.92681426)
(210096, 0.92681426)
(225466, 0.92681426)
(413671, 0.92681426)
(98154, 0.92681426)
(328647, 0.92681418)
(168397, 0.92681418)
(201806, 0.92681418)
(90966, 0.92681418)
(317643, 0.92681418)
(45115, 0.92681418)
(163906, 0.92681418)
(318177, 0.9268141)
(106895, 0.9268141)
(394626, 0.9268141)
(285376, 0.9268141)
(199117, 0.9268141)
(418320, 0.92681402)
(361817, 0.92681402)
(100450, 0.92681402)
(124449, 0.92680722)
(289069, 0.92680722)
(318694, 0.92680722)
(88137, 0.92680714)
(357229, 0.92680714)
(276874, 0.92680714)
(192212, 0.92680714)
(216828, 0.92680714)
(387807, 0.92680705)
(123075, 0.92680705)
(210935, 0.92680705)
(208673, 0.92680026)
(98805, 0.92680026)
(240520, 0.92680026)
(146392, 0.92680026)
(167924, 0.92680018)
(216452, 0.92680018)
(338371, 0.92680018)
(104254, 0.92680018)
(146844, 0.92680018)
(376656, 0.92680018)
(312811, 0.92680018)
(44491, 0.92680009)
(50594, 0.92680009)
(147835, 0.92680009)
(301688, 0.92680009)
(318396, 0.92680009)
(344015, 0.92680001)
(393871, 0.92680001)
(378225, 0.92679321)
(229675, 0.92679321)
(179230, 0.92679321)
(324132, 0.92679321)
(118369, 0.92679313)
(226095, 0.92679313)
(274856, 0.92679313)
(224981, 0.92679305)
(261666, 0.92679305)
(131415, 0.92679297)
(380866, 0.92678617)
(198576, 0.92678617)
(77314, 0.92678617)
(94912, 0.92678617)
(24375, 0.92678609)
(348942, 0.92678609)
(128401, 0.92677921)
(316838, 0.92677913)
(99403, 0.92677913)
(345098, 0.9267652)
(76374, 0.92676512)
(166421, 0.92569365)
(392919, 0.92569357)
(398820, 0.92568669)
(98839, 0.92568661)
(205538, 0.92567973)
(301118, 0.92567973)
(80352, 0.92567973)
(250620, 0.92567964)
(148548, 0.92567956)
(103625, 0.92567956)
(382003, 0.92567956)
(319983, 0.92567277)
(240513, 0.92567277)
(318637, 0.92567268)
(9561, 0.92567268)
(96378, 0.92567268)
(293390, 0.92567268)
(340967, 0.92567268)
(201960, 0.92567268)
(338560, 0.92567268)
(361702, 0.92567268)
(208709, 0.9256726)
(133993, 0.9256658)
(69350, 0.92566572)
(381239, 0.92566572)
(255264, 0.92566572)
(250123, 0.92566572)
(76555, 0.92566564)
(47168, 0.92566564)
(2136, 0.92566564)
(179898, 0.92566564)
(56293, 0.92565876)
(407606, 0.92565876)
(145813, 0.92565876)
(41537, 0.92565876)
(209470, 0.92565868)
(62557, 0.92565868)
(30596, 0.92565868)
(396872, 0.92565868)
(58218, 0.92565868)
(339944, 0.92565868)
(188658, 0.92565868)
(113991, 0.92565868)
(18569, 0.92565868)
(50312, 0.92565868)
(366339, 0.92565868)
(89747, 0.92565868)
(84616, 0.92565868)
(152231, 0.92565859)
(19976, 0.92565859)
(276868, 0.92565859)
(65819, 0.92565859)
(196171, 0.92565859)
(203416, 0.92565172)
(283094, 0.92565172)
(143410, 0.92565172)
(22540, 0.92565172)
(27438, 0.92565172)
(52697, 0.92565172)
(90276, 0.92565172)
(363373, 0.92565172)
(190097, 0.92565172)
(319534, 0.92565172)
(330944, 0.92565172)
(262048, 0.92565172)
(36371, 0.92565172)
(57600, 0.92565163)
(360956, 0.92565163)
(54729, 0.92565163)
(106664, 0.92565163)
(150049, 0.92565163)
(392613, 0.92565163)
(378612, 0.92565155)
(229615, 0.92564484)
(321992, 0.92564475)
(212271, 0.92564475)
(377554, 0.92564475)
(363349, 0.92564475)
(254613, 0.92564475)
(297730, 0.92564475)
(27939, 0.92564475)
(357256, 0.92564475)
(123963, 0.92564475)
(5598, 0.92564467)
(188582, 0.92564467)
(343571, 0.92564467)
(384982, 0.92564467)
(419394, 0.92564467)
(166376, 0.92564467)
(370284, 0.92564467)
(225889, 0.92564467)
(319549, 0.92564467)
(333039, 0.92564467)
(344396, 0.92564467)
(303784, 0.92564467)
(182857, 0.92564467)
(310129, 0.92564459)
(21690, 0.92564459)
(232450, 0.92564459)
(336177, 0.92564459)
(132506, 0.92564459)
(390145, 0.92563779)
(288995, 0.92563771)
(378786, 0.92563771)
(137232, 0.92563771)
(195063, 0.92563771)
(42216, 0.92563771)
(405307, 0.92563771)
(339939, 0.92563763)
(349106, 0.92563763)
(409139, 0.92563763)
(342453, 0.92563763)
(91446, 0.92563763)
(190140, 0.92563763)
(254980, 0.92563763)
(262960, 0.92563763)
(73161, 0.92563763)
(186476, 0.92563763)
(338942, 0.92563763)
(251008, 0.92563754)
(143994, 0.92563075)
(254538, 0.92563067)
(171454, 0.92563067)
(3526, 0.92563067)
(77974, 0.92563058)
(168210, 0.92563058)
(228628, 0.92563058)
(419714, 0.92563058)
(115331, 0.92563058)
(254905, 0.92562387)
(179055, 0.92562379)
(139145, 0.92562379)
(131308, 0.92562379)
(414732, 0.92562371)
(315806, 0.92562371)
(107539, 0.92562371)
(297087, 0.92562371)
(228468, 0.92562371)
(210850, 0.92562371)
(126089, 0.92562371)
(346128, 0.92562371)
(367073, 0.92562371)
(302329, 0.92562371)
(74763, 0.92562371)
(119130, 0.92562371)
(76926, 0.92562362)
(304352, 0.92562362)
(112309, 0.92562362)
(321437, 0.92562362)
(417622, 0.92562362)
(272710, 0.92562362)
(305979, 0.92562354)
(106654, 0.92562354)
(291672, 0.92562354)
(181033, 0.92561674)
(327011, 0.92561674)
(242562, 0.92561674)
(398955, 0.92561674)
(47696, 0.92561674)
(90893, 0.92561666)
(90599, 0.92561666)
(386492, 0.92560953)
(272949, 0.92560274)
(12264, 0.92560274)
(267391, 0.92560266)
(243264, 0.92560266)
(442, 0.92560257)
(243214, 0.92560257)
(321100, 0.92560257)
(107798, 0.92559578)
(77205, 0.92559569)
(153321, 0.92559569)
(97774, 0.92559561)
(256153, 0.92559561)
(52558, 0.92559561)
(204300, 0.92559561)
(140355, 0.92558161)
(105711, 0.92453806)
(354825, 0.92452414)
(274619, 0.9245171)
(370442, 0.9245171)
(349151, 0.92451014)
(362990, 0.92451014)
(299395, 0.92450317)
(125192, 0.9244963)
(372466, 0.9244963)
(307769, 0.9244963)
(69899, 0.92449621)
(353113, 0.92449621)
(282666, 0.92448933)
(46620, 0.92448925)
(221760, 0.92448925)
(307661, 0.92448925)
(294943, 0.92448917)
(81369, 0.92448917)
(299578, 0.92448909)
(79304, 0.92448909)
(234832, 0.92448237)
(183610, 0.92448229)
(74647, 0.92448229)
(203449, 0.92448221)
(328950, 0.92448221)
(218291, 0.92448221)
(65334, 0.92448221)
(305098, 0.92448221)
(102595, 0.92448221)
(18124, 0.92448212)
(327669, 0.92448212)
(87722, 0.92447533)
(310063, 0.92447533)
(238564, 0.92447525)
(373268, 0.92447525)
(284131, 0.92447516)
(277233, 0.92447516)
(339855, 0.92447516)
(94173, 0.92447516)
(270187, 0.92447516)
(397259, 0.92447508)
(228814, 0.92446837)
(220067, 0.92446828)
(67606, 0.92446828)
(141184, 0.92446828)
(153197, 0.92446828)
(108596, 0.92446828)
(321351, 0.9244682)
(146047, 0.9244682)
(412887, 0.9244682)
(72313, 0.9244682)
(227835, 0.9244682)
(148251, 0.9244682)
(241224, 0.9244682)
(200588, 0.9244682)
(116129, 0.9244682)
(211310, 0.9244682)
(5469, 0.9244682)
(370163, 0.92446812)
(162858, 0.92446812)
(79411, 0.92446812)
(90468, 0.92446132)
(382689, 0.92446132)
(342931, 0.92446132)
(19297, 0.92446124)
(81979, 0.92446124)
(140846, 0.92446124)
(305588, 0.92446124)
(340838, 0.92446124)
(265025, 0.92446116)
(259991, 0.92446116)
(26830, 0.92446116)
(138591, 0.92446116)
(102461, 0.92445436)
(194356, 0.92445428)
(236773, 0.92445428)
(124589, 0.92445428)
(120276, 0.92445428)
(420347, 0.92445428)
(417097, 0.92445428)
(11042, 0.92445428)
(212308, 0.9244542)
(354090, 0.9244542)
(167815, 0.9244542)
(55662, 0.9244542)
(385209, 0.9244542)
(324874, 0.9244542)
(186754, 0.92445411)
(319250, 0.92445411)
(127666, 0.92445411)
(199497, 0.92445411)
(113510, 0.92445411)
(418264, 0.92445411)
(396481, 0.9244474)
(399370, 0.92444732)
(345203, 0.92444732)
(76238, 0.92444723)
(99303, 0.92444723)
(415390, 0.92444723)
(146690, 0.92444723)
(386940, 0.92444723)
(302885, 0.92444723)
(401972, 0.92444715)
(322860, 0.92444715)
(28821, 0.92444715)
(398520, 0.92444715)
(86407, 0.92444027)
(325869, 0.92444027)
(241182, 0.92444027)
(216292, 0.92444027)
(272011, 0.92444019)
(226602, 0.92444019)
(231903, 0.92444019)
(75017, 0.92443339)
(310833, 0.92443331)
(393946, 0.92443323)
(349722, 0.92443323)
(373759, 0.92443315)
(288277, 0.92443315)
(399363, 0.92442627)
(278413, 0.92442618)
(159067, 0.92442618)
(50449, 0.92442618)
(169426, 0.92441922)
(82034, 0.92441922)
(105118, 0.92441922)
(365338, 0.92441914)
(219674, 0.92441906)
(208519, 0.92441226)
(101626, 0.92441218)
(311234, 0.92441218)
(309331, 0.9244121)
(337897, 0.9244121)
(79312, 0.92437712)
(230994, 0.92334071)
(391600, 0.92333375)
(328476, 0.9233267)
(89130, 0.9233267)
(291703, 0.9233267)
(278378, 0.92332662)
(255532, 0.92331974)
(295595, 0.92331966)
(50028, 0.92331966)
(381435, 0.92331278)
(317386, 0.92331278)
(207232, 0.9233127)
(57497, 0.9233127)
(35889, 0.9233127)
(369535, 0.92330582)
(122949, 0.92330582)
(265796, 0.92330574)
(157169, 0.92330574)
(50587, 0.92330574)
(10748, 0.92330574)
(313493, 0.92330574)
(359871, 0.92330574)
(214885, 0.92329886)
(391204, 0.92329886)
(396947, 0.92329878)
(388579, 0.92329878)
(332227, 0.92329878)
(24532, 0.92329878)
(141306, 0.92329878)
(19857, 0.92329878)
(201382, 0.92329878)
(322256, 0.92329878)
(342823, 0.92329869)
(128242, 0.92329869)
(149798, 0.92329869)
(288157, 0.92329861)
(58747, 0.92329861)
(40857, 0.92329181)
(21736, 0.92329181)
(326775, 0.92329181)
(176840, 0.92329173)
(384782, 0.92329173)
(332521, 0.92329173)
(102347, 0.92329173)
(38620, 0.92329173)
(332108, 0.92329165)
(250796, 0.92329165)
(116599, 0.92329165)
(89243, 0.92328485)
(405793, 0.92328485)
(238272, 0.92328485)
(108219, 0.92328485)
(51794, 0.92328485)
(288655, 0.92328477)
(353847, 0.92328477)
(244618, 0.92328477)
(161572, 0.92328469)
(379857, 0.92328469)
(153615, 0.92328469)
(276745, 0.92328469)
(92129, 0.92328469)
(318754, 0.92328469)
(92232, 0.92328469)
(417023, 0.92328469)
(365095, 0.92327789)
(66006, 0.92327789)
(150183, 0.92327781)
(410810, 0.92327781)
(216271, 0.92327781)
(217763, 0.92327781)
(61761, 0.92327781)
(323446, 0.92327781)
(281448, 0.92327781)
(371589, 0.92327781)
(90995, 0.92327781)
(91332, 0.92327773)
(176391, 0.92327773)
(306105, 0.92327773)
(156611, 0.92327773)
(126853, 0.92327773)
(157831, 0.92327773)
(318632, 0.92327773)
(311449, 0.92327773)
(105372, 0.92327773)
(173013, 0.92327764)
(52908, 0.92327764)
(206940, 0.92327764)
(105732, 0.92327764)
(242133, 0.92327764)
(248785, 0.92327085)
(6620, 0.92327076)
(71040, 0.92327076)
(55609, 0.92327076)
(233974, 0.92327076)
(323994, 0.92327076)
(368123, 0.92327076)
(231983, 0.92327068)
(168423, 0.92327068)
(342074, 0.92327068)
(390248, 0.92327068)
(42444, 0.92327068)
(356622, 0.92327068)
(209809, 0.92326389)
(192663, 0.92326389)
(396810, 0.92326389)
(414008, 0.92326389)
(339293, 0.9232638)
(296176, 0.9232638)
(58482, 0.9232638)
(160926, 0.9232638)
(334653, 0.9232638)
(138336, 0.9232638)
(173466, 0.92326372)
(21890, 0.92326372)
(156966, 0.92326364)
(384150, 0.92326364)
(280995, 0.92326364)
(298479, 0.92326364)
(340986, 0.92325684)
(300655, 0.92325676)
(356010, 0.92325676)
(384804, 0.9232498)
(236052, 0.9232498)
(44882, 0.9232498)
(327735, 0.92324971)
(380759, 0.92324971)
(131273, 0.92324963)
(334193, 0.92324284)
(277670, 0.92324284)
(10169, 0.92324284)
(81954, 0.92324284)
(200545, 0.92324275)
(63159, 0.92324275)
(338652, 0.92324275)
(417217, 0.92324267)
(26199, 0.92323579)
(92610, 0.92322866)
(273052, 0.92322179)
(17060, 0.92322179)
(49656, 0.92216424)
(218323, 0.92216424)
(99591, 0.92215023)
(222887, 0.92215023)
(193257, 0.92213623)
(225374, 0.92213614)
(95170, 0.92212935)
(349934, 0.92212935)
(322684, 0.92212935)
(83558, 0.92212927)
(86633, 0.92212927)
(385633, 0.92212927)
(38250, 0.92212247)
(51473, 0.92212239)
(222964, 0.92212239)
(145791, 0.9221223)
(345132, 0.9221223)
(221056, 0.9221223)
(300546, 0.9221223)
(236950, 0.9221223)
(360840, 0.92212222)
(17570, 0.92212222)
(135371, 0.92212222)
(382967, 0.92212222)
(40728, 0.92212222)
(225991, 0.92211534)
(205935, 0.92211534)
(400259, 0.92211534)
(30399, 0.92211534)
(133008, 0.92211534)
(279765, 0.92211526)
(40705, 0.92211526)
(24031, 0.92211526)
(216584, 0.92211526)
(110066, 0.92211526)
(154915, 0.92211526)
(288144, 0.92211526)
(412547, 0.92211526)
(332672, 0.92211526)
(79046, 0.92211518)
(299329, 0.92211518)
(92826, 0.92211518)
(56416, 0.92211518)
(65579, 0.92210846)
(20787, 0.92210838)
(43874, 0.92210838)
(387737, 0.92210838)
(311049, 0.92210838)
(128706, 0.9221083)
(238609, 0.9221083)
(126032, 0.9221083)
(418525, 0.9221083)
(82764, 0.92210822)
(244953, 0.92210822)
(41495, 0.92210822)
(150741, 0.92210822)
(108453, 0.92210813)
(325886, 0.92210142)
(397801, 0.92210134)
(96646, 0.92210134)
(320372, 0.92210134)
(378890, 0.92210125)
(113744, 0.92210125)
(417986, 0.92210125)
(236398, 0.92210125)
(206017, 0.92210117)
(244896, 0.92209438)
(387230, 0.92209438)
(26253, 0.92209438)
(85242, 0.92209429)
(137804, 0.92209429)
(269506, 0.92209429)
(246398, 0.92209429)
(52974, 0.92209429)
(212866, 0.92209429)
(412861, 0.92209429)
(120858, 0.92209429)
(330947, 0.92209421)
(335933, 0.92208733)
(30567, 0.92208725)
(404104, 0.92208725)
(244700, 0.92208725)
(402323, 0.92208725)
(380904, 0.92208717)
(111087, 0.92208037)
(203317, 0.92208037)
(384436, 0.92208037)
(52562, 0.92208029)
(358709, 0.92208029)
(307689, 0.92208029)
(119589, 0.92208029)
(61689, 0.9220802)
(183688, 0.92207333)
(8102, 0.92207316)
(372265, 0.92206637)
(82280, 0.92206628)
(86734, 0.92206628)
(173377, 0.9220662)
(401608, 0.9220594)
(297777, 0.92205244)
(412461, 0.92205244)
(197186, 0.92205244)
(351649, 0.92204523)
(111670, 0.9209668)
(152238, 0.92095984)
(112586, 0.92095976)
(192934, 0.92095976)
(139752, 0.92095288)
(171409, 0.92095288)
(251617, 0.9209528)
(113786, 0.9209528)
(252554, 0.92094583)
(342335, 0.92094583)
(158043, 0.92094583)
(394077, 0.92094583)
(267882, 0.92094575)
(161887, 0.92094575)
(358437, 0.92093896)
(98832, 0.92093887)
(308416, 0.92093887)
(99244, 0.92093887)
(47966, 0.92093879)
(43431, 0.92093879)
(99786, 0.92093879)
(267224, 0.92093871)
(241779, 0.92093199)
(131793, 0.92093191)
(201394, 0.92093191)
(73654, 0.92093191)
(331045, 0.92093191)
(156431, 0.92093183)
(342767, 0.92093183)
(291895, 0.92093183)
(63968, 0.92093175)
(236, 0.92092503)
(118880, 0.92092495)
(37776, 0.92092495)
(264078, 0.92092495)
(290361, 0.92092487)
(372196, 0.92092487)
(227149, 0.92092487)
(92804, 0.92092478)
(97830, 0.92092478)
(152280, 0.92092478)
(263227, 0.9209247)
(399037, 0.92091782)
(282293, 0.92091782)
(95551, 0.92091782)
(17486, 0.92091782)
(380725, 0.92091774)
(178826, 0.92091774)
(40584, 0.92091094)
(66414, 0.92091094)
(332628, 0.92091086)
(245704, 0.92091086)
(17837, 0.92091078)
(135965, 0.92091078)
(82009, 0.9209107)
(205545, 0.92090398)
(149978, 0.9209039)
(215837, 0.9209039)
(49990, 0.9209039)
(196623, 0.92090382)
(353846, 0.92090382)
(141308, 0.92090382)
(407721, 0.92090382)
(111629, 0.92090373)
(27878, 0.92090373)
(206382, 0.92089677)
(229275, 0.92088989)
(264767, 0.92088989)
(341882, 0.92088989)
(161489, 0.92088981)
(187909, 0.92088973)
(386355, 0.92088973)
(76634, 0.92088973)
(843, 0.92088293)
(289195, 0.92088285)
(323108, 0.92087589)
(225853, 0.92086884)
(35611, 0.92086197)
(237692, 0.92086188)
(255404, 0.9208618)
(111565, 0.92085492)
(247290, 0.91979729)
(354734, 0.91979033)
(277661, 0.91979033)
(19125, 0.91978337)
(102055, 0.91978337)
(46071, 0.91978329)
(108613, 0.91978329)
(176861, 0.91978329)
(177533, 0.91977641)
(89900, 0.91977632)
(68033, 0.91976945)
(23541, 0.91976936)
(183477, 0.91976928)
(128076, 0.91976248)
(54348, 0.91976248)
(402909, 0.9197624)
(278700, 0.9197624)
(157970, 0.91976232)
(386645, 0.91976224)
(35950, 0.91975544)
(183967, 0.91975544)
(336784, 0.91975544)
(367399, 0.91975536)
(114064, 0.91975536)
(251942, 0.91975536)
(82481, 0.91975527)
(177222, 0.91974848)
(404744, 0.91974831)
(293657, 0.91974831)
(50452, 0.91974831)
(58065, 0.91974831)
(59088, 0.91974144)
(353700, 0.91974144)
(254739, 0.91974135)
(165175, 0.91974135)
(390000, 0.91974127)
(41805, 0.91974127)
(150470, 0.91973456)
(2211, 0.91973447)
(27945, 0.91973439)
(132448, 0.91973431)
(290535, 0.91973431)
(222752, 0.91972743)
(159858, 0.91972735)
(199788, 0.91972735)
(290979, 0.91972047)
(259933, 0.91972047)
(240881, 0.91971351)
(399195, 0.91971342)
(317112, 0.91971342)
(147585, 0.91971326)
(44070, 0.91970638)
(153092, 0.91969246)
(85477, 0.91969246)
(280734, 0.91969237)
(400262, 0.91969237)
(313199, 0.91967837)
(150256, 0.91967124)
(73125, 0.91966453)
(381483, 0.91965748)
(4899, 0.91859298)
(57135, 0.91859289)
(25861, 0.91859289)
(235578, 0.91858585)
(384506, 0.91857897)
(38760, 0.91857889)
(139648, 0.91857889)
(197642, 0.91857889)
(328094, 0.9185788)
(169056, 0.91857201)
(292166, 0.91857201)
(195265, 0.91857193)
(156247, 0.91857193)
(417885, 0.91857184)
(92230, 0.91857176)
(228902, 0.91856496)
(295890, 0.91856488)
(262566, 0.91856488)
(333495, 0.91856488)
(196179, 0.91856488)
(222574, 0.91856488)
(178590, 0.91855104)
(378826, 0.91855088)
(64107, 0.91855088)
(59679, 0.91855088)
(390930, 0.91855088)
(360079, 0.91855088)
(392346, 0.91855079)
(94972, 0.91855079)
(321122, 0.91854391)
(391867, 0.91854391)
(416189, 0.91853704)
(274695, 0.91853695)
(244649, 0.91852991)
(337393, 0.91852286)
(168909, 0.9185019)
(403437, 0.91741651)
(81131, 0.91740946)
(118972, 0.91740938)
(318618, 0.9174093)
(416697, 0.9174025)
(267184, 0.91740242)
(115069, 0.91740242)
(142770, 0.91740242)
(39955, 0.91740242)
(211863, 0.91740233)
(25342, 0.91739529)
(223333, 0.91739529)
(204739, 0.91738841)
(186523, 0.91738833)
(60858, 0.91738162)
(410625, 0.91738145)
(151940, 0.91738145)
(233100, 0.91738128)
(395141, 0.91737449)
(308635, 0.91737449)
(70344, 0.91737449)
(94888, 0.91736736)
(388007, 0.91734648)
(186496, 0.91733952)
(245850, 0.91732534)
(227264, 0.91623307)
(140599, 0.91622595)
(244890, 0.91621898)
(95978, 0.91621882)
(339210, 0.91621194)
(401663, 0.91621194)
(80681, 0.91621186)
(33311, 0.91620506)
(389955, 0.9162049)
(322100, 0.91619802)
(400076, 0.91619802)
(265310, 0.91619114)
(5393, 0.91619097)
(151754, 0.91619081)
(396888, 0.91618409)
(56271, 0.91618401)
(301599, 0.91617705)
(203442, 0.91617697)
(90271, 0.91617697)
(230818, 0.91617688)
(373799, 0.916142)
(330225, 0.91613503)
(127270, 0.91504956)
(161286, 0.91504243)
(302586, 0.91503555)
(226257, 0.91503547)
(189871, 0.91503547)
(196795, 0.91502843)
(28701, 0.91502155)
(276568, 0.91502155)
(386086, 0.91500033)
(165912, 0.91498649)
(280506, 0.91495856)
(69001, 0.91385908)
(102644, 0.91385204)
(69500, 0.91384508)
(105261, 0.91383115)
(352886, 0.91383115)
(136453, 0.91381707)
(357949, 0.91380306)
(190620, 0.91378914)
(340021, 0.91271071)
(405605, 0.9127035)
(52382, 0.91264043)
(117850, 0.91148526)
(351219, 0.91148517)
(199443, 0.91147125)
(164585, 0.91147109)
(254825, 0.91033671)
