(295799, 0.93982522)
(333042, 0.93981826)
(150964, 0.93981826)
(187840, 0.93981826)
(176110, 0.93864875)
(166502, 0.93864875)
(349260, 0.93864875)
(210445, 0.93864875)
(309540, 0.93864875)
(208002, 0.93864875)
(63106, 0.93864875)
(292232, 0.93864875)
(339220, 0.93864875)
(66218, 0.93864875)
(185050, 0.93864875)
(92895, 0.93864875)
(356577, 0.93864875)
(143032, 0.93864875)
(251426, 0.93864875)
(251733, 0.93864875)
(397077, 0.93864875)
(108606, 0.93864875)
(20428, 0.93864179)
(7363, 0.93864179)
(376853, 0.93864179)
(15679, 0.93864179)
(74419, 0.93864179)
(109212, 0.93864179)
(51715, 0.93864179)
(254637, 0.93864179)
(391568, 0.93864179)
(177195, 0.93864179)
(373926, 0.93863483)
(171479, 0.93863483)
(81693, 0.93863483)
(263304, 0.93863483)
(48002, 0.93863474)
(12110, 0.93863474)
(64992, 0.93862778)
(374613, 0.93747228)
(148155, 0.93747228)
(375550, 0.93747228)
(23894, 0.93747228)
(124771, 0.93747228)
(184318, 0.93747228)
(93384, 0.93747228)
(322497, 0.93747228)
(164765, 0.93747228)
(401714, 0.93747228)
(234801, 0.93747228)
(346480, 0.93747228)
(395544, 0.93747228)
(258237, 0.93747228)
(81510, 0.93747228)
(159656, 0.93747228)
(305041, 0.93747228)
(282717, 0.93747228)
(41543, 0.93747228)
(260033, 0.93747228)
(156516, 0.93746532)
(135914, 0.93746532)
(369107, 0.93746532)
(210474, 0.93746532)
(121390, 0.93746532)
(39167, 0.93746532)
(141921, 0.93746532)
(240706, 0.93746532)
(110650, 0.93746532)
(314785, 0.93746532)
(382420, 0.93746532)
(82239, 0.93746532)
(291430, 0.93746532)
(299304, 0.93746532)
(409651, 0.93746532)
(128489, 0.93746532)
(351972, 0.93746532)
(273918, 0.93746532)
(257719, 0.93746532)
(106562, 0.93746532)
(287679, 0.93746532)
(148683, 0.93746532)
(96050, 0.93746532)
(180369, 0.93746532)
(148592, 0.93746532)
(267757, 0.93746532)
(322147, 0.93746532)
(317550, 0.93746532)
(362595, 0.93746532)
(291809, 0.93746532)
(200969, 0.93746532)
(157289, 0.93746532)
(98437, 0.93746532)
(165015, 0.93746532)
(257618, 0.93746532)
(184550, 0.93746532)
(336348, 0.93746532)
(29778, 0.93746532)
(186200, 0.93746532)
(263568, 0.93746532)
(91971, 0.93746532)
(155688, 0.93746532)
(161035, 0.93746532)
(210273, 0.93746532)
(329676, 0.93745836)
(201300, 0.93745836)
(215573, 0.93745836)
(15375, 0.93745836)
(416834, 0.93745836)
(223403, 0.93745836)
(339879, 0.93745836)
(272871, 0.93745836)
(124640, 0.93745836)
(61116, 0.93745836)
(17101, 0.93745836)
(73927, 0.93745836)
(212556, 0.93745836)
(126073, 0.93745836)
(235596, 0.93745836)
(318963, 0.93745836)
(234941, 0.93745827)
(45516, 0.93745827)
(23044, 0.93745827)
(29718, 0.93745827)
(153518, 0.93745139)
(242366, 0.93745139)
(84286, 0.93745131)
(310812, 0.93745131)
(343564, 0.93745131)
(334780, 0.93745131)
(290932, 0.93745131)
(295667, 0.93745131)
(78124, 0.93743739)
(405749, 0.93629581)
(336788, 0.93629581)
(157944, 0.93629581)
(272861, 0.93629581)
(285918, 0.93629581)
(130291, 0.93629581)
(315726, 0.93629581)
(318001, 0.93629581)
(50108, 0.93629581)
(116402, 0.93629581)
(377142, 0.93629581)
(45617, 0.93629581)
(176690, 0.93629581)
(105459, 0.93629581)
(180008, 0.93629581)
(389643, 0.93629581)
(388249, 0.93629581)
(250930, 0.93629581)
(157162, 0.93629581)
(34780, 0.93629581)
(17513, 0.93629581)
(214940, 0.93629581)
(186207, 0.93629581)
(299834, 0.93629581)
(44851, 0.93629581)
(353035, 0.93629581)
(259356, 0.93629581)
(315594, 0.93629573)
(193634, 0.93628885)
(221814, 0.93628885)
(270252, 0.93628885)
(274837, 0.93628885)
(250414, 0.93628885)
(92507, 0.93628885)
(385035, 0.93628885)
(373637, 0.93628885)
(249692, 0.93628885)
(42649, 0.93628885)
(92017, 0.93628885)
(401507, 0.93628885)
(253676, 0.93628885)
(417542, 0.93628885)
(76291, 0.93628885)
(252667, 0.93628885)
(238208, 0.93628885)
(309304, 0.93628885)
(45137, 0.93628885)
(379643, 0.93628885)
(383349, 0.93628885)
(297576, 0.93628885)
(395051, 0.93628885)
(245443, 0.93628885)
(63934, 0.93628885)
(321535, 0.93628885)
(278633, 0.93628885)
(362082, 0.93628885)
(371347, 0.93628885)
(343694, 0.93628885)
(129860, 0.93628885)
(159337, 0.93628885)
(218723, 0.93628885)
(200434, 0.93628885)
(411906, 0.93628885)
(244066, 0.93628885)
(152668, 0.93628885)
(336407, 0.93628885)
(130156, 0.93628885)
(154347, 0.93628885)
(248542, 0.93628885)
(326257, 0.93628885)
(290094, 0.93628885)
(162689, 0.93628885)
(297683, 0.93628885)
(190972, 0.93628885)
(108498, 0.93628885)
(266565, 0.93628885)
(109520, 0.93628885)
(88154, 0.93628885)
(287443, 0.93628885)
(54308, 0.93628885)
(288468, 0.93628885)
(321194, 0.93628885)
(139457, 0.93628885)
(261669, 0.93628885)
(77633, 0.93628885)
(128190, 0.93628885)
(387667, 0.93628885)
(330561, 0.93628885)
(179603, 0.93628885)
(358943, 0.93628885)
(64405, 0.93628885)
(67892, 0.93628885)
(350265, 0.93628885)
(6337, 0.93628885)
(31937, 0.93628885)
(60036, 0.93628885)
(110809, 0.93628885)
(65078, 0.93628189)
(62827, 0.93628189)
(34644, 0.93628189)
(299649, 0.93628189)
(371045, 0.93628189)
(239896, 0.93628189)
(376618, 0.93628189)
(150332, 0.93628189)
(279454, 0.93628189)
(401717, 0.93628189)
(291856, 0.93628189)
(345704, 0.93628189)
(44436, 0.93628189)
(355773, 0.93628189)
(160753, 0.93628189)
(98620, 0.93628189)
(97129, 0.93628189)
(403899, 0.93628189)
(234083, 0.93628189)
(244227, 0.93628189)
(60025, 0.93628189)
(305884, 0.93628189)
(98240, 0.93628189)
(363666, 0.93628189)
(359164, 0.93628189)
(114455, 0.93628189)
(334762, 0.93628189)
(51622, 0.93628189)
(9460, 0.93628189)
(146807, 0.93628189)
(93220, 0.93628189)
(46539, 0.9362818)
(345909, 0.9362818)
(162284, 0.9362818)
(270103, 0.9362818)
(158795, 0.9362818)
(11426, 0.9362818)
(39750, 0.9362818)
(255600, 0.9362818)
(48668, 0.93627492)
(250948, 0.93627492)
(18835, 0.93627492)
(379261, 0.93627492)
(105181, 0.93627492)
(76538, 0.93627492)
(279030, 0.93627484)
(190255, 0.93627484)
(240981, 0.93627484)
(73951, 0.93627484)
(166158, 0.93627484)
(108019, 0.93627484)
(406606, 0.93627484)
(107328, 0.93627484)
(77003, 0.93627484)
(70493, 0.93627484)
(146520, 0.93626788)
(188387, 0.93626788)
(190452, 0.93626788)
(317587, 0.93626788)
(144843, 0.93626788)
(48031, 0.93626788)
(304646, 0.93626092)
(350208, 0.93626084)
(308736, 0.93626084)
(370990, 0.93511942)
(300231, 0.93511934)
(228340, 0.93511934)
(100821, 0.93511934)
(338025, 0.93511934)
(292962, 0.93511934)
(195129, 0.93511934)
(187732, 0.93511934)
(140499, 0.93511934)
(286339, 0.93511934)
(377202, 0.93511934)
(377295, 0.93511934)
(220327, 0.93511934)
(84406, 0.93511934)
(401826, 0.93511934)
(79603, 0.93511934)
(78468, 0.93511934)
(232030, 0.93511934)
(90673, 0.93511934)
(39308, 0.93511934)
(148990, 0.93511934)
(130710, 0.93511934)
(147575, 0.93511934)
(96920, 0.93511934)
(10819, 0.93511934)
(335214, 0.93511934)
(167678, 0.93511934)
(229711, 0.93511238)
(278793, 0.93511238)
(220533, 0.93511238)
(2078, 0.93511238)
(405326, 0.93511238)
(320481, 0.93511238)
(369038, 0.93511238)
(26983, 0.93511238)
(208043, 0.93511238)
(402151, 0.93511238)
(90668, 0.93511238)
(388834, 0.93511238)
(395535, 0.93511238)
(413225, 0.93511238)
(336440, 0.93511238)
(408056, 0.93511238)
(212660, 0.93511238)
(117567, 0.93511238)
(125626, 0.93511238)
(112122, 0.93511238)
(229090, 0.93511238)
(284968, 0.93511238)
(260811, 0.93511238)
(207570, 0.93511238)
(343800, 0.93511238)
(338866, 0.93511238)
(88180, 0.93511238)
(95421, 0.93511238)
(346223, 0.93511238)
(205004, 0.93511238)
(318731, 0.93511238)
(124899, 0.93511238)
(370636, 0.93511238)
(270491, 0.93511238)
(40961, 0.93511238)
(5349, 0.93511238)
(109381, 0.93511238)
(374406, 0.93511238)
(191564, 0.93511238)
(253061, 0.93511238)
(243979, 0.93511238)
(324649, 0.93511238)
(110353, 0.93511238)
(237096, 0.93511238)
(328557, 0.93511238)
(259813, 0.93511238)
(410737, 0.93511238)
(77851, 0.93511238)
(239555, 0.93511238)
(370005, 0.93511238)
(188259, 0.93511238)
(211157, 0.93511238)
(110990, 0.93511238)
(58581, 0.93511238)
(35805, 0.93511238)
(99356, 0.93511238)
(363914, 0.93511238)
(340515, 0.93511238)
(247350, 0.93511238)
(279779, 0.93511238)
(296610, 0.93511238)
(6893, 0.93511238)
(415170, 0.93511238)
(300163, 0.93511238)
(393106, 0.93511238)
(364068, 0.93511238)
(110166, 0.93511238)
(333754, 0.93511238)
(357084, 0.93511238)
(409007, 0.93511238)
(328378, 0.93511238)
(344279, 0.93511238)
(217152, 0.93511238)
(250780, 0.93511238)
(258318, 0.93511238)
(26895, 0.93511238)
(294904, 0.93511238)
(152188, 0.93511238)
(48844, 0.93511238)
(334815, 0.93511238)
(365747, 0.93511238)
(304689, 0.93511238)
(273300, 0.93511238)
(328606, 0.93511238)
(165028, 0.93511238)
(261084, 0.93511238)
(283132, 0.93511238)
(182329, 0.93511238)
(394026, 0.93511238)
(312544, 0.93511238)
(158540, 0.93511238)
(136451, 0.93511238)
(105182, 0.93511238)
(178266, 0.93511238)
(287824, 0.93510541)
(149451, 0.93510541)
(205433, 0.93510541)
(175942, 0.93510541)
(272932, 0.93510541)
(55591, 0.93510541)
(79383, 0.93510541)
(352275, 0.93510541)
(194820, 0.93510541)
(112687, 0.93510541)
(13567, 0.93510541)
(60862, 0.93510541)
(67232, 0.93510541)
(247772, 0.93510541)
(138454, 0.93510541)
(242217, 0.93510541)
(33470, 0.93510541)
(143963, 0.93510541)
(99930, 0.93510541)
(159952, 0.93510541)
(276816, 0.93510541)
(270334, 0.93510541)
(247093, 0.93510541)
(323050, 0.93510541)
(117218, 0.93510541)
(356484, 0.93510541)
(51111, 0.93510541)
(284276, 0.93510541)
(161450, 0.93510541)
(94085, 0.93510541)
(259378, 0.93510541)
(88506, 0.93510541)
(269787, 0.93510541)
(107861, 0.93510541)
(257446, 0.93510541)
(412707, 0.93510541)
(64198, 0.93510541)
(270343, 0.93510541)
(42421, 0.93510541)
(157272, 0.93510541)
(49181, 0.93510541)
(98184, 0.93510541)
(173038, 0.93510541)
(78583, 0.93510541)
(51034, 0.93510541)
(258547, 0.93510541)
(407952, 0.93510541)
(48042, 0.93510541)
(129721, 0.93510541)
(191255, 0.93510541)
(13998, 0.93510541)
(212000, 0.93510541)
(300345, 0.93510541)
(30584, 0.93510541)
(416159, 0.93510541)
(92825, 0.93510541)
(153868, 0.93510541)
(231711, 0.93510541)
(288767, 0.93510541)
(220784, 0.93510541)
(32848, 0.93510541)
(292246, 0.93510541)
(234620, 0.93510541)
(36367, 0.93510541)
(326237, 0.93510541)
(59346, 0.93510541)
(172755, 0.93510541)
(54303, 0.93510541)
(286267, 0.93510541)
(226987, 0.93510541)
(34659, 0.93510541)
(144537, 0.93510541)
(233931, 0.93510541)
(194670, 0.93510541)
(292089, 0.93510541)
(47588, 0.93510541)
(193984, 0.93510541)
(356214, 0.93510541)
(48151, 0.93510541)
(207645, 0.93510541)
(334740, 0.93510541)
(64540, 0.93510541)
(136411, 0.93510533)
(311015, 0.93510533)
(286882, 0.93510533)
(1533, 0.93510533)
(5572, 0.93510533)
(173226, 0.93510533)
(15144, 0.93510533)
(357740, 0.93510533)
(343333, 0.93510533)
(278364, 0.93510533)
(84582, 0.93510533)
(113195, 0.93510533)
(212746, 0.93510533)
(257078, 0.93510533)
(67194, 0.93509845)
(7895, 0.93509845)
(226046, 0.93509845)
(31334, 0.93509845)
(314326, 0.93509845)
(79749, 0.93509845)
(69494, 0.93509845)
(400870, 0.93509845)
(20878, 0.93509845)
(56212, 0.93509845)
(210800, 0.93509845)
(161913, 0.93509845)
(149430, 0.93509845)
(334810, 0.93509845)
(30633, 0.93509845)
(277504, 0.93509845)
(279483, 0.93509845)
(367109, 0.93509845)
(71586, 0.93509845)
(181933, 0.93509845)
(220348, 0.93509845)
(156565, 0.93509845)
(94082, 0.93509845)
(231074, 0.93509845)
(152264, 0.93509845)
(410259, 0.93509837)
(326797, 0.93509837)
(146048, 0.93509837)
(362938, 0.93509837)
(35670, 0.93509837)
(198610, 0.93509837)
(131442, 0.93509837)
(265658, 0.93509837)
(10354, 0.93509837)
(231355, 0.93509837)
(313386, 0.93509837)
(19064, 0.93509837)
(187384, 0.93509837)
(63274, 0.93509837)
(315389, 0.93509837)
(33795, 0.93509837)
(12537, 0.93509837)
(191947, 0.93509837)
(190539, 0.93509149)
(3361, 0.93509149)
(7257, 0.93509149)
(296340, 0.93509141)
(188281, 0.93509141)
(36985, 0.93509141)
(66863, 0.93509141)
(335232, 0.93509141)
(65319, 0.93509141)
(260046, 0.93509141)
(297484, 0.93509141)
(146332, 0.93509141)
(305262, 0.93509141)
(156231, 0.93509141)
(180377, 0.93509141)
(7618, 0.93509141)
(216149, 0.93509141)
(118807, 0.93509141)
(315621, 0.93509141)
(10676, 0.93509141)
(364720, 0.93509141)
(109969, 0.93509141)
(401259, 0.93509133)
(317419, 0.93509133)
(85018, 0.93508445)
(120121, 0.93508445)
(180783, 0.93508437)
(317241, 0.93508437)
(89072, 0.93508437)
(334825, 0.93508437)
(379091, 0.93508437)
(267778, 0.93507749)
(261507, 0.9350774)
(142904, 0.93507036)
(382834, 0.93394295)
(378431, 0.93394287)
(419132, 0.93394287)
(330870, 0.93394287)
(234068, 0.93394287)
(182054, 0.93394287)
(54290, 0.93394287)
(33273, 0.93394287)
(378062, 0.93394287)
(395970, 0.93394287)
(172739, 0.93394287)
(316461, 0.93394287)
(174190, 0.93394287)
(81433, 0.93394287)
(110744, 0.93394287)
(352465, 0.93394287)
(180556, 0.93394287)
(274285, 0.93394287)
(12026, 0.93394287)
(129064, 0.93394287)
(313056, 0.93394287)
(297072, 0.93393591)
(221345, 0.93393591)
(196871, 0.93393591)
(338001, 0.93393591)
(279432, 0.93393591)
(76383, 0.93393591)
(318486, 0.93393591)
(179658, 0.93393591)
(206490, 0.93393591)
(131716, 0.93393591)
(217714, 0.93393591)
(126179, 0.93393591)
(379792, 0.93393591)
(372932, 0.93393591)
(341318, 0.93393591)
(195925, 0.93393591)
(375892, 0.93393591)
(354482, 0.93393591)
(274116, 0.93393591)
(247393, 0.93393591)
(400715, 0.93393591)
(110348, 0.93393591)
(412126, 0.93393591)
(289769, 0.93393591)
(29613, 0.93393591)
(84087, 0.93393591)
(146245, 0.93393591)
(361511, 0.93393591)
(228885, 0.93393591)
(267204, 0.93393591)
(213261, 0.93393591)
(116080, 0.93393591)
(415493, 0.93393591)
(249481, 0.93393591)
(188578, 0.93393591)
(42801, 0.93393591)
(15972, 0.93393591)
(60759, 0.93393591)
(206280, 0.93393591)
(247248, 0.93393591)
(96732, 0.93393591)
(332677, 0.93393591)
(170814, 0.93393591)
(240489, 0.93393591)
(10309, 0.93393591)
(165342, 0.93393591)
(331374, 0.93393591)
(223458, 0.93393591)
(171173, 0.93393591)
(393086, 0.93393591)
(263396, 0.93393591)
(408114, 0.93393591)
(312305, 0.93393591)
(340565, 0.93393591)
(320044, 0.93393591)
(189536, 0.93393591)
(116168, 0.93393591)
(282647, 0.93393591)
(184393, 0.93393591)
(388466, 0.93393591)
(202835, 0.93393591)
(154741, 0.93393591)
(3576, 0.93393591)
(150144, 0.93393591)
(48163, 0.93393591)
(148897, 0.93393591)
(308084, 0.93393591)
(379403, 0.93393591)
(387477, 0.93393591)
(179443, 0.93393591)
(46372, 0.93393591)
(47304, 0.93392894)
(87087, 0.93392894)
(54018, 0.93392894)
(264995, 0.93392894)
(191208, 0.93392894)
(394537, 0.93392894)
(51310, 0.93392894)
(30755, 0.93392894)
(168173, 0.93392894)
(149295, 0.93392894)
(294212, 0.93392894)
(412046, 0.93392894)
(216609, 0.93392894)
(359377, 0.93392894)
(25885, 0.93392894)
(300067, 0.93392894)
(28692, 0.93392894)
(333465, 0.93392894)
(56856, 0.93392894)
(49140, 0.93392894)
(389553, 0.93392894)
(218057, 0.93392894)
(242042, 0.93392894)
(142633, 0.93392894)
(367627, 0.93392894)
(322639, 0.93392894)
(257017, 0.93392894)
(87852, 0.93392894)
(53905, 0.93392894)
(95756, 0.93392894)
(210674, 0.93392894)
(105911, 0.93392894)
(314484, 0.93392894)
(90019, 0.93392894)
(180577, 0.93392894)
(126940, 0.93392894)
(19923, 0.93392894)
(218023, 0.93392894)
(37799, 0.93392894)
(371389, 0.93392894)
(94511, 0.93392894)
(309125, 0.93392894)
(412313, 0.93392894)
(63519, 0.93392894)
(316040, 0.93392894)
(407326, 0.93392894)
(56679, 0.93392894)
(98208, 0.93392894)
(52055, 0.93392894)
(33700, 0.93392894)
(180361, 0.93392894)
(14923, 0.93392894)
(229029, 0.93392894)
(100293, 0.93392894)
(85196, 0.93392894)
(94000, 0.93392894)
(57683, 0.93392894)
(395289, 0.93392894)
(352146, 0.93392894)
(400780, 0.93392894)
(132588, 0.93392894)
(371568, 0.93392894)
(63630, 0.93392894)
(258855, 0.93392894)
(230567, 0.93392894)
(122874, 0.93392894)
(207151, 0.93392894)
(371789, 0.93392894)
(294884, 0.93392894)
(37457, 0.93392894)
(45787, 0.93392886)
(417745, 0.93392886)
(86058, 0.93392886)
(299900, 0.93392886)
(90481, 0.93392886)
(94902, 0.93392886)
(177828, 0.93392886)
(72939, 0.93392886)
(100310, 0.93392198)
(102252, 0.93392198)
(202752, 0.93392198)
(197040, 0.93392198)
(24187, 0.93392198)
(333916, 0.93392198)
(403308, 0.93392198)
(124972, 0.93392198)
(354585, 0.93392198)
(264883, 0.93392198)
(93734, 0.93392198)
(328247, 0.93392198)
(398288, 0.93392198)
(262970, 0.93392198)
(110356, 0.93392198)
(185792, 0.93392198)
(130656, 0.93392198)
(334328, 0.93392198)
(198796, 0.93392198)
(334952, 0.93392198)
(73051, 0.93392198)
(41584, 0.93392198)
(393105, 0.93392198)
(77042, 0.93392198)
(163639, 0.93392198)
(53111, 0.93392198)
(315075, 0.93392198)
(161130, 0.93392198)
(187220, 0.93392198)
(324334, 0.93392198)
(392113, 0.93392198)
(305147, 0.93392198)
(378577, 0.93392198)
(179990, 0.93392198)
(290007, 0.93392198)
(341607, 0.93392198)
(380301, 0.93392198)
(94792, 0.93392198)
(321761, 0.93392198)
(278749, 0.93392198)
(137553, 0.93392198)
(298396, 0.93392198)
(401167, 0.93392198)
(338967, 0.93392198)
(193087, 0.93392198)
(121549, 0.93392198)
(114511, 0.93392198)
(160379, 0.93392198)
(285377, 0.93392198)
(205826, 0.93392198)
(117314, 0.93392198)
(216787, 0.9339219)
(88333, 0.9339219)
(269000, 0.9339219)
(340701, 0.9339219)
(354490, 0.9339219)
(187178, 0.9339219)
(375499, 0.9339219)
(253874, 0.9339219)
(311099, 0.9339219)
(294473, 0.9339219)
(205874, 0.9339219)
(178767, 0.9339219)
(266799, 0.9339219)
(92168, 0.9339219)
(145642, 0.9339219)
(43274, 0.9339219)
(395977, 0.9339219)
(340197, 0.9339219)
(167085, 0.9339219)
(312849, 0.9339219)
(316379, 0.9339219)
(6196, 0.9339219)
(296630, 0.9339219)
(377480, 0.9339219)
(171853, 0.9339219)
(307428, 0.9339219)
(338571, 0.9339219)
(391636, 0.9339219)
(192710, 0.9339219)
(17227, 0.9339219)
(358956, 0.9339219)
(115190, 0.9339219)
(288454, 0.9339219)
(83966, 0.9339219)
(180194, 0.9339219)
(325770, 0.9339219)
(21788, 0.9339219)
(163787, 0.9339219)
(101678, 0.9339219)
(281745, 0.9339219)
(73933, 0.9339219)
(236379, 0.9339219)
(88543, 0.9339219)
(108497, 0.9339219)
(55506, 0.9339219)
(43820, 0.9339219)
(2982, 0.93391502)
(354223, 0.93391502)
(230718, 0.93391502)
(237618, 0.93391502)
(125123, 0.93391502)
(170856, 0.93391502)
(110394, 0.93391502)
(62171, 0.93391502)
(55047, 0.93391502)
(98561, 0.93391502)
(243860, 0.93391494)
(154733, 0.93391494)
(356497, 0.93391494)
(416478, 0.93391494)
(203660, 0.93391494)
(190080, 0.93391494)
(146277, 0.93391494)
(158008, 0.93391494)
(417221, 0.93391494)
(192231, 0.93391494)
(193723, 0.93391494)
(114637, 0.93391494)
(390051, 0.93391494)
(204791, 0.93391494)
(264347, 0.93391494)
(208728, 0.93391494)
(177712, 0.93391494)
(61170, 0.93391494)
(304832, 0.93391494)
(118416, 0.93391494)
(51306, 0.93391494)
(146223, 0.93391494)
(228142, 0.93391494)
(240851, 0.93391494)
(405534, 0.93391494)
(232691, 0.93391494)
(394852, 0.93391494)
(271930, 0.93391494)
(118398, 0.93391494)
(116497, 0.93391494)
(85676, 0.93391494)
(153291, 0.93391494)
(26808, 0.93391494)
(396837, 0.93391494)
(13457, 0.93391486)
(22936, 0.93390806)
(167920, 0.93390806)
(250723, 0.93390798)
(402374, 0.93390798)
(338983, 0.93390798)
(102408, 0.93390798)
(290127, 0.93390798)
(208188, 0.93390798)
(47958, 0.93390798)
(143017, 0.93390798)
(112466, 0.93390789)
(197755, 0.93390789)
(151646, 0.93390789)
(353602, 0.93390789)
(413903, 0.93390102)
(390385, 0.93390102)
(251610, 0.93390102)
(337174, 0.93390093)
(266680, 0.93390093)
(160240, 0.93390093)
(61827, 0.93390093)
(108081, 0.93390093)
(57446, 0.93390093)
(119668, 0.93389397)
(406157, 0.93389389)
(268891, 0.93389389)
(300026, 0.93388684)
(306486, 0.9327664)
(5123, 0.9327664)
(188630, 0.9327664)
(300257, 0.9327664)
(250280, 0.9327664)
(120874, 0.9327664)
(215532, 0.9327664)
(255882, 0.9327664)
(106350, 0.9327664)
(64973, 0.9327664)
(381189, 0.9327664)
(405663, 0.93275944)
(262306, 0.93275944)
(21734, 0.93275944)
(159537, 0.93275944)
(336326, 0.93275944)
(66011, 0.93275944)
(349621, 0.93275944)
(38555, 0.93275944)
(258618, 0.93275944)
(413035, 0.93275944)
(135215, 0.93275944)
(394372, 0.93275944)
(75998, 0.93275944)
(272747, 0.93275944)
(377593, 0.93275944)
(81487, 0.93275944)
(268236, 0.93275944)
(299183, 0.93275944)
(353236, 0.93275944)
(226428, 0.93275944)
(5367, 0.93275944)
(15754, 0.93275944)
(340014, 0.93275944)
(315314, 0.93275944)
(309781, 0.93275944)
(192498, 0.93275944)
(192470, 0.93275944)
(79479, 0.93275944)
(361706, 0.93275944)
(49038, 0.93275944)
(331233, 0.93275944)
(135879, 0.93275944)
(406274, 0.93275944)
(406857, 0.93275944)
(117641, 0.93275944)
(259770, 0.93275944)
(247274, 0.93275944)
(24708, 0.93275944)
(192826, 0.93275944)
(120751, 0.93275944)
(19901, 0.93275944)
(78524, 0.93275944)
(203348, 0.93275944)
(280434, 0.93275944)
(171495, 0.93275944)
(16935, 0.93275944)
(315218, 0.93275944)
(327434, 0.93275944)
(67917, 0.93275247)
(256547, 0.93275247)
(42584, 0.93275247)
(76173, 0.93275247)
(157040, 0.93275247)
(89366, 0.93275247)
(221416, 0.93275247)
(375373, 0.93275247)
(112158, 0.93275247)
(83775, 0.93275247)
(50344, 0.93275247)
(376506, 0.93275247)
(400442, 0.93275247)
(5649, 0.93275247)
(220399, 0.93275247)
(374661, 0.93275247)
(225361, 0.93275247)
(150606, 0.93275247)
(280844, 0.93275247)
(54463, 0.93275247)
(225118, 0.93275247)
(40421, 0.93275247)
(21117, 0.93275247)
(248224, 0.93275247)
(18294, 0.93275247)
(52209, 0.93275247)
(294091, 0.93275247)
(296922, 0.93275247)
(98611, 0.93275247)
(105899, 0.93275247)
(282271, 0.93275247)
(51655, 0.93275247)
(381301, 0.93275247)
(163535, 0.93275247)
(331686, 0.93275247)
(309792, 0.93275247)
(272281, 0.93275247)
(97067, 0.93275247)
(234117, 0.93275247)
(220767, 0.93275247)
(344856, 0.93275247)
(254102, 0.93275247)
(145502, 0.93275247)
(662, 0.93275247)
(111921, 0.93275247)
(9856, 0.93275247)
(5525, 0.93275247)
(81643, 0.93275247)
(209346, 0.93275247)
(239364, 0.93275247)
(248786, 0.93275247)
(412357, 0.93275247)
(184960, 0.93275247)
(346956, 0.93275247)
(224202, 0.93275247)
(330140, 0.93275247)
(407032, 0.93275247)
(267209, 0.93275247)
(402828, 0.93275247)
(333905, 0.93275247)
(418426, 0.93275247)
(23055, 0.93275247)
(161298, 0.93275247)
(304410, 0.93275247)
(399130, 0.93275247)
(349310, 0.93275247)
(50547, 0.93275247)
(409261, 0.93275247)
(45508, 0.93275247)
(123302, 0.93275247)
(364167, 0.93275247)
(396977, 0.93275247)
(38800, 0.93275247)
(384579, 0.93275247)
(386968, 0.93275247)
(131688, 0.93275247)
(208863, 0.93275247)
(240092, 0.93275247)
(394348, 0.93275247)
(217300, 0.93275247)
(1668, 0.93275247)
(146699, 0.93275247)
(73916, 0.93275239)
(206960, 0.93275239)
(258953, 0.93275239)
(147826, 0.93275239)
(161013, 0.93275239)
(220176, 0.93275239)
(402035, 0.93274551)
(212292, 0.93274551)
(59780, 0.93274551)
(307388, 0.93274551)
(216871, 0.93274551)
(120502, 0.93274551)
(138300, 0.93274551)
(104754, 0.93274551)
(280570, 0.93274551)
(291968, 0.93274551)
(224518, 0.93274551)
(416442, 0.93274551)
(51463, 0.93274551)
(41119, 0.93274551)
(199163, 0.93274551)
(403598, 0.93274551)
(159830, 0.93274551)
(340478, 0.93274551)
(143999, 0.93274551)
(96007, 0.93274551)
(372756, 0.93274551)
(304053, 0.93274551)
(378762, 0.93274551)
(133884, 0.93274551)
(218976, 0.93274551)
(224576, 0.93274551)
(3974, 0.93274551)
(256691, 0.93274551)
(3105, 0.93274551)
(26764, 0.93274551)
(156974, 0.93274551)
(139845, 0.93274551)
(393044, 0.93274551)
(416145, 0.93274551)
(76497, 0.93274551)
(23258, 0.93274551)
(399971, 0.93274551)
(105802, 0.93274551)
(292264, 0.93274551)
(4383, 0.93274551)
(406080, 0.93274551)
(260434, 0.93274551)
(181363, 0.93274551)
(157295, 0.93274551)
(171670, 0.93274551)
(385997, 0.93274551)
(245169, 0.93274551)
(355415, 0.93274551)
(106296, 0.93274551)
(126175, 0.93274551)
(250835, 0.93274551)
(252186, 0.93274551)
(182561, 0.93274551)
(361321, 0.93274551)
(167673, 0.93274551)
(235669, 0.93274551)
(396137, 0.93274551)
(81702, 0.93274551)
(398032, 0.93274551)
(401635, 0.93274551)
(157058, 0.93274543)
(25313, 0.93274543)
(292375, 0.93274543)
(386469, 0.93274543)
(202324, 0.93274543)
(9017, 0.93274543)
(21658, 0.93274543)
(224848, 0.93274543)
(233215, 0.93274543)
(371107, 0.93274543)
(337463, 0.93274543)
(408426, 0.93274543)
(214558, 0.93274543)
(257533, 0.93274543)
(66240, 0.93274543)
(147319, 0.93274543)
(246261, 0.93274543)
(331512, 0.93274543)
(322880, 0.93274543)
(401096, 0.93274543)
(291220, 0.93274543)
(109570, 0.93274543)
(142802, 0.93274543)
(49284, 0.93274543)
(327881, 0.93274543)
(347741, 0.93274543)
(274946, 0.93273855)
(206948, 0.93273855)
(368653, 0.93273855)
(250323, 0.93273855)
(130659, 0.93273855)
(87121, 0.93273855)
(366874, 0.93273855)
(116889, 0.93273855)
(39517, 0.93273855)
(369542, 0.93273855)
(331293, 0.93273855)
(284244, 0.93273855)
(65672, 0.93273855)
(338969, 0.93273855)
(91777, 0.93273855)
(100375, 0.93273855)
(66797, 0.93273855)
(323112, 0.93273855)
(275493, 0.93273855)
(32900, 0.93273855)
(296691, 0.93273847)
(340418, 0.93273847)
(79953, 0.93273847)
(151745, 0.93273847)
(184697, 0.93273847)
(205713, 0.93273847)
(239430, 0.93273847)
(321682, 0.93273847)
(341425, 0.93273847)
(297707, 0.93273847)
(387244, 0.93273847)
(78647, 0.93273847)
(344949, 0.93273847)
(135001, 0.93273847)
(321984, 0.93273847)
(53322, 0.93273847)
(380970, 0.93273847)
(122323, 0.93273847)
(286395, 0.93273847)
(275100, 0.93273847)
(412326, 0.93273847)
(103347, 0.93273847)
(336687, 0.93273847)
(267264, 0.93273847)
(17381, 0.93273847)
(179997, 0.93273847)
(368398, 0.93273847)
(127721, 0.93273847)
(89928, 0.93273847)
(97696, 0.93273847)
(105072, 0.93273847)
(91155, 0.93273847)
(91116, 0.93273847)
(24749, 0.93273839)
(92057, 0.93273839)
(55008, 0.93273839)
(157856, 0.93273839)
(111486, 0.93273839)
(36949, 0.93273159)
(392335, 0.93273159)
(15592, 0.93273159)
(185309, 0.93273159)
(141754, 0.93273159)
(237373, 0.93273151)
(405883, 0.93273151)
(244681, 0.93273151)
(155228, 0.93273151)
(323862, 0.93273151)
(74037, 0.93273151)
(59451, 0.93273151)
(36760, 0.93273151)
(76441, 0.93273151)
(5998, 0.93273151)
(297353, 0.93273151)
(50374, 0.93273151)
(417764, 0.93273151)
(163490, 0.93273151)
(383046, 0.93273151)
(383342, 0.93273151)
(283001, 0.93273151)
(107845, 0.93273151)
(339374, 0.93273151)
(241076, 0.93273151)
(136774, 0.93273151)
(209618, 0.93273151)
(262024, 0.93273151)
(226211, 0.93273142)
(333946, 0.93273142)
(349901, 0.93273142)
(94561, 0.93273142)
(144267, 0.93273142)
(170854, 0.93273142)
(135040, 0.93273142)
(83180, 0.93273142)
(79213, 0.93273142)
(403801, 0.93273142)
(280490, 0.93273142)
(5830, 0.93273142)
(149501, 0.93272463)
(402710, 0.93272455)
(172274, 0.93272455)
(331649, 0.93272455)
(310466, 0.93272455)
(115047, 0.93272455)
(13289, 0.93272455)
(179022, 0.93272455)
(162747, 0.93272455)
(155403, 0.93272446)
(2145, 0.93272446)
(114595, 0.93272446)
(275731, 0.93272446)
(310604, 0.93272446)
(294460, 0.93272446)
(231946, 0.93272446)
(158931, 0.93272446)
(332881, 0.93272446)
(3677, 0.93272446)
(351606, 0.93272446)
(349746, 0.93272446)
(311151, 0.93272446)
(98728, 0.93272446)
(190046, 0.93272446)
(103235, 0.93272446)
(410627, 0.93272446)
(242571, 0.93272446)
(132334, 0.93272438)
(81541, 0.9327175)
(25110, 0.9327175)
(392081, 0.9327175)
(229477, 0.93271742)
(317658, 0.93271742)
(384878, 0.93271054)
(400955, 0.93271054)
(415365, 0.93271054)
(246064, 0.93271046)
(275819, 0.93271046)
(100716, 0.93271046)
(59011, 0.93271046)
(175346, 0.93270341)
(419740, 0.93270341)
(29187, 0.93269637)
(171762, 0.93158993)
(384554, 0.93158993)
(414214, 0.93158993)
(86347, 0.93158993)
(280167, 0.93158993)
(245608, 0.93158296)
(301301, 0.93158296)
(194979, 0.93158296)
(401383, 0.93158296)
(127984, 0.93158296)
(40182, 0.93158296)
(19239, 0.93158296)
(73854, 0.93158296)
(74854, 0.93158296)
(152992, 0.93158296)
(338138, 0.93158296)
(25847, 0.93158296)
(303580, 0.93158296)
(244688, 0.93158296)
(225878, 0.93158296)
(273751, 0.93158296)
(43848, 0.93158296)
(325025, 0.93158296)
(275107, 0.93158296)
(273947, 0.93158296)
(410295, 0.93158296)
(134109, 0.93158296)
(332620, 0.93158296)
(386932, 0.93158296)
(242376, 0.93158296)
(277207, 0.93158296)
(341372, 0.93158296)
(414443, 0.93158296)
(330214, 0.93158296)
(273727, 0.93158296)
(403433, 0.931576)
(240610, 0.931576)
(212624, 0.931576)
(185866, 0.931576)
(227208, 0.931576)
(390272, 0.931576)
(395312, 0.931576)
(225086, 0.931576)
(310897, 0.931576)
(32226, 0.931576)
(96330, 0.931576)
(391717, 0.931576)
(156112, 0.931576)
(182651, 0.931576)
(304511, 0.931576)
(32592, 0.931576)
(351923, 0.931576)
(372616, 0.931576)
(305947, 0.931576)
(114955, 0.931576)
(38608, 0.931576)
(395405, 0.931576)
(311455, 0.931576)
(178829, 0.931576)
(195369, 0.931576)
(275244, 0.931576)
(425, 0.931576)
(243, 0.931576)
(320234, 0.931576)
(357339, 0.931576)
(34665, 0.931576)
(54439, 0.931576)
(269518, 0.931576)
(87602, 0.931576)
(13714, 0.931576)
(10187, 0.931576)
(169729, 0.931576)
(65141, 0.931576)
(216908, 0.931576)
(114197, 0.931576)
(200351, 0.931576)
(338938, 0.931576)
(50764, 0.931576)
(83309, 0.931576)
(319864, 0.931576)
(248711, 0.931576)
(213279, 0.931576)
(169193, 0.931576)
(391217, 0.931576)
(91630, 0.931576)
(221911, 0.931576)
(285442, 0.931576)
(271148, 0.931576)
(85122, 0.931576)
(12975, 0.931576)
(345780, 0.931576)
(89921, 0.931576)
(239965, 0.931576)
(412943, 0.931576)
(221033, 0.931576)
(257569, 0.931576)
(283141, 0.931576)
(202139, 0.931576)
(195253, 0.931576)
(361949, 0.931576)
(251092, 0.931576)
(346853, 0.931576)
(301474, 0.931576)
(208060, 0.931576)
(89129, 0.931576)
(211788, 0.931576)
(12171, 0.931576)
(172258, 0.931576)
(167917, 0.93157592)
(270235, 0.93157592)
(403031, 0.93157592)
(319462, 0.93157592)
(83702, 0.93157592)
(12161, 0.93157592)
(412440, 0.93156904)
(396178, 0.93156904)
(52220, 0.93156904)
(134469, 0.93156904)
(132211, 0.93156904)
(265884, 0.93156904)
(400305, 0.93156904)
(186706, 0.93156904)
(87769, 0.93156904)
(42414, 0.93156904)
(382594, 0.93156904)
(112043, 0.93156904)
(168906, 0.93156904)
(8080, 0.93156904)
(406343, 0.93156904)
(416766, 0.93156904)
(184075, 0.93156904)
(214172, 0.93156904)
(67954, 0.93156904)
(326964, 0.93156904)
(383656, 0.93156904)
(395640, 0.93156904)
(417557, 0.93156904)
(86679, 0.93156904)
(285001, 0.93156904)
(79091, 0.93156904)
(94699, 0.93156904)
(36134, 0.93156904)
(230863, 0.93156904)
(327021, 0.93156904)
(212314, 0.93156904)
(246692, 0.93156904)
(59595, 0.93156904)
(265149, 0.93156904)
(190926, 0.93156904)
(165280, 0.93156904)
(103231, 0.93156904)
(366198, 0.93156904)
(150109, 0.93156904)
(243444, 0.93156904)
(341143, 0.93156904)
(306460, 0.93156904)
(86749, 0.93156904)
(408658, 0.93156904)
(227437, 0.93156904)
(4707, 0.93156904)
(44787, 0.93156904)
(162941, 0.93156904)
(44086, 0.93156904)
(260006, 0.93156904)
(123550, 0.93156904)
(122811, 0.93156904)
(235990, 0.93156904)
(69543, 0.93156904)
(106345, 0.93156904)
(407459, 0.93156904)
(391182, 0.93156904)
(350669, 0.93156904)
(259517, 0.93156904)
(396906, 0.93156904)
(384213, 0.93156896)
(372594, 0.93156896)
(313250, 0.93156896)
(375830, 0.93156896)
(310613, 0.93156896)
(349623, 0.93156896)
(74997, 0.93156896)
(333446, 0.93156896)
(348691, 0.93156896)
(295889, 0.93156896)
(137245, 0.93156896)
(335905, 0.93156896)
(79366, 0.93156896)
(128754, 0.93156896)
(282111, 0.93156896)
(356178, 0.93156896)
(232150, 0.93156896)
(119331, 0.93156896)
(312687, 0.93156896)
(271689, 0.93156896)
(51162, 0.93156896)
(211757, 0.93156896)
(105996, 0.93156896)
(144306, 0.93156896)
(281040, 0.93156896)
(378823, 0.93156896)
(212249, 0.93156896)
(356574, 0.93156208)
(102257, 0.93156208)
(364788, 0.93156208)
(340146, 0.93156208)
(221111, 0.93156208)
(13344, 0.93156208)
(392162, 0.93156208)
(179850, 0.93156208)
(200798, 0.93156208)
(30330, 0.93156208)
(319597, 0.93156208)
(313649, 0.93156208)
(333897, 0.93156208)
(151696, 0.93156208)
(248256, 0.93156208)
(10682, 0.93156208)
(310135, 0.93156208)
(291501, 0.93156208)
(184971, 0.93156208)
(58279, 0.93156208)
(239239, 0.93156208)
(318662, 0.93156208)
(347246, 0.93156208)
(285679, 0.93156208)
(286087, 0.93156208)
(6668, 0.93156208)
(325473, 0.93156208)
(417194, 0.93156208)
(229381, 0.93156208)
(328782, 0.93156208)
(341829, 0.93156208)
(197288, 0.93156208)
(166085, 0.93156208)
(248506, 0.931562)
(55776, 0.931562)
(243947, 0.931562)
(186820, 0.931562)
(27356, 0.931562)
(416948, 0.931562)
(153079, 0.931562)
(80051, 0.931562)
(172785, 0.931562)
(183761, 0.931562)
(406439, 0.931562)
(164680, 0.931562)
(10510, 0.931562)
(400736, 0.931562)
(12045, 0.931562)
(353184, 0.931562)
(189807, 0.931562)
(379865, 0.931562)
(67227, 0.931562)
(32333, 0.931562)
(271762, 0.931562)
(153652, 0.931562)
(4701, 0.931562)
(19754, 0.931562)
(75393, 0.931562)
(191284, 0.931562)
(304336, 0.931562)
(29048, 0.931562)
(145680, 0.931562)
(347227, 0.931562)
(117648, 0.931562)
(204665, 0.931562)
(405965, 0.931562)
(177856, 0.931562)
(348876, 0.931562)
(239071, 0.931562)
(141817, 0.931562)
(185805, 0.931562)
(227973, 0.93156191)
(77360, 0.93155512)
(202477, 0.93155512)
(56917, 0.93155512)
(412587, 0.93155512)
(313100, 0.93155512)
(7926, 0.93155512)
(14127, 0.93155512)
(194050, 0.93155512)
(272535, 0.93155512)
(55818, 0.93155504)
(284618, 0.93155504)
(138608, 0.93155504)
(91616, 0.93155504)
(14033, 0.93155504)
(41116, 0.93155504)
(381699, 0.93155504)
(239731, 0.93155504)
(280787, 0.93155504)
(171529, 0.93155504)
(320708, 0.93155504)
(70147, 0.93155504)
(294529, 0.93155504)
(370457, 0.93155504)
(378072, 0.93155504)
(308956, 0.93155504)
(247568, 0.93155504)
(379443, 0.93155504)
(180643, 0.93155504)
(148939, 0.93155504)
(345368, 0.93155504)
(158995, 0.93155504)
(252770, 0.93155504)
(45873, 0.93155504)
(29858, 0.93155504)
(168170, 0.93155504)
(303663, 0.93155504)
(49697, 0.93155504)
(53057, 0.93155495)
(403320, 0.93155495)
(92404, 0.93155495)
(73732, 0.93155495)
(315444, 0.93155495)
(265581, 0.93155495)
(206450, 0.93155495)
(101442, 0.93155495)
(340911, 0.93155495)
(367629, 0.93155495)
(272859, 0.93155495)
(152040, 0.93155495)
(55420, 0.93155495)
(99144, 0.93155495)
(113726, 0.93155495)
(271109, 0.93155495)
(133956, 0.93155495)
(225034, 0.93154816)
(248308, 0.93154807)
(98963, 0.93154807)
(94438, 0.93154807)
(202536, 0.93154807)
(247797, 0.93154807)
(298291, 0.93154807)
(275773, 0.93154807)
(357136, 0.93154807)
(171683, 0.93154807)
(158791, 0.93154799)
(223425, 0.93154799)
(348495, 0.93154799)
(116612, 0.93154799)
(420314, 0.93154799)
(171269, 0.93154799)
(320619, 0.93154799)
(218353, 0.93154799)
(66993, 0.93154799)
(341257, 0.93154799)
(350006, 0.93154799)
(414937, 0.93154791)
(287465, 0.93154791)
(303583, 0.93154111)
(87578, 0.93154111)
(98492, 0.93154111)
(85478, 0.93154111)
(44838, 0.93154103)
(396449, 0.93154103)
(285720, 0.93154103)
(67895, 0.93154103)
(111447, 0.93154103)
(371794, 0.93154103)
(258649, 0.93154103)
(59698, 0.93154103)
(75037, 0.93154103)
(301821, 0.93154103)
(246076, 0.93154103)
(68908, 0.93154103)
(414399, 0.93154103)
(337663, 0.93154103)
(50612, 0.93154103)
(243214, 0.93154095)
(165171, 0.93154095)
(101034, 0.93154095)
(312241, 0.93154095)
(96304, 0.93154095)
(89, 0.93153415)
(189300, 0.93153415)
(186142, 0.93153407)
(117159, 0.93153407)
(248682, 0.93153407)
(65799, 0.93153407)
(216072, 0.93153399)
(249108, 0.93153399)
(88551, 0.9315339)
(361584, 0.93152711)
(185217, 0.93152703)
(274436, 0.93152703)
(173574, 0.93152694)
(52065, 0.93152694)
(120841, 0.93152006)
(355047, 0.93151998)
(116096, 0.93041346)
(222267, 0.93041346)
(218570, 0.93041346)
(90712, 0.93041346)
(209527, 0.93041346)
(218890, 0.93040649)
(116476, 0.93040649)
(408610, 0.93040649)
(198343, 0.93040649)
(78351, 0.93040649)
(371490, 0.93040649)
(384806, 0.93040649)
(296618, 0.93040649)
(82247, 0.93040649)
(373341, 0.93040649)
(340537, 0.93040649)
(66703, 0.93040649)
(246014, 0.93040649)
(256942, 0.93040649)
(51455, 0.93040649)
(396820, 0.93040649)
(246597, 0.93040649)
(196100, 0.93040649)
(302725, 0.93039953)
(156062, 0.93039953)
(152169, 0.93039953)
(124920, 0.93039953)
(11972, 0.93039953)
(365671, 0.93039953)
(390763, 0.93039953)
(87693, 0.93039953)
(417861, 0.93039953)
(284866, 0.93039953)
(24180, 0.93039953)
(364261, 0.93039953)
(126739, 0.93039953)
(357871, 0.93039953)
(293650, 0.93039953)
(147433, 0.93039953)
(252096, 0.93039953)
(311304, 0.93039953)
(320128, 0.93039953)
(286857, 0.93039953)
(19301, 0.93039953)
(314786, 0.93039953)
(328138, 0.93039953)
(180924, 0.93039953)
(4334, 0.93039953)
(227679, 0.93039953)
(399553, 0.93039953)
(352002, 0.93039953)
(158305, 0.93039953)
(172147, 0.93039953)
(79988, 0.93039953)
(412624, 0.93039953)
(258438, 0.93039953)
(283800, 0.93039953)
(87350, 0.93039953)
(69798, 0.93039953)
(151615, 0.93039953)
(166520, 0.93039953)
(172965, 0.93039953)
(356703, 0.93039953)
(100817, 0.93039953)
(113285, 0.93039953)
(170443, 0.93039953)
(376770, 0.93039953)
(220177, 0.93039953)
(216401, 0.93039953)
(71905, 0.93039953)
(89784, 0.93039953)
(75869, 0.93039953)
(411218, 0.93039945)
(149009, 0.93039945)
(254062, 0.93039945)
(3807, 0.93039945)
(186406, 0.93039945)
(409681, 0.93039945)
(191381, 0.93039257)
(88003, 0.93039257)
(114223, 0.93039257)
(122602, 0.93039257)
(394577, 0.93039257)
(19854, 0.93039257)
(68720, 0.93039257)
(184197, 0.93039257)
(32701, 0.93039257)
(11468, 0.93039257)
(139646, 0.93039257)
(360678, 0.93039257)
(381228, 0.93039257)
(235658, 0.93039257)
(354420, 0.93039257)
(349202, 0.93039257)
(156027, 0.93039257)
(358230, 0.93039257)
(269739, 0.93039257)
(23654, 0.93039257)
(324296, 0.93039257)
(378161, 0.93039257)
(186632, 0.93039257)
(378276, 0.93039257)
(337765, 0.93039257)
(299528, 0.93039257)
(234574, 0.93039257)
(184027, 0.93039257)
(302190, 0.93039257)
(158582, 0.93039257)
(132503, 0.93039257)
(268953, 0.93039257)
(288354, 0.93039257)
(256001, 0.93039257)
(181626, 0.93039257)
(328774, 0.93039257)
(31213, 0.93039257)
(359997, 0.93039257)
(338936, 0.93039257)
(284845, 0.93039257)
(79320, 0.93039257)
(54169, 0.93039257)
(63019, 0.93039257)
(351775, 0.93039257)
(318253, 0.93039257)
(7790, 0.93039257)
(239525, 0.93039249)
(17467, 0.93039249)
(316533, 0.93039249)
(94556, 0.93039249)
(150129, 0.93039249)
(358193, 0.93039249)
(401527, 0.93039249)
(395700, 0.93039249)
(344263, 0.93039249)
(158690, 0.93039249)
(191646, 0.93039249)
(201576, 0.93039249)
(14647, 0.93039249)
(314468, 0.93039249)
(121013, 0.93039249)
(168160, 0.93039249)
(102306, 0.93039249)
(344396, 0.93039249)
(193743, 0.93039249)
(294169, 0.93039249)
(364014, 0.93039249)
(17038, 0.93039249)
(230881, 0.93039249)
(172616, 0.93038561)
(104684, 0.93038561)
(138996, 0.93038561)
(112299, 0.93038561)
(408167, 0.93038561)
(218230, 0.93038561)
(360435, 0.93038561)
(184224, 0.93038561)
(395494, 0.93038561)
(94020, 0.93038561)
(4039, 0.93038561)
(73478, 0.93038561)
(177527, 0.93038561)
(163098, 0.93038561)
(160983, 0.93038561)
(418898, 0.93038561)
(110513, 0.93038561)
(305996, 0.93038561)
(204009, 0.93038561)
(330136, 0.93038561)
(210004, 0.93038561)
(23786, 0.93038553)
(360587, 0.93038553)
(312311, 0.93038553)
(223228, 0.93038553)
(296778, 0.93038553)
(256358, 0.93038553)
(32530, 0.93038553)
(47549, 0.93038553)
(279615, 0.93038553)
(221200, 0.93038553)
(48189, 0.93038553)
(358589, 0.93038553)
(100929, 0.93038553)
(53340, 0.93038553)
(325972, 0.93038553)
(225304, 0.93038553)
(250731, 0.93038553)
(92781, 0.93038553)
(110152, 0.93038553)
(37575, 0.93038553)
(279816, 0.93038553)
(155796, 0.93038553)
(281170, 0.93038553)
(138523, 0.93038553)
(228925, 0.93038553)
(101444, 0.93038553)
(393901, 0.93038553)
(331630, 0.93038553)
(139534, 0.93038553)
(326005, 0.93038553)
(387042, 0.93038553)
(288338, 0.93038553)
(8515, 0.93038553)
(182452, 0.93038553)
(166665, 0.93038553)
(175808, 0.93038553)
(226200, 0.93038553)
(133500, 0.93038553)
(220772, 0.93038544)
(56726, 0.93038544)
(393018, 0.93038544)
(20069, 0.93037865)
(306425, 0.93037865)
(362920, 0.93037865)
(77806, 0.93037865)
(102803, 0.93037865)
(245454, 0.93037865)
(361758, 0.93037865)
(28474, 0.93037865)
(295919, 0.93037865)
(232299, 0.93037865)
(190730, 0.93037865)
(394120, 0.93037865)
(267095, 0.93037865)
(419929, 0.93037865)
(256827, 0.93037865)
(310981, 0.93037865)
(388414, 0.93037865)
(240297, 0.93037865)
(386612, 0.93037857)
(87106, 0.93037857)
(277186, 0.93037857)
(160676, 0.93037857)
(135923, 0.93037857)
(43044, 0.93037857)
(56531, 0.93037857)
(308636, 0.93037857)
(118697, 0.93037857)
(240874, 0.93037857)
(210711, 0.93037857)
(371901, 0.93037857)
(100960, 0.93037857)
(164436, 0.93037857)
(252085, 0.93037857)
(412781, 0.93037857)
(288202, 0.93037857)
(296339, 0.93037857)
(54212, 0.93037857)
(392315, 0.93037857)
(71161, 0.93037857)
(252928, 0.93037857)
(216093, 0.93037857)
(354164, 0.93037857)
(319679, 0.93037857)
(308883, 0.93037857)
(176657, 0.93037857)
(105540, 0.93037857)
(155466, 0.93037857)
(56667, 0.93037857)
(9021, 0.93037857)
(346674, 0.93037857)
(320587, 0.93037857)
(335108, 0.93037857)
(154381, 0.93037857)
(95937, 0.93037857)
(133523, 0.93037857)
(164672, 0.93037857)
(262988, 0.93037857)
(284691, 0.93037857)
(227582, 0.93037848)
(383338, 0.93037848)
(350193, 0.93037848)
(304352, 0.93037848)
(302387, 0.93037848)
(220791, 0.93037848)
(368257, 0.93037848)
(138929, 0.93037848)
(284006, 0.93037848)
(203839, 0.93037848)
(30848, 0.93037848)
(78547, 0.93037848)
(25159, 0.93037848)
(13560, 0.93037848)
(98464, 0.93037848)
(68349, 0.93037848)
(385461, 0.93037848)
(300011, 0.93037848)
(50645, 0.93037848)
(161495, 0.93037848)
(34220, 0.93037848)
(373522, 0.93037848)
(170686, 0.93037169)
(377897, 0.9303716)
(150734, 0.9303716)
(273422, 0.9303716)
(159181, 0.9303716)
(344185, 0.9303716)
(360527, 0.9303716)
(416267, 0.9303716)
(235765, 0.9303716)
(311275, 0.9303716)
(248856, 0.9303716)
(63403, 0.9303716)
(110436, 0.9303716)
(45552, 0.9303716)
(335297, 0.9303716)
(130793, 0.9303716)
(217312, 0.9303716)
(372722, 0.9303716)
(257128, 0.9303716)
(335593, 0.9303716)
(5598, 0.93037152)
(130816, 0.93037152)
(26951, 0.93037152)
(203150, 0.93037152)
(158765, 0.93037152)
(221154, 0.93037152)
(86396, 0.93037152)
(158455, 0.93037152)
(251785, 0.93037152)
(298610, 0.93037152)
(150020, 0.93037152)
(331688, 0.93037152)
(254494, 0.93037152)
(115427, 0.93037152)
(88171, 0.93037152)
(173060, 0.93037152)
(64987, 0.93037152)
(122702, 0.93037152)
(208298, 0.93037152)
(57266, 0.93037152)
(316315, 0.93037152)
(143053, 0.93037152)
(388125, 0.93037152)
(259784, 0.93037152)
(275923, 0.93037144)
(49849, 0.93037144)
(323574, 0.93036464)
(418421, 0.93036464)
(406257, 0.93036464)
(197051, 0.93036464)
(371932, 0.93036464)
(54761, 0.93036464)
(220067, 0.93036456)
(115042, 0.93036456)
(328410, 0.93036456)
(64712, 0.93036456)
(221379, 0.93036456)
(21996, 0.93036456)
(356759, 0.93036456)
(321437, 0.93036456)
(294023, 0.93036456)
(103047, 0.93036456)
(260517, 0.93036448)
(247563, 0.93036448)
(308240, 0.9303576)
(252792, 0.9303576)
(331503, 0.9303576)
(319512, 0.9303576)
(125132, 0.9303576)
(337603, 0.9303576)
(69597, 0.93035752)
(278306, 0.93035752)
(52583, 0.93035752)
(8261, 0.93035752)
(251008, 0.93035743)
(209717, 0.93035064)
(259058, 0.93035064)
(375782, 0.93035064)
(274443, 0.93035064)
(380803, 0.93035064)
(242212, 0.93035055)
(44594, 0.93035055)
(124702, 0.93035055)
(398644, 0.93035055)
(73023, 0.93035055)
(305776, 0.93035055)
(193217, 0.93035055)
(92526, 0.93035055)
(6809, 0.93035055)
(153260, 0.93035047)
(391394, 0.93034359)
(308349, 0.93034359)
(131094, 0.93034351)
(94912, 0.93033663)
(13010, 0.93032967)
(150633, 0.93032959)
(92610, 0.9303295)
(346341, 0.9303295)
(341295, 0.92923698)
(210795, 0.92923698)
(8076, 0.92923698)
(156730, 0.92923698)
(146356, 0.92923698)
(328107, 0.92923011)
(91900, 0.92923002)
(154171, 0.92923002)
(9145, 0.92923002)
(238561, 0.92923002)
(375735, 0.92923002)
(201489, 0.92923002)
(107316, 0.92923002)
(274633, 0.92923002)
(257293, 0.92923002)
(359587, 0.92923002)
(249470, 0.92923002)
(86192, 0.92923002)
(392613, 0.92922314)
(32022, 0.92922306)
(123327, 0.92922306)
(200790, 0.92922306)
(77353, 0.92922306)
(35604, 0.92922306)
(279765, 0.92922306)
(63008, 0.92922306)
(337060, 0.92922306)
(174906, 0.92922306)
(121429, 0.92922306)
(317376, 0.92922306)
(344058, 0.92922306)
(50587, 0.92922306)
(147185, 0.92922306)
(360413, 0.92922306)
(141263, 0.92922306)
(165198, 0.92922306)
(215612, 0.92922306)
(270107, 0.92922306)
(35103, 0.92922306)
(352026, 0.92922306)
(102217, 0.92922306)
(369084, 0.92922306)
(56800, 0.92922306)
(379533, 0.92922306)
(368351, 0.92922306)
(360606, 0.92922306)
(6901, 0.92922306)
(160269, 0.92922306)
(419448, 0.92922306)
(318819, 0.92922306)
(273017, 0.92922306)
(156792, 0.92922306)
(417529, 0.92922306)
(297730, 0.92921618)
(364568, 0.9292161)
(76803, 0.9292161)
(71883, 0.9292161)
(217065, 0.9292161)
(91635, 0.9292161)
(80528, 0.9292161)
(40664, 0.9292161)
(121636, 0.9292161)
(206032, 0.9292161)
(373214, 0.9292161)
(140409, 0.9292161)
(373010, 0.9292161)
(355195, 0.9292161)
(60356, 0.9292161)
(24842, 0.9292161)
(118843, 0.9292161)
(191783, 0.9292161)
(109474, 0.9292161)
(264353, 0.9292161)
(530, 0.9292161)
(69137, 0.9292161)
(30271, 0.9292161)
(702, 0.9292161)
(108545, 0.9292161)
(255392, 0.9292161)
(61333, 0.9292161)
(105243, 0.9292161)
(52537, 0.9292161)
(276055, 0.9292161)
(246720, 0.9292161)
(105450, 0.9292161)
(18036, 0.9292161)
(114208, 0.9292161)
(100877, 0.9292161)
(123314, 0.9292161)
(260715, 0.92921602)
(270666, 0.92921602)
(163359, 0.92921602)
(167435, 0.92921602)
(81472, 0.92921602)
(170196, 0.92921602)
(362192, 0.92921602)
(376430, 0.92921602)
(395851, 0.92921602)
(389574, 0.92921602)
(383866, 0.92921602)
(100450, 0.92921602)
(86703, 0.92921602)
(17126, 0.92921602)
(114348, 0.92921602)
(223554, 0.92921602)
(5475, 0.92920914)
(142446, 0.92920914)
(250314, 0.92920914)
(111105, 0.92920914)
(229361, 0.92920914)
(201132, 0.92920914)
(334664, 0.92920914)
(249541, 0.92920914)
(72127, 0.92920914)
(7769, 0.92920914)
(110260, 0.92920914)
(56943, 0.92920914)
(158844, 0.92920914)
(204453, 0.92920914)
(227439, 0.92920914)
(302892, 0.92920914)
(156166, 0.92920914)
(181948, 0.92920914)
(347256, 0.92920914)
(335112, 0.92920914)
(326390, 0.92920914)
(297845, 0.92920914)
(167814, 0.92920914)
(180365, 0.92920906)
(180199, 0.92920906)
(323501, 0.92920906)
(115722, 0.92920906)
(222306, 0.92920906)
(396103, 0.92920906)
(43268, 0.92920906)
(132924, 0.92920906)
(168802, 0.92920906)
(92630, 0.92920906)
(226996, 0.92920906)
(188158, 0.92920906)
(190594, 0.92920906)
(95503, 0.92920906)
(135096, 0.92920906)
(297328, 0.92920906)
(48973, 0.92920906)
(162259, 0.92920906)
(350836, 0.92920906)
(200295, 0.92920906)
(9276, 0.92920906)
(413889, 0.92920906)
(335587, 0.92920906)
(115969, 0.92920906)
(112352, 0.92920906)
(111962, 0.92920906)
(295139, 0.92920906)
(303729, 0.92920906)
(362669, 0.92920906)
(2574, 0.92920906)
(96888, 0.92920906)
(36435, 0.92920897)
(118830, 0.92920897)
(350635, 0.92920218)
(327200, 0.92920218)
(252876, 0.92920218)
(7071, 0.92920218)
(99668, 0.92920218)
(84213, 0.92920218)
(398588, 0.92920218)
(313161, 0.92920218)
(398211, 0.92920218)
(22398, 0.92920218)
(31041, 0.92920218)
(19041, 0.92920218)
(114325, 0.9292021)
(112944, 0.9292021)
(208310, 0.9292021)
(407203, 0.9292021)
(156417, 0.9292021)
(167765, 0.9292021)
(191075, 0.9292021)
(396403, 0.9292021)
(2146, 0.9292021)
(89391, 0.9292021)
(305482, 0.9292021)
(165125, 0.9292021)
(322978, 0.9292021)
(26531, 0.9292021)
(126184, 0.9292021)
(18222, 0.9292021)
(367541, 0.9292021)
(227607, 0.9292021)
(96585, 0.9292021)
(223139, 0.9292021)
(314465, 0.9292021)
(361610, 0.9292021)
(347146, 0.9292021)
(110940, 0.9292021)
(120123, 0.9292021)
(246351, 0.9292021)
(57353, 0.9292021)
(115316, 0.9292021)
(214161, 0.9292021)
(416192, 0.9292021)
(369982, 0.9292021)
(412322, 0.9292021)
(105502, 0.9292021)
(305256, 0.9292021)
(51189, 0.92920201)
(310859, 0.92920201)
(407728, 0.92920201)
(3959, 0.92920201)
(58034, 0.92920201)
(155274, 0.92920201)
(22319, 0.92920201)
(150222, 0.92920201)
(333315, 0.92920201)
(21002, 0.92920201)
(165387, 0.92920201)
(389941, 0.92920201)
(3612, 0.92920201)
(189950, 0.92920201)
(55799, 0.92920201)
(381244, 0.92920201)
(23211, 0.92920201)
(5344, 0.92919522)
(59989, 0.92919522)
(317041, 0.92919522)
(263754, 0.92919522)
(34515, 0.92919522)
(169481, 0.92919522)
(128762, 0.92919522)
(373195, 0.92919522)
(177203, 0.92919522)
(214763, 0.92919522)
(97841, 0.92919513)
(81739, 0.92919513)
(370751, 0.92919513)
(31010, 0.92919513)
(259217, 0.92919513)
(205711, 0.92919513)
(260994, 0.92919513)
(323957, 0.92919513)
(37630, 0.92919513)
(94414, 0.92919513)
(270622, 0.92919513)
(46595, 0.92919513)
(262511, 0.92919513)
(205243, 0.92919513)
(59978, 0.92919513)
(33071, 0.92919513)
(136318, 0.92919513)
(260208, 0.92919513)
(379429, 0.92919513)
(184111, 0.92919513)
(115714, 0.92919513)
(372466, 0.92919513)
(387519, 0.92919513)
(166796, 0.92919513)
(358066, 0.92919513)
(212117, 0.92919513)
(261293, 0.92919513)
(231585, 0.92919513)
(37273, 0.92919505)
(356468, 0.92919505)
(250768, 0.92919505)
(348322, 0.92919505)
(274421, 0.92919505)
(269141, 0.92919505)
(182306, 0.92919505)
(268941, 0.92919505)
(237072, 0.92919505)
(361239, 0.92919505)
(400855, 0.92919505)
(284591, 0.92919505)
(21915, 0.92919505)
(296380, 0.92919505)
(102391, 0.92919505)
(236021, 0.92919505)
(368550, 0.92919505)
(402630, 0.92919505)
(160713, 0.92919505)
(216033, 0.92919505)
(399654, 0.92919497)
(334084, 0.92918826)
(265300, 0.92918817)
(258348, 0.92918817)
(70362, 0.92918817)
(280125, 0.92918817)
(89478, 0.92918817)
(245190, 0.92918817)
(357011, 0.92918817)
(309037, 0.92918817)
(274001, 0.92918817)
(117252, 0.92918817)
(105204, 0.92918817)
(144313, 0.92918809)
(219309, 0.92918809)
(391409, 0.92918809)
(323673, 0.92918809)
(18030, 0.92918809)
(39946, 0.92918809)
(27480, 0.92918809)
(65334, 0.92918809)
(233962, 0.92918809)
(266191, 0.92918809)
(74990, 0.92918809)
(230022, 0.92918809)
(346848, 0.92918809)
(296320, 0.92918809)
(363740, 0.92918809)
(346611, 0.92918809)
(94799, 0.92918809)
(346105, 0.92918809)
(205393, 0.92918809)
(414397, 0.92918809)
(189828, 0.92918809)
(119563, 0.92918809)
(20356, 0.92918809)
(398454, 0.92918809)
(97212, 0.92918809)
(166772, 0.92918809)
(156298, 0.92918801)
(334387, 0.92918801)
(97639, 0.92918801)
(400484, 0.92918801)
(366940, 0.92918801)
(333199, 0.92918801)
(332344, 0.92918801)
(244808, 0.92918801)
(117873, 0.92918801)
(75539, 0.92918801)
(292551, 0.92918801)
(289495, 0.92918801)
(175088, 0.92918121)
(179207, 0.92918113)
(71582, 0.92918113)
(84274, 0.92918113)
(363857, 0.92918113)
(295893, 0.92918113)
(138386, 0.92918113)
(264020, 0.92918113)
(156693, 0.92918113)
(7759, 0.92918113)
(412232, 0.92918113)
(301307, 0.92918113)
(374889, 0.92918113)
(253041, 0.92918113)
(319534, 0.92918113)
(340104, 0.92918113)
(30057, 0.92918113)
(55115, 0.92918113)
(21766, 0.92918105)
(227184, 0.92918105)
(302054, 0.92918105)
(154543, 0.92918105)
(147541, 0.92918105)
(170025, 0.92918105)
(8708, 0.92918105)
(37740, 0.92918105)
(297592, 0.92918105)
(142379, 0.92918105)
(152580, 0.92918105)
(179234, 0.92918105)
(303784, 0.92918105)
(239538, 0.92918105)
(371197, 0.92918105)
(204300, 0.92918105)
(127870, 0.92917425)
(247593, 0.92917425)
(333736, 0.92917417)
(309683, 0.92917417)
(299218, 0.92917417)
(8937, 0.92917417)
(49264, 0.92917417)
(262045, 0.92917417)
(372849, 0.92917408)
(267161, 0.92917408)
(415411, 0.92917408)
(44675, 0.92917408)
(338371, 0.92917408)
(96229, 0.92917408)
(53830, 0.929174)
(162152, 0.929174)
(33638, 0.929174)
(160134, 0.929174)
(386973, 0.929174)
(347753, 0.929174)
(414732, 0.92916721)
(147697, 0.92916712)
(173943, 0.92916712)
(260770, 0.92916712)
(418974, 0.92916704)
(251989, 0.92916704)
(69566, 0.92916704)
(305979, 0.92916696)
(419182, 0.92916016)
(108987, 0.92916008)
(187926, 0.92916008)
(34460, 0.92916008)
(115331, 0.92916008)
(35423, 0.92916)
(339035, 0.9291532)
(62350, 0.92915312)
(212601, 0.92914607)
(152334, 0.92806051)
(53136, 0.92805355)
(216611, 0.92805355)
(173956, 0.92805347)
(98263, 0.92804659)
(375005, 0.92804659)
(200925, 0.92804659)
(251747, 0.92804659)
(390626, 0.92804659)
(85345, 0.92804659)
(250620, 0.92804659)
(287464, 0.92804659)
(91270, 0.92804659)
(89130, 0.92804659)
(92834, 0.92804659)
(104468, 0.92804659)
(389414, 0.92804659)
(386489, 0.92804659)
(341589, 0.92804659)
(391262, 0.92804659)
(74659, 0.92804659)
(204947, 0.92804651)
(132581, 0.92804651)
(69350, 0.92803963)
(324439, 0.92803963)
(82026, 0.92803963)
(327100, 0.92803963)
(136653, 0.92803963)
(250597, 0.92803963)
(246114, 0.92803963)
(305042, 0.92803963)
(43671, 0.92803963)
(397806, 0.92803963)
(273998, 0.92803963)
(78749, 0.92803963)
(204982, 0.92803963)
(73678, 0.92803963)
(257896, 0.92803963)
(338560, 0.92803963)
(233267, 0.92803963)
(250060, 0.92803963)
(30795, 0.92803963)
(165079, 0.92803955)
(262275, 0.92803955)
(344063, 0.92803955)
(183477, 0.92803955)
(244686, 0.92803955)
(93743, 0.92803955)
(213128, 0.92803955)
(250707, 0.92803955)
(343444, 0.92803955)
(144543, 0.92803955)
(318327, 0.92803275)
(130438, 0.92803267)
(331234, 0.92803267)
(177453, 0.92803267)
(273417, 0.92803267)
(161922, 0.92803267)
(111836, 0.92803267)
(143851, 0.92803267)
(300716, 0.92803267)
(289374, 0.92803267)
(20738, 0.92803267)
(85045, 0.92803267)
(210589, 0.92803267)
(169116, 0.92803267)
(221727, 0.92803267)
(269146, 0.92803267)
(265203, 0.92803267)
(374795, 0.92803267)
(414544, 0.92803267)
(313601, 0.92803267)
(245247, 0.92803267)
(400231, 0.92803267)
(306015, 0.92803267)
(60160, 0.92803267)
(257859, 0.92803267)
(239281, 0.92803267)
(172583, 0.92803267)
(230169, 0.92803267)
(251959, 0.92803259)
(76555, 0.92803259)
(120870, 0.92803259)
(290361, 0.92803259)
(107770, 0.92803259)
(199832, 0.92803259)
(9268, 0.92803259)
(210630, 0.92803259)
(344020, 0.92803259)
(224607, 0.92803259)
(391148, 0.92803259)
(113991, 0.92803259)
(419425, 0.92803259)
(204975, 0.92803259)
(89519, 0.92803259)
(57528, 0.92803259)
(235665, 0.92803259)
(356344, 0.92803259)
(46426, 0.92803259)
(263191, 0.92803259)
(222667, 0.92803259)
(253414, 0.92803259)
(35889, 0.92803259)
(130036, 0.92803259)
(344015, 0.9280325)
(220318, 0.9280325)
(409139, 0.9280325)
(409823, 0.92802571)
(249379, 0.92802571)
(380720, 0.92802571)
(13260, 0.92802571)
(345511, 0.92802571)
(261416, 0.92802571)
(384063, 0.92802571)
(8482, 0.92802571)
(62873, 0.92802571)
(89345, 0.92802562)
(264292, 0.92802562)
(369582, 0.92802562)
(188420, 0.92802562)
(294770, 0.92802562)
(161699, 0.92802562)
(330672, 0.92802562)
(56359, 0.92802562)
(304055, 0.92802562)
(156728, 0.92802562)
(288235, 0.92802562)
(346866, 0.92802562)
(18648, 0.92802562)
(121934, 0.92802562)
(301775, 0.92802562)
(352717, 0.92802562)
(310447, 0.92802562)
(210935, 0.92802562)
(287020, 0.92802562)
(403354, 0.92802562)
(10151, 0.92802562)
(351365, 0.92802562)
(157590, 0.92802562)
(79283, 0.92802562)
(118622, 0.92802554)
(70475, 0.92802554)
(364764, 0.92802554)
(251169, 0.92802554)
(140269, 0.92802554)
(378706, 0.92802554)
(187762, 0.92802554)
(332113, 0.92802554)
(117154, 0.92801875)
(374869, 0.92801875)
(18161, 0.92801875)
(285759, 0.92801875)
(411474, 0.92801875)
(355911, 0.92801875)
(177189, 0.92801875)
(189920, 0.92801875)
(347803, 0.92801875)
(305839, 0.92801875)
(221357, 0.92801866)
(326240, 0.92801866)
(234445, 0.92801866)
(229615, 0.92801866)
(183792, 0.92801866)
(145791, 0.92801866)
(272479, 0.92801866)
(257830, 0.92801866)
(56211, 0.92801866)
(129050, 0.92801866)
(234392, 0.92801866)
(271093, 0.92801866)
(274910, 0.92801866)
(63898, 0.92801866)
(91677, 0.92801866)
(146690, 0.92801866)
(369735, 0.92801866)
(233774, 0.92801866)
(378881, 0.92801866)
(144999, 0.92801866)
(152567, 0.92801866)
(100104, 0.92801866)
(96216, 0.92801866)
(142901, 0.92801866)
(19857, 0.92801866)
(392290, 0.92801866)
(234178, 0.92801866)
(352916, 0.92801866)
(238886, 0.92801866)
(77974, 0.92801858)
(75741, 0.92801858)
(306279, 0.92801858)
(356533, 0.92801858)
(230689, 0.92801858)
(201418, 0.92801858)
(69635, 0.92801858)
(114897, 0.92801858)
(7505, 0.92801858)
(239067, 0.92801858)
(163267, 0.92801858)
(65819, 0.92801858)
(102475, 0.92801858)
(342074, 0.92801858)
(219935, 0.92801858)
(116599, 0.92801858)
(159299, 0.92801858)
(5260, 0.92801858)
(390427, 0.92801858)
(88836, 0.9280185)
(148578, 0.92801178)
(305026, 0.9280117)
(54740, 0.9280117)
(219994, 0.9280117)
(90468, 0.9280117)
(238798, 0.9280117)
(18051, 0.9280117)
(413564, 0.9280117)
(55924, 0.9280117)
(17269, 0.9280117)
(51834, 0.9280117)
(249313, 0.9280117)
(114401, 0.9280117)
(80643, 0.9280117)
(157365, 0.9280117)
(67083, 0.9280117)
(22823, 0.9280117)
(151020, 0.92801162)
(250056, 0.92801162)
(339784, 0.92801162)
(357633, 0.92801162)
(408329, 0.92801162)
(336915, 0.92801162)
(267268, 0.92801162)
(360356, 0.92801162)
(231618, 0.92801162)
(166098, 0.92801162)
(71777, 0.92801162)
(216887, 0.92801162)
(361146, 0.92801162)
(330944, 0.92801162)
(28539, 0.92801162)
(322464, 0.92801162)
(60713, 0.92801162)
(311449, 0.92801162)
(273822, 0.92801162)
(106664, 0.92801162)
(340838, 0.92801162)
(114634, 0.92801162)
(328128, 0.92801162)
(138317, 0.92801162)
(418408, 0.92801154)
(214864, 0.92801154)
(361817, 0.92801154)
(302829, 0.92801154)
(30464, 0.92801154)
(107561, 0.92801154)
(273429, 0.92801154)
(194733, 0.92800474)
(296028, 0.92800474)
(414060, 0.92800474)
(322198, 0.92800474)
(255932, 0.92800466)
(387548, 0.92800466)
(358614, 0.92800466)
(264030, 0.92800466)
(192322, 0.92800466)
(57171, 0.92800466)
(105066, 0.92800457)
(293649, 0.92800457)
(253365, 0.92800457)
(316129, 0.92800457)
(84367, 0.92800457)
(92201, 0.92800457)
(257679, 0.92800457)
(273454, 0.92800457)
(151513, 0.92800457)
(254123, 0.92800457)
(214439, 0.92800449)
(286021, 0.92799778)
(256399, 0.9279977)
(253628, 0.9279977)
(79714, 0.9279977)
(357572, 0.9279977)
(257378, 0.9279977)
(385600, 0.9279977)
(40339, 0.9279977)
(413671, 0.9279977)
(147744, 0.9279977)
(32441, 0.92799761)
(128928, 0.92799761)
(79746, 0.92799761)
(173740, 0.92799761)
(285771, 0.92799761)
(345071, 0.92799761)
(305945, 0.92799761)
(127328, 0.92799761)
(276745, 0.92799761)
(370899, 0.92799753)
(330855, 0.92799753)
(363814, 0.92799753)
(106654, 0.92799753)
(312234, 0.92799065)
(169461, 0.92799065)
(209546, 0.92799065)
(31995, 0.92799065)
(406696, 0.92799065)
(263397, 0.92799065)
(416825, 0.92799065)
(24375, 0.92799065)
(292653, 0.92799065)
(346973, 0.92799065)
(287972, 0.92799057)
(292966, 0.92799057)
(55750, 0.92799057)
(367289, 0.92799057)
(366119, 0.92799057)
(384015, 0.92798377)
(290593, 0.92798369)
(98787, 0.92798369)
(118369, 0.92798361)
(121376, 0.92798361)
(193370, 0.92798361)
(217407, 0.92798361)
(52558, 0.92798361)
(92101, 0.92798352)
(355616, 0.92797656)
(336199, 0.92797656)
(188898, 0.92797656)
(82727, 0.92797656)
(128281, 0.92797656)
(410433, 0.92796968)
(378225, 0.92796281)
(95329, 0.92688404)
(299395, 0.92687708)
(18540, 0.92687012)
(264371, 0.92687012)
(189881, 0.92687012)
(43637, 0.92687012)
(347763, 0.92687012)
(195402, 0.92687012)
(374924, 0.92687012)
(309096, 0.92687012)
(404330, 0.92687012)
(187736, 0.92687012)
(125962, 0.92687012)
(310824, 0.92687012)
(376101, 0.92686316)
(73470, 0.92686316)
(69079, 0.92686316)
(146062, 0.92686316)
(77802, 0.92686316)
(297460, 0.92686316)
(160398, 0.92686316)
(398102, 0.92686316)
(344457, 0.92686316)
(355293, 0.92686316)
(386308, 0.92686316)
(61800, 0.92686316)
(80352, 0.92686316)
(267324, 0.92686316)
(407314, 0.92686308)
(374358, 0.92686308)
(295420, 0.92686308)
(276868, 0.92686308)
(364979, 0.92686308)
(362990, 0.92686308)
(375933, 0.92686308)
(403973, 0.9268562)
(98099, 0.9268562)
(348062, 0.9268562)
(272640, 0.9268562)
(195678, 0.9268562)
(245492, 0.9268562)
(226749, 0.9268562)
(10131, 0.9268562)
(365629, 0.9268562)
(199158, 0.9268562)
(311445, 0.9268562)
(102055, 0.9268562)
(336281, 0.9268562)
(284414, 0.9268562)
(212652, 0.92685612)
(302641, 0.92685612)
(257652, 0.92685612)
(110969, 0.92685612)
(416978, 0.92685612)
(190097, 0.92685612)
(180540, 0.92685612)
(72916, 0.92685612)
(227592, 0.92685612)
(330639, 0.92685612)
(56806, 0.92685603)
(183130, 0.92685603)
(161137, 0.92684924)
(251559, 0.92684924)
(397330, 0.92684924)
(8927, 0.92684924)
(258632, 0.92684924)
(396353, 0.92684924)
(9561, 0.92684924)
(56915, 0.92684924)
(282637, 0.92684924)
(52697, 0.92684924)
(245501, 0.92684924)
(122299, 0.92684924)
(41537, 0.92684924)
(207362, 0.92684924)
(56113, 0.92684924)
(299103, 0.92684924)
(374177, 0.92684924)
(417301, 0.92684924)
(122949, 0.92684924)
(383423, 0.92684924)
(275308, 0.92684915)
(254383, 0.92684915)
(287344, 0.92684915)
(412887, 0.92684915)
(253029, 0.92684915)
(150183, 0.92684915)
(134532, 0.92684915)
(11056, 0.92684915)
(81383, 0.92684915)
(240580, 0.92684915)
(20559, 0.92684915)
(402598, 0.92684915)
(112479, 0.92684915)
(105978, 0.92684915)
(313493, 0.92684915)
(132200, 0.92684915)
(193241, 0.92684915)
(42691, 0.92684915)
(123963, 0.92684915)
(392301, 0.92684907)
(21690, 0.92684907)
(345442, 0.92684907)
(6280, 0.92684907)
(371359, 0.92684907)
(291655, 0.92684907)
(25503, 0.92684907)
(399598, 0.92684907)
(1371, 0.92684228)
(67650, 0.92684219)
(352953, 0.92684219)
(270329, 0.92684219)
(29872, 0.92684219)
(141972, 0.92684219)
(83349, 0.92684219)
(204031, 0.92684219)
(403709, 0.92684219)
(169422, 0.92684219)
(345010, 0.92684219)
(185753, 0.92684219)
(75281, 0.92684219)
(345132, 0.92684219)
(281075, 0.92684219)
(347559, 0.92684219)
(133773, 0.92684219)
(368838, 0.92684219)
(113718, 0.92684219)
(153855, 0.92684219)
(98154, 0.92684219)
(394803, 0.92684219)
(175462, 0.92684219)
(269174, 0.92684219)
(239161, 0.92684211)
(118575, 0.92684211)
(359497, 0.92684211)
(110592, 0.92684211)
(35181, 0.92684211)
(215937, 0.92684211)
(293657, 0.92684211)
(230775, 0.92684211)
(137684, 0.92684211)
(168352, 0.92684211)
(2923, 0.92684211)
(124349, 0.92684211)
(372103, 0.92684211)
(85799, 0.92684211)
(40304, 0.92684211)
(411368, 0.92684211)
(58193, 0.92684203)
(92289, 0.92684203)
(343261, 0.92683531)
(235677, 0.92683523)
(280272, 0.92683523)
(409587, 0.92683523)
(147011, 0.92683523)
(150957, 0.92683523)
(145813, 0.92683523)
(213668, 0.92683523)
(195460, 0.92683523)
(261864, 0.92683523)
(163511, 0.92683523)
(74647, 0.92683523)
(369807, 0.92683523)
(355929, 0.92683523)
(394154, 0.92683515)
(49185, 0.92683515)
(320015, 0.92683515)
(224875, 0.92683515)
(161572, 0.92683515)
(169426, 0.92683515)
(210463, 0.92683515)
(277233, 0.92683515)
(200588, 0.92683515)
(225889, 0.92683515)
(388416, 0.92683515)
(127535, 0.92683515)
(216828, 0.92683515)
(241574, 0.92683515)
(41641, 0.92683515)
(145820, 0.92683515)
(190294, 0.92683515)
(271099, 0.92683515)
(385209, 0.92683515)
(44324, 0.92683507)
(182234, 0.92683507)
(275807, 0.92683507)
(215746, 0.92682835)
(416649, 0.92682827)
(203987, 0.92682827)
(38924, 0.92682827)
(76990, 0.92682827)
(390204, 0.92682819)
(328647, 0.92682819)
(52561, 0.92682819)
(51875, 0.92682819)
(238846, 0.92682819)
(180769, 0.92682819)
(390049, 0.92682819)
(354090, 0.92682819)
(108361, 0.92682819)
(379400, 0.92682819)
(365242, 0.92682819)
(319653, 0.92682819)
(282812, 0.92682819)
(331422, 0.92682819)
(82479, 0.92682819)
(356122, 0.92682819)
(322555, 0.92682819)
(387807, 0.9268281)
(11802, 0.9268281)
(352223, 0.9268281)
(46580, 0.9268281)
(393556, 0.9268281)
(200997, 0.9268281)
(15992, 0.9268281)
(379857, 0.9268281)
(81129, 0.9268281)
(333756, 0.9268281)
(105424, 0.9268281)
(280474, 0.92682131)
(366313, 0.92682131)
(43969, 0.92682123)
(367073, 0.92682123)
(350340, 0.92682123)
(76346, 0.92682123)
(340185, 0.92682123)
(153763, 0.92682123)
(410560, 0.92682123)
(239415, 0.92682114)
(367545, 0.92682114)
(385608, 0.92682114)
(280042, 0.92682114)
(31825, 0.92682114)
(352287, 0.92682114)
(309246, 0.92682114)
(415997, 0.92682114)
(306974, 0.92682114)
(333424, 0.92682106)
(226707, 0.92682106)
(53030, 0.92682106)
(336177, 0.92682106)
(357962, 0.92682106)
(151067, 0.92682106)
(113778, 0.92682106)
(115764, 0.92681426)
(271217, 0.92681426)
(117507, 0.92681426)
(313104, 0.92681426)
(146638, 0.92681426)
(120206, 0.92681426)
(240520, 0.92681426)
(201424, 0.92681418)
(393946, 0.92681418)
(415110, 0.92681418)
(272011, 0.92681418)
(375041, 0.92681418)
(98520, 0.92681418)
(360148, 0.92681418)
(81829, 0.92681418)
(84280, 0.92681418)
(153321, 0.92681418)
(241950, 0.9268141)
(36640, 0.9268141)
(54461, 0.9268141)
(25751, 0.9268141)
(394626, 0.9268141)
(316795, 0.9268141)
(319250, 0.9268141)
(186476, 0.9268141)
(412600, 0.9268141)
(186558, 0.92681402)
(219674, 0.92681402)
(48513, 0.92680739)
(376656, 0.9268073)
(193736, 0.9268073)
(214932, 0.9268073)
(345098, 0.92680722)
(208103, 0.92680722)
(329021, 0.92680722)
(179230, 0.92680722)
(139145, 0.92680722)
(298072, 0.92680714)
(51388, 0.92680714)
(112309, 0.92680714)
(305516, 0.92680714)
(91446, 0.92680714)
(197420, 0.92680714)
(18973, 0.92680714)
(17308, 0.92680714)
(365687, 0.92680714)
(161887, 0.92680705)
(24278, 0.92680026)
(117155, 0.92680018)
(192212, 0.92680018)
(76374, 0.92680018)
(386492, 0.92680009)
(90209, 0.92680009)
(21599, 0.92679321)
(276874, 0.92679321)
(17060, 0.92678625)
(99403, 0.92678617)
(321910, 0.92678617)
(101626, 0.92677913)
(47973, 0.92677913)
(349151, 0.92570061)
(330094, 0.92570061)
(341870, 0.92570061)
(93581, 0.92570061)
(89913, 0.92569365)
(97434, 0.92569365)
(36620, 0.92569365)
(295004, 0.92569365)
(45789, 0.92569365)
(137166, 0.92569365)
(38122, 0.92569365)
(80680, 0.92569357)
(207797, 0.92569357)
(274646, 0.92569357)
(229382, 0.92568669)
(136965, 0.92568669)
(104315, 0.92568669)
(151636, 0.92568669)
(112949, 0.92568669)
(28999, 0.92568669)
(230296, 0.92568669)
(53034, 0.92568669)
(327295, 0.92568669)
(237874, 0.92568669)
(271811, 0.92568669)
(366810, 0.92568669)
(10352, 0.92568669)
(121027, 0.92568661)
(221812, 0.92568661)
(47774, 0.92568661)
(89139, 0.92568652)
(94905, 0.92567973)
(268437, 0.92567973)
(127938, 0.92567973)
(70461, 0.92567973)
(221576, 0.92567973)
(93753, 0.92567973)
(324322, 0.92567964)
(282239, 0.92567964)
(54714, 0.92567964)
(144674, 0.92567964)
(400259, 0.92567964)
(419714, 0.92567964)
(364781, 0.92567964)
(182640, 0.92567956)
(57152, 0.92567956)
(78355, 0.92567277)
(359729, 0.92567277)
(301807, 0.92567277)
(56164, 0.92567277)
(302988, 0.92567277)
(100575, 0.92567277)
(67437, 0.92567277)
(51794, 0.92567277)
(326199, 0.92567277)
(21626, 0.92567277)
(412873, 0.92567268)
(353193, 0.92567268)
(116630, 0.92567268)
(310129, 0.92567268)
(262566, 0.92567268)
(278332, 0.92567268)
(169985, 0.92567268)
(54729, 0.92567268)
(26964, 0.92567268)
(83019, 0.92567268)
(385616, 0.92567268)
(185076, 0.92567268)
(122541, 0.92567268)
(286794, 0.92567268)
(18569, 0.92567268)
(318865, 0.92567268)
(342767, 0.92567268)
(88971, 0.92567268)
(133114, 0.92567268)
(244618, 0.92567268)
(266994, 0.92567268)
(78488, 0.92567268)
(74895, 0.9256726)
(52411, 0.9256726)
(358709, 0.9256726)
(16305, 0.9256726)
(415105, 0.9256726)
(277507, 0.9256658)
(296175, 0.9256658)
(73099, 0.9256658)
(157903, 0.9256658)
(324434, 0.9256658)
(278790, 0.9256658)
(326544, 0.92566572)
(181494, 0.92566572)
(173590, 0.92566572)
(10939, 0.92566572)
(355087, 0.92566572)
(336338, 0.92566572)
(390876, 0.92566572)
(369535, 0.92566572)
(38862, 0.92566572)
(96881, 0.92566572)
(196921, 0.92566572)
(203708, 0.92566572)
(333545, 0.92566564)
(339944, 0.92566564)
(294491, 0.92566564)
(194855, 0.92566564)
(339855, 0.92566564)
(232649, 0.92566564)
(106880, 0.92566564)
(217026, 0.92566564)
(159756, 0.92566556)
(156065, 0.92566556)
(373851, 0.92566556)
(95871, 0.92565884)
(56241, 0.92565884)
(87386, 0.92565884)
(133649, 0.92565884)
(82119, 0.92565884)
(41531, 0.92565876)
(365095, 0.92565876)
(373268, 0.92565876)
(90966, 0.92565876)
(266030, 0.92565876)
(284026, 0.92565876)
(61394, 0.92565876)
(387064, 0.92565876)
(221760, 0.92565876)
(312408, 0.92565876)
(183093, 0.92565876)
(270616, 0.92565876)
(186754, 0.92565868)
(26024, 0.92565868)
(314996, 0.92565868)
(3245, 0.92565868)
(266247, 0.92565868)
(36035, 0.92565868)
(166376, 0.92565868)
(410582, 0.92565868)
(20084, 0.92565868)
(161851, 0.92565868)
(20497, 0.92565868)
(294143, 0.92565868)
(300369, 0.92565868)
(201382, 0.92565868)
(235893, 0.92565868)
(368051, 0.92565868)
(31938, 0.92565859)
(338754, 0.92565859)
(299578, 0.92565859)
(123861, 0.92565859)
(314095, 0.92565859)
(114510, 0.92565859)
(29036, 0.92565859)
(56416, 0.92565859)
(234832, 0.92565188)
(347513, 0.9256518)
(283094, 0.9256518)
(219576, 0.9256518)
(386453, 0.9256518)
(133029, 0.9256518)
(64435, 0.9256518)
(242689, 0.9256518)
(233837, 0.92565172)
(152222, 0.92565172)
(186980, 0.92565172)
(136472, 0.92565172)
(103998, 0.92565172)
(212271, 0.92565172)
(215519, 0.92565172)
(349106, 0.92565172)
(284051, 0.92565172)
(334513, 0.92565172)
(340528, 0.92565172)
(392280, 0.92565172)
(342823, 0.92565163)
(18656, 0.92565163)
(339939, 0.92565163)
(318177, 0.92565163)
(11046, 0.92565163)
(207538, 0.92565163)
(11576, 0.92565163)
(332300, 0.92565163)
(31505, 0.92565163)
(110066, 0.92565163)
(11474, 0.92565163)
(82034, 0.92565163)
(267516, 0.92565163)
(350344, 0.92565163)
(92129, 0.92565163)
(228814, 0.92564484)
(327793, 0.92564484)
(15600, 0.92564484)
(188582, 0.92564475)
(279653, 0.92564475)
(43154, 0.92564475)
(9968, 0.92564475)
(91648, 0.92564475)
(411099, 0.92564475)
(420347, 0.92564475)
(170996, 0.92564475)
(302885, 0.92564475)
(240860, 0.92564475)
(225220, 0.92564467)
(85242, 0.92564467)
(294844, 0.92564467)
(113497, 0.92564467)
(113179, 0.92564467)
(36854, 0.92564467)
(7718, 0.92564467)
(235623, 0.92564467)
(55662, 0.92564467)
(142886, 0.92564467)
(76634, 0.92564467)
(191061, 0.92564467)
(105372, 0.92564467)
(217324, 0.92564467)
(134239, 0.92564459)
(299329, 0.92564459)
(399363, 0.92563779)
(202169, 0.92563779)
(179761, 0.92563779)
(216292, 0.92563779)
(205396, 0.92563779)
(297087, 0.92563771)
(145086, 0.92563771)
(105318, 0.92563771)
(52974, 0.92563771)
(224787, 0.92563771)
(334080, 0.92563771)
(322146, 0.92563771)
(223969, 0.92563771)
(323366, 0.92563771)
(364229, 0.92563771)
(91332, 0.92563763)
(137804, 0.92563763)
(383797, 0.92563763)
(417217, 0.92563763)
(157831, 0.92563763)
(82989, 0.92563763)
(150049, 0.92563763)
(104254, 0.92563083)
(108596, 0.92563083)
(181033, 0.92563075)
(327011, 0.92563075)
(131681, 0.92563075)
(210096, 0.92563075)
(254745, 0.92563075)
(163906, 0.92563075)
(365338, 0.92563067)
(325578, 0.92563067)
(237890, 0.92563067)
(179253, 0.92563058)
(380904, 0.92563058)
(75017, 0.92562387)
(252753, 0.92562379)
(238506, 0.92562379)
(187885, 0.92562371)
(90893, 0.92562371)
(222019, 0.92562371)
(106607, 0.92562362)
(73063, 0.92562362)
(351649, 0.92562362)
(119252, 0.92561683)
(58595, 0.92561674)
(356010, 0.92561674)
(99746, 0.92561674)
(312811, 0.92561666)
(223205, 0.92560274)
(131273, 0.92560257)
(316838, 0.92559569)
(380866, 0.92559569)
(267391, 0.92559569)
(186518, 0.92451022)
(399675, 0.92451022)
(96378, 0.92451022)
(82764, 0.92451022)
(285199, 0.92451022)
(291703, 0.92451022)
(292679, 0.92451022)
(67026, 0.92451014)
(267882, 0.92451014)
(382003, 0.92451014)
(286853, 0.92450326)
(229794, 0.92450326)
(59454, 0.92450326)
(391600, 0.92450326)
(270075, 0.92450326)
(246748, 0.92450317)
(99591, 0.92450317)
(176840, 0.92450317)
(272658, 0.92450317)
(300546, 0.92450317)
(89747, 0.92450317)
(159030, 0.92450317)
(128788, 0.92450317)
(53658, 0.9244963)
(183610, 0.9244963)
(398820, 0.9244963)
(65923, 0.9244963)
(264775, 0.9244963)
(339550, 0.9244963)
(384130, 0.92449621)
(325677, 0.92449621)
(287570, 0.92449621)
(328418, 0.92449621)
(99244, 0.92449621)
(190574, 0.92449621)
(398520, 0.92449621)
(201960, 0.92449621)
(161807, 0.92449621)
(45452, 0.92449621)
(386364, 0.92449621)
(360300, 0.92449613)
(410995, 0.92449613)
(347537, 0.92449613)
(57497, 0.92449613)
(79411, 0.92449613)
(4899, 0.92448933)
(254613, 0.92448933)
(265685, 0.92448933)
(102725, 0.92448933)
(46620, 0.92448925)
(236263, 0.92448925)
(278267, 0.92448925)
(143410, 0.92448925)
(48755, 0.92448925)
(378786, 0.92448925)
(305535, 0.92448925)
(274548, 0.92448925)
(413139, 0.92448925)
(169882, 0.92448925)
(348390, 0.92448925)
(47849, 0.92448925)
(141184, 0.92448925)
(149798, 0.92448925)
(316909, 0.92448925)
(378283, 0.92448917)
(194992, 0.92448917)
(375985, 0.92448917)
(372457, 0.92448917)
(318195, 0.92448917)
(83873, 0.92448917)
(194867, 0.92448917)
(390248, 0.92448917)
(49064, 0.92448917)
(300220, 0.92448917)
(131906, 0.92448917)
(383930, 0.92448909)
(19976, 0.92448909)
(244223, 0.92448909)
(23601, 0.92448237)
(152231, 0.92448229)
(10785, 0.92448229)
(6479, 0.92448229)
(153117, 0.92448229)
(116464, 0.92448229)
(419050, 0.92448229)
(214885, 0.92448229)
(374695, 0.92448229)
(301118, 0.92448229)
(96646, 0.92448229)
(160082, 0.92448229)
(168661, 0.92448229)
(291609, 0.92448229)
(295979, 0.92448229)
(110623, 0.92448229)
(76119, 0.92448229)
(318694, 0.92448229)
(90995, 0.92448229)
(398173, 0.92448229)
(209470, 0.92448221)
(286932, 0.92448221)
(17570, 0.92448221)
(58218, 0.92448221)
(108004, 0.92448221)
(216584, 0.92448221)
(156611, 0.92448221)
(32780, 0.92448221)
(174044, 0.92448221)
(108309, 0.92448221)
(196171, 0.92448221)
(130312, 0.92448221)
(322256, 0.92448221)
(413011, 0.92448221)
(200127, 0.92448221)
(324891, 0.92448221)
(184664, 0.92448212)
(168423, 0.92448212)
(360953, 0.92447541)
(388887, 0.92447541)
(240513, 0.92447541)
(197408, 0.92447541)
(79762, 0.92447533)
(54696, 0.92447533)
(417975, 0.92447533)
(402734, 0.92447533)
(133008, 0.92447533)
(176503, 0.92447533)
(284022, 0.92447525)
(12577, 0.92447525)
(365773, 0.92447525)
(396872, 0.92447525)
(332628, 0.92447525)
(369319, 0.92447525)
(389406, 0.92447525)
(317643, 0.92447525)
(128242, 0.92447525)
(21462, 0.92447525)
(370284, 0.92447525)
(188556, 0.92447525)
(384782, 0.92447525)
(233974, 0.92447525)
(182857, 0.92447525)
(36371, 0.92447525)
(214855, 0.92447525)
(367710, 0.92447516)
(322860, 0.92447516)
(163323, 0.92447516)
(325229, 0.92447516)
(405035, 0.92447516)
(195063, 0.92447516)
(320372, 0.92447516)
(159569, 0.92447516)
(27045, 0.92447508)
(341673, 0.92447508)
(347805, 0.92446845)
(208673, 0.92446837)
(297630, 0.92446837)
(382689, 0.92446837)
(289115, 0.92446837)
(3253, 0.92446828)
(216852, 0.92446828)
(269506, 0.92446828)
(243978, 0.92446828)
(24532, 0.92446828)
(313477, 0.92446828)
(197723, 0.92446828)
(223243, 0.92446828)
(335732, 0.92446828)
(289069, 0.92446828)
(133993, 0.92446828)
(108219, 0.92446828)
(338147, 0.92446828)
(202975, 0.92446828)
(418997, 0.92446828)
(371685, 0.92446828)
(84616, 0.92446828)
(119130, 0.92446828)
(44491, 0.9244682)
(76926, 0.9244682)
(85063, 0.9244682)
(261666, 0.9244682)
(378890, 0.9244682)
(42444, 0.9244682)
(316670, 0.92446812)
(13678, 0.92446812)
(397259, 0.92446812)
(290004, 0.92446132)
(288655, 0.92446132)
(40857, 0.92446132)
(238609, 0.92446132)
(363349, 0.92446132)
(73446, 0.92446132)
(342931, 0.92446132)
(171944, 0.92446132)
(182467, 0.92446124)
(407448, 0.92446124)
(329515, 0.92446124)
(176757, 0.92446124)
(361386, 0.92446124)
(310929, 0.92446124)
(183362, 0.92446124)
(420085, 0.92446116)
(145967, 0.92446116)
(417986, 0.92446116)
(50449, 0.92446116)
(229588, 0.92445444)
(357229, 0.92445428)
(286973, 0.92445428)
(28821, 0.92445428)
(198959, 0.92445428)
(47696, 0.92445428)
(174669, 0.92445428)
(146371, 0.9244542)
(50594, 0.9244542)
(228628, 0.9244542)
(151521, 0.9244542)
(280734, 0.9244542)
(374431, 0.9244542)
(241182, 0.9244542)
(94972, 0.9244542)
(281009, 0.9244542)
(60867, 0.9244474)
(324926, 0.92444732)
(56418, 0.92444732)
(382144, 0.92444732)
(33362, 0.92444732)
(276447, 0.92444723)
(302329, 0.92444723)
(173013, 0.92444715)
(234844, 0.92444707)
(88137, 0.92444027)
(199117, 0.92444027)
(284752, 0.92444027)
(407721, 0.92444027)
(97774, 0.92444019)
(56397, 0.92444019)
(348942, 0.92444019)
(19739, 0.92444019)
(173073, 0.92444019)
(179055, 0.92443339)
(211059, 0.92443331)
(198576, 0.92443331)
(49608, 0.92443331)
(368288, 0.92443331)
(363325, 0.92443331)
(373759, 0.92443323)
(244538, 0.92443323)
(254905, 0.92442643)
(256153, 0.92442627)
(148548, 0.92334071)
(64902, 0.92334071)
(354825, 0.92333375)
(334228, 0.92333375)
(354734, 0.92333366)
(103625, 0.92333366)
(46446, 0.92333366)
(113300, 0.92333366)
(68571, 0.92332679)
(261526, 0.92332679)
(10050, 0.92332679)
(293390, 0.92332679)
(196357, 0.9233267)
(273022, 0.9233267)
(392919, 0.9233267)
(260849, 0.9233267)
(383312, 0.9233267)
(144463, 0.92331982)
(69001, 0.92331982)
(18276, 0.92331974)
(221056, 0.92331974)
(330581, 0.92331974)
(81369, 0.92331974)
(392339, 0.92331974)
(35084, 0.92331974)
(12260, 0.92331966)
(297122, 0.92331966)
(95170, 0.92331286)
(361079, 0.92331286)
(243138, 0.92331286)
(118293, 0.92331286)
(357693, 0.92331286)
(381239, 0.92331278)
(375955, 0.92331278)
(294943, 0.92331278)
(349934, 0.92331278)
(72350, 0.92331278)
(122576, 0.92331278)
(171409, 0.92331278)
(361702, 0.92331278)
(50028, 0.9233127)
(311846, 0.9233127)
(63636, 0.9233127)
(26830, 0.9233127)
(1058, 0.9233127)
(23919, 0.92331261)
(112992, 0.92331261)
(20787, 0.9233059)
(166382, 0.9233059)
(339455, 0.9233059)
(203449, 0.92330582)
(198663, 0.92330582)
(238564, 0.92330582)
(172827, 0.92330582)
(250123, 0.92330582)
(331045, 0.92330582)
(5479, 0.92330582)
(307769, 0.92330582)
(6032, 0.92330582)
(361442, 0.92330574)
(218291, 0.92330574)
(343571, 0.92330574)
(24939, 0.92330574)
(328476, 0.92330574)
(226602, 0.92330574)
(353847, 0.92330574)
(394077, 0.92330574)
(317753, 0.92330565)
(27438, 0.92329886)
(158507, 0.92329886)
(274281, 0.92329886)
(65604, 0.92329886)
(303495, 0.92329886)
(417097, 0.92329886)
(391204, 0.92329886)
(43431, 0.92329878)
(18038, 0.92329878)
(307373, 0.92329878)
(28547, 0.92329878)
(363373, 0.92329878)
(314750, 0.92329878)
(305098, 0.92329878)
(165175, 0.92329878)
(19616, 0.92329878)
(296466, 0.92329878)
(367402, 0.92329878)
(310727, 0.92329878)
(3311, 0.92329869)
(150741, 0.92329869)
(332672, 0.92329869)
(131415, 0.92329861)
(396481, 0.92329198)
(264078, 0.9232919)
(39758, 0.9232919)
(360144, 0.92329181)
(162075, 0.92329181)
(3990, 0.92329181)
(146047, 0.92329181)
(107539, 0.92329181)
(355834, 0.92329181)
(11904, 0.92329181)
(137232, 0.92329181)
(410810, 0.92329181)
(94006, 0.92329181)
(261660, 0.92329181)
(95997, 0.92329181)
(29582, 0.92329181)
(325466, 0.92329181)
(166619, 0.92329181)
(265796, 0.92329173)
(105732, 0.92329173)
(18124, 0.92329173)
(241224, 0.92329173)
(124449, 0.92329173)
(122610, 0.92329173)
(17486, 0.92329173)
(126853, 0.92329173)
(254980, 0.92329173)
(13238, 0.92329173)
(194356, 0.92328485)
(22108, 0.92328485)
(44772, 0.92328485)
(21736, 0.92328485)
(203317, 0.92328485)
(369573, 0.92328485)
(27939, 0.92328485)
(305588, 0.92328485)
(203416, 0.92328477)
(196623, 0.92328477)
(278413, 0.92328477)
(228468, 0.92328477)
(324365, 0.92328477)
(384982, 0.92328477)
(258776, 0.92328477)
(418525, 0.92328477)
(342453, 0.92328477)
(285376, 0.92328477)
(156247, 0.92328477)
(149954, 0.92328477)
(242934, 0.92328469)
(280995, 0.92328469)
(61689, 0.92328469)
(288277, 0.92328469)
(244896, 0.92327789)
(78975, 0.92327789)
(387301, 0.92327789)
(168397, 0.92327781)
(254538, 0.92327781)
(157651, 0.92327781)
(61761, 0.92327781)
(32070, 0.92327781)
(211310, 0.92327781)
(98805, 0.92327781)
(74763, 0.92327781)
(200199, 0.92327781)
(401972, 0.92327773)
(86407, 0.92327773)
(198445, 0.92327773)
(123075, 0.92327773)
(226356, 0.92327773)
(27878, 0.92327773)
(259991, 0.92327773)
(231903, 0.92327773)
(140846, 0.92327773)
(72803, 0.92327773)
(79046, 0.92327764)
(63968, 0.92327764)
(246205, 0.92327085)
(361032, 0.92327085)
(135974, 0.92327076)
(3526, 0.92327076)
(245704, 0.92327076)
(393871, 0.92327068)
(244700, 0.92327068)
(334193, 0.9232638)
(405307, 0.9232638)
(224981, 0.92326372)
(35523, 0.92326364)
(321100, 0.92326364)
(843, 0.92325684)
(303293, 0.92325684)
(12264, 0.92325684)
(324874, 0.92325676)
(324132, 0.92324988)
(147835, 0.92324971)
(309331, 0.92324963)
(418320, 0.92324963)
(167924, 0.92324284)
(129726, 0.92324275)
(236052, 0.92323571)
(273052, 0.92322883)
(79312, 0.92321474)
(295595, 0.9221712)
(315312, 0.92216424)
(30596, 0.92216424)
(158043, 0.92215728)
(179898, 0.92215719)
(55501, 0.92215719)
(319983, 0.92215032)
(141436, 0.92215023)
(337029, 0.92214335)
(322684, 0.92214335)
(311049, 0.92214335)
(93727, 0.92214327)
(112586, 0.92214327)
(159388, 0.92214327)
(64886, 0.92214327)
(327669, 0.92214327)
(23541, 0.92214319)
(135371, 0.92214319)
(78990, 0.92214319)
(236146, 0.92214319)
(19241, 0.92214319)
(128076, 0.92213639)
(247613, 0.92213639)
(343593, 0.92213639)
(359871, 0.92213639)
(51473, 0.92213631)
(184008, 0.92213631)
(338805, 0.92213631)
(176335, 0.92213631)
(340967, 0.92213631)
(253267, 0.92213631)
(207232, 0.92213623)
(40728, 0.92213623)
(270187, 0.92213623)
(226732, 0.92213623)
(117560, 0.92213623)
(162858, 0.92213614)
(54348, 0.92212943)
(196066, 0.92212935)
(76222, 0.92212935)
(416697, 0.92212935)
(222964, 0.92212935)
(198995, 0.92212935)
(201394, 0.92212935)
(205538, 0.92212927)
(339210, 0.92212927)
(57386, 0.92212927)
(100191, 0.92212927)
(177502, 0.92212927)
(212575, 0.92212927)
(214753, 0.92212927)
(283704, 0.92212927)
(281850, 0.92212927)
(244935, 0.92212927)
(242133, 0.92212918)
(25321, 0.92212918)
(2693, 0.92212239)
(416189, 0.92212239)
(86633, 0.92212239)
(139752, 0.92212239)
(21133, 0.92212239)
(30399, 0.92212239)
(131545, 0.92212239)
(128654, 0.9221223)
(297902, 0.9221223)
(80681, 0.92212222)
(262960, 0.92212222)
(236398, 0.92212222)
(257309, 0.92212214)
(378612, 0.92212214)
(89243, 0.92211543)
(130258, 0.92211543)
(37776, 0.92211534)
(38620, 0.92211534)
(202884, 0.92211534)
(399037, 0.92211526)
(353846, 0.92211526)
(227835, 0.92211526)
(365684, 0.92211526)
(82286, 0.92211526)
(274856, 0.92211526)
(23695, 0.92211526)
(95466, 0.92210846)
(81979, 0.92210846)
(149978, 0.92210838)
(262935, 0.92210838)
(380763, 0.92210838)
(259318, 0.92210838)
(315806, 0.9221083)
(178826, 0.9221083)
(49289, 0.9221083)
(216271, 0.9221083)
(267224, 0.92210822)
(156966, 0.92210822)
(292233, 0.92210822)
(301688, 0.92210822)
(223333, 0.92210822)
(107798, 0.92210142)
(248785, 0.92210134)
(141669, 0.92210134)
(4050, 0.92210134)
(301599, 0.92210134)
(382407, 0.92210134)
(90599, 0.92210134)
(319549, 0.92210125)
(102461, 0.92209446)
(310833, 0.92209446)
(247024, 0.92209438)
(210850, 0.92209438)
(399370, 0.92209438)
(255264, 0.92209438)
(192663, 0.92209438)
(360079, 0.92209438)
(66414, 0.92209438)
(6620, 0.92209429)
(321351, 0.92209429)
(225991, 0.92209429)
(288995, 0.92209429)
(21890, 0.92209429)
(85031, 0.92209429)
(339293, 0.92209429)
(63159, 0.92209429)
(368123, 0.92209429)
(82009, 0.92209421)
(153092, 0.92208741)
(377554, 0.92208741)
(295247, 0.92208741)
(310063, 0.92208741)
(262634, 0.92208741)
(82323, 0.92208741)
(246398, 0.92208733)
(229275, 0.92208733)
(349722, 0.92208733)
(386940, 0.92208733)
(146844, 0.92208733)
(26407, 0.92208733)
(337897, 0.92208725)
(127666, 0.92208717)
(256246, 0.92208054)
(390145, 0.92208037)
(77314, 0.92208037)
(277670, 0.92208037)
(205545, 0.92208037)
(152010, 0.92208037)
(239361, 0.92208029)
(338942, 0.92208029)
(206940, 0.9220802)
(296176, 0.92207341)
(411493, 0.92207333)
(408545, 0.92207333)
(378307, 0.92207324)
(113510, 0.92207316)
(414008, 0.92206653)
(148384, 0.92206628)
(187264, 0.92206628)
(330225, 0.9220594)
(381483, 0.92203835)
(362520, 0.92098081)
(166421, 0.92097385)
(105711, 0.92097376)
(58747, 0.92097376)
(274619, 0.92097376)
(79304, 0.92097376)
(75732, 0.92097376)
(333039, 0.9209668)
(141306, 0.9209668)
(230994, 0.9209668)
(277661, 0.9209668)
(288144, 0.9209668)
(340700, 0.92096672)
(155884, 0.92096672)
(65579, 0.92095992)
(271168, 0.92095992)
(231065, 0.92095984)
(215837, 0.92095984)
(114064, 0.92095984)
(2136, 0.92095984)
(138336, 0.92095984)
(191876, 0.92095976)
(94250, 0.92095976)
(62557, 0.92095288)
(342335, 0.92095288)
(282666, 0.92095288)
(165886, 0.92095288)
(113786, 0.9209528)
(332521, 0.9209528)
(291895, 0.9209528)
(34690, 0.9209528)
(66006, 0.920946)
(188658, 0.92094592)
(371883, 0.92094592)
(418178, 0.92094592)
(326775, 0.92094592)
(27350, 0.92094592)
(159804, 0.92094583)
(396947, 0.92094583)
(90276, 0.92094583)
(27859, 0.92094583)
(116230, 0.92094583)
(115069, 0.92094583)
(167567, 0.92094575)
(222887, 0.92094575)
(102347, 0.92094575)
(357256, 0.92093896)
(330248, 0.92093896)
(328950, 0.92093887)
(81131, 0.92093887)
(345203, 0.92093887)
(205935, 0.92093887)
(212866, 0.92093887)
(197642, 0.92093887)
(381435, 0.92093887)
(236773, 0.92093879)
(108613, 0.92093879)
(136671, 0.92093879)
(142885, 0.92093879)
(343701, 0.92093879)
(250796, 0.92093871)
(407606, 0.92093191)
(346146, 0.92093191)
(26214, 0.92093191)
(337393, 0.92093183)
(378826, 0.92093183)
(317810, 0.92093183)
(22540, 0.92093183)
(216452, 0.92093183)
(72313, 0.92093183)
(322100, 0.92093183)
(308416, 0.92093183)
(404104, 0.92093183)
(116129, 0.92093183)
(334653, 0.92093183)
(210835, 0.92093175)
(92826, 0.92093175)
(315467, 0.92093175)
(112505, 0.92092503)
(318721, 0.92092495)
(98832, 0.92092495)
(212566, 0.92092495)
(150470, 0.92092487)
(176391, 0.92092487)
(90694, 0.92092487)
(56271, 0.92092487)
(26199, 0.92092487)
(325869, 0.92092487)
(73654, 0.92092487)
(113744, 0.92092487)
(76238, 0.92092478)
(290535, 0.92092478)
(59679, 0.92092478)
(386355, 0.92092478)
(407675, 0.9209247)
(242562, 0.92091791)
(143994, 0.92091791)
(234583, 0.92091791)
(340986, 0.92091791)
(45115, 0.92091791)
(126089, 0.92091782)
(384150, 0.92091782)
(318632, 0.92091782)
(291672, 0.92091782)
(186523, 0.92091774)
(59172, 0.92091086)
(272949, 0.92091086)
(351796, 0.92091086)
(380725, 0.92091078)
(226095, 0.92091078)
(77205, 0.92091078)
(209763, 0.92091078)
(174435, 0.9209107)
(297777, 0.92090398)
(250485, 0.92090398)
(111565, 0.9209039)
(136453, 0.9209039)
(275469, 0.9209039)
(82280, 0.92090382)
(171454, 0.92090382)
(417622, 0.92090382)
(60858, 0.92089702)
(146392, 0.92089694)
(183688, 0.92089694)
(42188, 0.92089686)
(323108, 0.92089686)
(85477, 0.92089686)
(391798, 0.92089677)
(372408, 0.92089669)
(81954, 0.92088998)
(289195, 0.92088989)
(10169, 0.92088981)
(208519, 0.92088981)
(269435, 0.92088285)
(380759, 0.92088285)
(140355, 0.92088285)
(311234, 0.92088277)
(111629, 0.92088277)
(367674, 0.92087581)
(237692, 0.9208618)
(370442, 0.9198113)
(247290, 0.9198113)
(218323, 0.91979033)
(366339, 0.91979033)
(168897, 0.91978345)
(238272, 0.91978345)
(360840, 0.91978337)
(40705, 0.91978337)
(139648, 0.91978337)
(255532, 0.91978337)
(46071, 0.91978329)
(321992, 0.91978329)
(25342, 0.9197832)
(78296, 0.91977649)
(161672, 0.91977641)
(69899, 0.91977641)
(10748, 0.91977641)
(251617, 0.91977632)
(76964, 0.91977632)
(392346, 0.91977632)
(351677, 0.91977632)
(50312, 0.91977632)
(138591, 0.91977632)
(386645, 0.91977624)
(387737, 0.91976945)
(124589, 0.91976945)
(358437, 0.91976945)
(227149, 0.91976945)
(201806, 0.91976936)
(83558, 0.91976936)
(120858, 0.91976936)
(254739, 0.91976928)
(73161, 0.91976928)
(92232, 0.91976928)
(33210, 0.91976248)
(410625, 0.9197624)
(118972, 0.9197624)
(264941, 0.91976232)
(335114, 0.91976232)
(102999, 0.91976232)
(89900, 0.91976232)
(373315, 0.91976232)
(29999, 0.91976232)
(52908, 0.91976224)
(108453, 0.91976224)
(41805, 0.91976224)
(118880, 0.91975552)
(284121, 0.91975544)
(346128, 0.91975544)
(317112, 0.91975544)
(236950, 0.91975544)
(157169, 0.91975536)
(151940, 0.91975536)
(128706, 0.91975536)
(281448, 0.91975536)
(11042, 0.91975536)
(8564, 0.91975536)
(295890, 0.91975527)
(370163, 0.91975527)
(412547, 0.91975527)
(240881, 0.91974856)
(87722, 0.91974848)
(217763, 0.91974848)
(405793, 0.9197484)
(160926, 0.9197484)
(42216, 0.9197484)
(47966, 0.91974831)
(265025, 0.91974831)
(86734, 0.91974831)
(419394, 0.91974831)
(148251, 0.91974831)
(272710, 0.91974831)
(168210, 0.91974823)
(318754, 0.91974823)
(325886, 0.91974152)
(2211, 0.91974152)
(244649, 0.91974144)
(106895, 0.91974144)
(167815, 0.91974144)
(371589, 0.91974144)
(384804, 0.91974135)
(25222, 0.91974135)
(232450, 0.91974135)
(306105, 0.91974135)
(111087, 0.91974135)
(94173, 0.91974135)
(203442, 0.91974135)
(175052, 0.91974135)
(204739, 0.91974127)
(378975, 0.91973456)
(131308, 0.91973447)
(418264, 0.91973439)
(82481, 0.91973439)
(323994, 0.91973431)
(229675, 0.91972751)
(396810, 0.91972751)
(144479, 0.91972735)
(157970, 0.91972735)
(199497, 0.91972735)
(147585, 0.91972726)
(307689, 0.91972047)
(335933, 0.91972039)
(243264, 0.91972039)
(159067, 0.9197203)
(245850, 0.9197203)
(386086, 0.9197203)
(44882, 0.91971342)
(168909, 0.91969942)
(401608, 0.91969246)
(49656, 0.91862082)
(161286, 0.91862082)
(225374, 0.9186069)
(140599, 0.9186069)
(208709, 0.91860682)
(98839, 0.91860682)
(47168, 0.91860682)
(353113, 0.91859994)
(169733, 0.91859994)
(288157, 0.91859985)
(252554, 0.91859985)
(68033, 0.91859298)
(57135, 0.91859298)
(278700, 0.91859298)
(322826, 0.91859298)
(185734, 0.91859289)
(125192, 0.91859289)
(307661, 0.91859289)
(153197, 0.91859289)
(4646, 0.91859289)
(278378, 0.91859281)
(38250, 0.9185861)
(19125, 0.91858601)
(318637, 0.91858593)
(390930, 0.91858593)
(152280, 0.91858585)
(177222, 0.91857905)
(169056, 0.91857897)
(391867, 0.91857897)
(153615, 0.91857889)
(231983, 0.9185788)
(92230, 0.9185788)
(298479, 0.9185788)
(415390, 0.91857201)
(59088, 0.91857201)
(332227, 0.91857193)
(317894, 0.91857193)
(228102, 0.91857193)
(336784, 0.91857193)
(237959, 0.91857193)
(24031, 0.91857184)
(30567, 0.91857184)
(206017, 0.91857184)
(199788, 0.91857184)
(388579, 0.91856496)
(120276, 0.91856496)
(64107, 0.91856488)
(55609, 0.91856488)
(41495, 0.91856488)
(190140, 0.918558)
(384436, 0.918558)
(284131, 0.91855792)
(367399, 0.91855792)
(356622, 0.91855792)
(58065, 0.91855792)
(173466, 0.91855784)
(187909, 0.91855784)
(398955, 0.91855104)
(265310, 0.91855104)
(222752, 0.91855104)
(26253, 0.91855104)
(395141, 0.91855096)
(35611, 0.91855096)
(409894, 0.91855096)
(402323, 0.91855096)
(71040, 0.91855088)
(303557, 0.91855088)
(209809, 0.91854408)
(354972, 0.918544)
(372265, 0.918544)
(245737, 0.918544)
(190620, 0.91854391)
(313199, 0.91854391)
(99303, 0.91854391)
(90271, 0.91854391)
(8102, 0.91854383)
(399195, 0.91853695)
(128401, 0.91853695)
(17837, 0.91853687)
(200545, 0.91852991)
(121608, 0.91852286)
(327735, 0.9185159)
(397200, 0.9185159)
(338652, 0.9185159)
(73125, 0.91849494)
(354025, 0.91742347)
(111670, 0.91742338)
(218754, 0.91741651)
(131793, 0.91740954)
(102595, 0.91740938)
(43874, 0.9174025)
(235578, 0.91740242)
(56293, 0.91739554)
(57600, 0.91739546)
(244890, 0.91739546)
(135965, 0.91739546)
(417023, 0.91739537)
(390000, 0.91739529)
(49990, 0.91738858)
(92804, 0.91738849)
(44070, 0.91738849)
(27945, 0.91738849)
(159858, 0.91738841)
(132506, 0.91738841)
(263227, 0.91738833)
(132448, 0.91738833)
(225466, 0.91738162)
(199443, 0.91738153)
(141308, 0.91738145)
(88336, 0.91738145)
(95978, 0.91738137)
(233100, 0.91738128)
(353700, 0.91737457)
(341882, 0.91737457)
(197186, 0.91737457)
(5393, 0.91737449)
(212308, 0.91737441)
(389955, 0.91737441)
(40584, 0.91736753)
(264767, 0.91736753)
(373799, 0.91736744)
(290979, 0.91736057)
(52562, 0.91736048)
(388007, 0.91734656)
(442, 0.91733943)
(105118, 0.91733943)
(412461, 0.91733255)
(280506, 0.91733247)
(255404, 0.91733239)
(150256, 0.91733231)
(176861, 0.91625396)
(152238, 0.91623995)
(127270, 0.91623995)
(241779, 0.91623316)
(402909, 0.91623299)
(95551, 0.91623299)
(177533, 0.91623299)
(317386, 0.91623299)
(227264, 0.91622611)
(38760, 0.91622603)
(387230, 0.91622603)
(292166, 0.91622603)
(19297, 0.91622595)
(397801, 0.91621898)
(126032, 0.91621898)
(5469, 0.91621898)
(332108, 0.9162189)
(300655, 0.91621202)
(400076, 0.91621202)
(156431, 0.91621202)
(58482, 0.91621202)
(404744, 0.91621194)
(251942, 0.91621194)
(330947, 0.91621194)
(244953, 0.91621186)
(28701, 0.91620498)
(196179, 0.91620498)
(154915, 0.91620498)
(206382, 0.91620498)
(84746, 0.91620498)
(178590, 0.9161981)
(259933, 0.91619802)
(102644, 0.91619793)
(274695, 0.91619097)
(318396, 0.91619097)
(119589, 0.91619089)
(282293, 0.91618401)
(321122, 0.91617009)
(400262, 0.91616296)
(405605, 0.9150774)
(318618, 0.9150774)
(382967, 0.91507044)
(384506, 0.91506348)
(25861, 0.91506348)
(340021, 0.9150566)
(192934, 0.91505652)
(328094, 0.91505644)
(222574, 0.91504956)
(302586, 0.91504948)
(164585, 0.91504948)
(385633, 0.91504948)
(183967, 0.91504268)
(67606, 0.9150426)
(196795, 0.91504251)
(94888, 0.91504251)
(401663, 0.91504243)
(360956, 0.91503555)
(49915, 0.91503555)
(97830, 0.91503555)
(417885, 0.91503547)
(236, 0.91502867)
(10779, 0.91502859)
(195265, 0.91502163)
(352886, 0.91502163)
(262048, 0.91502163)
(50452, 0.91502146)
(372196, 0.91501459)
(33311, 0.91501459)
(396888, 0.91500762)
(186496, 0.91500754)
(225853, 0.91499354)
(52382, 0.91497936)
(412861, 0.91388701)
(151754, 0.91385883)
(333495, 0.91385195)
(142770, 0.91384499)
(161489, 0.91382403)
(357949, 0.91380306)
(211863, 0.9127175)
(35950, 0.91269662)
(308635, 0.91269662)
(371755, 0.91269645)
(193257, 0.91268957)
(351219, 0.91268957)
(99786, 0.91268261)
(39955, 0.91268261)
(228902, 0.91267557)
(173377, 0.91266852)
(70344, 0.9126546)
(267184, 0.9115131)
(189871, 0.91151302)
(105261, 0.91150614)
(230818, 0.91149205)
(165912, 0.91145708)
(403437, 0.9103368)
(117850, 0.91030174)
(276568, 0.91028078)
(254825, 0.90915328)
(323446, 0.90914624)
(69500, 0.90913215)
(226257, 0.90561674)
