(279468, 0.93981121)
(45516, 0.93981121)
(310812, 0.93864875)
(198610, 0.93864875)
(338571, 0.93864875)
(356577, 0.93864875)
(212556, 0.93864875)
(365747, 0.93864875)
(67892, 0.93864875)
(247093, 0.93864179)
(63106, 0.93864179)
(395544, 0.93864179)
(258237, 0.93864179)
(177195, 0.93864179)
(251426, 0.93862074)
(76383, 0.93747228)
(164680, 0.93747228)
(94085, 0.93747228)
(379643, 0.93747228)
(53905, 0.93747228)
(148683, 0.93747228)
(185050, 0.93747228)
(130156, 0.93747228)
(388698, 0.93747228)
(179603, 0.93747228)
(94575, 0.93746532)
(7363, 0.93746532)
(130291, 0.93746532)
(146048, 0.93746532)
(253676, 0.93746532)
(190255, 0.93746532)
(351972, 0.93746532)
(322639, 0.93746532)
(292232, 0.93746532)
(45617, 0.93746532)
(23894, 0.93746532)
(107861, 0.93746532)
(148592, 0.93746532)
(266565, 0.93746532)
(336348, 0.93746532)
(12110, 0.93746532)
(70360, 0.93746532)
(156603, 0.93746532)
(6928, 0.93745836)
(49140, 0.93745836)
(88344, 0.93745827)
(267757, 0.93745139)
(5572, 0.93745131)
(371347, 0.93745131)
(263304, 0.93745131)
(320481, 0.93629581)
(67232, 0.93629581)
(260811, 0.93629581)
(40961, 0.93629581)
(39750, 0.93629581)
(406857, 0.93629581)
(335214, 0.93629581)
(186200, 0.93629581)
(282717, 0.93629581)
(129064, 0.93629581)
(7790, 0.93629581)
(278793, 0.93628885)
(373637, 0.93628885)
(168173, 0.93628885)
(249692, 0.93628885)
(412046, 0.93628885)
(205713, 0.93628885)
(201300, 0.93628885)
(157944, 0.93628885)
(206490, 0.93628885)
(82239, 0.93628885)
(413225, 0.93628885)
(51111, 0.93628885)
(116402, 0.93628885)
(286339, 0.93628885)
(176690, 0.93628885)
(316379, 0.93628885)
(377202, 0.93628885)
(206280, 0.93628885)
(247248, 0.93628885)
(317550, 0.93628885)
(180194, 0.93628885)
(184960, 0.93628885)
(147826, 0.93628885)
(208188, 0.93628885)
(180556, 0.93628885)
(294904, 0.93628885)
(126073, 0.93628885)
(51622, 0.93628885)
(182329, 0.93628885)
(284608, 0.93628885)
(289884, 0.93628885)
(135914, 0.93628189)
(272932, 0.93628189)
(329676, 0.93628189)
(333042, 0.93628189)
(416478, 0.93628189)
(341425, 0.93628189)
(239555, 0.93628189)
(305147, 0.93628189)
(73927, 0.93628189)
(31937, 0.93628189)
(210273, 0.93628189)
(64540, 0.93628189)
(41543, 0.93628189)
(186809, 0.93628189)
(92507, 0.9362818)
(141921, 0.9362818)
(196100, 0.9362818)
(184550, 0.93627492)
(39167, 0.93627484)
(367627, 0.93627484)
(45137, 0.93627484)
(163639, 0.93627484)
(157289, 0.93627484)
(338983, 0.93626788)
(91155, 0.93626788)
(383349, 0.93626092)
(190046, 0.93626092)
(390740, 0.93626092)
(297707, 0.93626084)
(260046, 0.93626084)
(25885, 0.93511934)
(285918, 0.93511934)
(214558, 0.93511934)
(182054, 0.93511934)
(346223, 0.93511934)
(253061, 0.93511934)
(188578, 0.93511934)
(389643, 0.93511934)
(81433, 0.93511934)
(161013, 0.93511934)
(186207, 0.93511934)
(353035, 0.93511934)
(364167, 0.93511934)
(193634, 0.93511238)
(32022, 0.93511238)
(228340, 0.93511238)
(42649, 0.93511238)
(195925, 0.93511238)
(294473, 0.93511238)
(274116, 0.93511238)
(252667, 0.93511238)
(15375, 0.93511238)
(146245, 0.93511238)
(294335, 0.93511238)
(208728, 0.93511238)
(345909, 0.93511238)
(416834, 0.93511238)
(243979, 0.93511238)
(362082, 0.93511238)
(98620, 0.93511238)
(126940, 0.93511238)
(211157, 0.93511238)
(212000, 0.93511238)
(162689, 0.93511238)
(300345, 0.93511238)
(234083, 0.93511238)
(60025, 0.93511238)
(379091, 0.93511238)
(51715, 0.93511238)
(261084, 0.93511238)
(93220, 0.93511238)
(91971, 0.93511238)
(60036, 0.93511238)
(95643, 0.93511238)
(369107, 0.93510541)
(270252, 0.93510541)
(121390, 0.93510541)
(405326, 0.93510541)
(112687, 0.93510541)
(247772, 0.93510541)
(376506, 0.93510541)
(28692, 0.93510541)
(193723, 0.93510541)
(362938, 0.93510541)
(117218, 0.93510541)
(35670, 0.93510541)
(416442, 0.93510541)
(257719, 0.93510541)
(109381, 0.93510541)
(345704, 0.93510541)
(191564, 0.93510541)
(88506, 0.93510541)
(44436, 0.93510541)
(355773, 0.93510541)
(296630, 0.93510541)
(110353, 0.93510541)
(315314, 0.93510541)
(157272, 0.93510541)
(371389, 0.93510541)
(110990, 0.93510541)
(215612, 0.93510541)
(128190, 0.93510541)
(194670, 0.93510541)
(292089, 0.93510541)
(334762, 0.93510541)
(263568, 0.93510541)
(46372, 0.93510541)
(155688, 0.93510541)
(156834, 0.93510541)
(398406, 0.93510541)
(275874, 0.93510541)
(25313, 0.93510533)
(73916, 0.93510533)
(128489, 0.93510533)
(377480, 0.93510533)
(174190, 0.93510533)
(300163, 0.93510533)
(330561, 0.93510533)
(135664, 0.93510533)
(156516, 0.93509845)
(287824, 0.93509845)
(356497, 0.93509845)
(74037, 0.93509845)
(403598, 0.93509845)
(95756, 0.93509845)
(161913, 0.93509845)
(143999, 0.93509845)
(304832, 0.93509845)
(108019, 0.93509845)
(159337, 0.93509845)
(358956, 0.93509845)
(56667, 0.93509845)
(287443, 0.93509845)
(349310, 0.93509845)
(37457, 0.93509845)
(329495, 0.93509845)
(159537, 0.93509837)
(314785, 0.93509837)
(417221, 0.93509837)
(315726, 0.93509837)
(362595, 0.93509837)
(234801, 0.93509837)
(272871, 0.93509837)
(347227, 0.93509837)
(397077, 0.93509837)
(98602, 0.93509837)
(240489, 0.93509829)
(274946, 0.93509149)
(15592, 0.93509149)
(318963, 0.93509149)
(36373, 0.93509149)
(243947, 0.93509141)
(299649, 0.93509141)
(21117, 0.93509141)
(63934, 0.93509141)
(263396, 0.93509141)
(391568, 0.93509141)
(38684, 0.93509141)
(411218, 0.93509133)
(234941, 0.93509133)
(406606, 0.93509133)
(158795, 0.93509133)
(376266, 0.93509133)
(190539, 0.93508445)
(114637, 0.93508445)
(81693, 0.93508445)
(165015, 0.93508445)
(345780, 0.93508445)
(295667, 0.93508445)
(187840, 0.93508445)
(89345, 0.93508437)
(20428, 0.93508437)
(238208, 0.93508437)
(11426, 0.93508437)
(151745, 0.9350774)
(413035, 0.93394287)
(377593, 0.93394287)
(97067, 0.93394287)
(39308, 0.93394287)
(157162, 0.93394287)
(52055, 0.93394287)
(64973, 0.93394287)
(83702, 0.93394287)
(157058, 0.93393591)
(13567, 0.93393591)
(240706, 0.93393591)
(340146, 0.93393591)
(359377, 0.93393591)
(126179, 0.93393591)
(330870, 0.93393591)
(336440, 0.93393591)
(158690, 0.93393591)
(112122, 0.93393591)
(210445, 0.93393591)
(15754, 0.93393591)
(410737, 0.93393591)
(192470, 0.93393591)
(101442, 0.93393591)
(258547, 0.93393591)
(10309, 0.93393591)
(34780, 0.93393591)
(325025, 0.93393591)
(364068, 0.93393591)
(331512, 0.93393591)
(352465, 0.93393591)
(159656, 0.93393591)
(77633, 0.93393591)
(44851, 0.93393591)
(165028, 0.93393591)
(255600, 0.93393591)
(6712, 0.93393591)
(220533, 0.93392894)
(200790, 0.93392894)
(400305, 0.93392894)
(36985, 0.93392894)
(138454, 0.93392894)
(187178, 0.93392894)
(379792, 0.93392894)
(291430, 0.93392894)
(218057, 0.93392894)
(92404, 0.93392894)
(240981, 0.93392894)
(145642, 0.93392894)
(213261, 0.93392894)
(116080, 0.93392894)
(245443, 0.93392894)
(257446, 0.93392894)
(340014, 0.93392894)
(30633, 0.93392894)
(94511, 0.93392894)
(250930, 0.93392894)
(154347, 0.93392894)
(297683, 0.93392894)
(190972, 0.93392894)
(229029, 0.93392894)
(357084, 0.93392894)
(81510, 0.93392894)
(57683, 0.93392894)
(288468, 0.93392894)
(363666, 0.93392894)
(96920, 0.93392894)
(181933, 0.93392894)
(54303, 0.93392894)
(286267, 0.93392894)
(10676, 0.93392894)
(113285, 0.93392894)
(251092, 0.93392894)
(47958, 0.93392894)
(48151, 0.93392894)
(208863, 0.93392894)
(48002, 0.93392894)
(136451, 0.93392894)
(301646, 0.93392894)
(259478, 0.93392894)
(406789, 0.93392894)
(372594, 0.93392886)
(26983, 0.93392886)
(309540, 0.93392886)
(379865, 0.93392886)
(115190, 0.93392886)
(63630, 0.93392886)
(80431, 0.93392886)
(53913, 0.93392886)
(212292, 0.93392198)
(176110, 0.93392198)
(309304, 0.93392198)
(153518, 0.93392198)
(248256, 0.93392198)
(77851, 0.93392198)
(378161, 0.93392198)
(116889, 0.93392198)
(35805, 0.93392198)
(74419, 0.93392198)
(65672, 0.93392198)
(71586, 0.93392198)
(333754, 0.93392198)
(34659, 0.93392198)
(387667, 0.93392198)
(221814, 0.9339219)
(382420, 0.9339219)
(276816, 0.9339219)
(150964, 0.9339219)
(311099, 0.9339219)
(349260, 0.9339219)
(268236, 0.9339219)
(370636, 0.9339219)
(84406, 0.9339219)
(78468, 0.9339219)
(130710, 0.9339219)
(343333, 0.9339219)
(261669, 0.9339219)
(254637, 0.9339219)
(301474, 0.9339219)
(131688, 0.9339219)
(251733, 0.9339219)
(178266, 0.9339219)
(108606, 0.9339219)
(276278, 0.9339219)
(328590, 0.9339219)
(19725, 0.9339219)
(320708, 0.93391502)
(51034, 0.93391502)
(244227, 0.93391502)
(105181, 0.93391502)
(114455, 0.93391502)
(193087, 0.93391502)
(182561, 0.93391502)
(396137, 0.93391502)
(388414, 0.93391502)
(146520, 0.93391494)
(54018, 0.93391494)
(210474, 0.93391494)
(340418, 0.93391494)
(318486, 0.93391494)
(76441, 0.93391494)
(104754, 0.93391494)
(148155, 0.93391494)
(229090, 0.93391494)
(201576, 0.93391494)
(161450, 0.93391494)
(78647, 0.93391494)
(43274, 0.93391494)
(334952, 0.93391494)
(237096, 0.93391494)
(180577, 0.93391494)
(103347, 0.93391494)
(296610, 0.93391494)
(351606, 0.93391494)
(308736, 0.93391494)
(12537, 0.93391494)
(127721, 0.93391494)
(171495, 0.93391494)
(262024, 0.93391494)
(297072, 0.93391486)
(300026, 0.93391486)
(86058, 0.93391486)
(86347, 0.93391486)
(267778, 0.93390806)
(239896, 0.93390798)
(304646, 0.93390798)
(98611, 0.93390798)
(87121, 0.93390798)
(343564, 0.93390798)
(165280, 0.93390798)
(98728, 0.93390798)
(127328, 0.93390798)
(337663, 0.93390798)
(242366, 0.93390798)
(181676, 0.93390798)
(286882, 0.93390789)
(53057, 0.93390789)
(401507, 0.93390789)
(66218, 0.93390789)
(42421, 0.93390789)
(3677, 0.93390789)
(363914, 0.93390789)
(119073, 0.93390789)
(48668, 0.93390102)
(61116, 0.93390102)
(130656, 0.93390093)
(142379, 0.93390093)
(315075, 0.93390093)
(75393, 0.93390093)
(313086, 0.93390085)
(237373, 0.93389397)
(149430, 0.93389397)
(401259, 0.93389389)
(84286, 0.93388693)
(415365, 0.93388005)
(258618, 0.93276648)
(292962, 0.9327664)
(400484, 0.9327664)
(206960, 0.9327664)
(222267, 0.9327664)
(218570, 0.9327664)
(187384, 0.9327664)
(71905, 0.9327664)
(1668, 0.9327664)
(229711, 0.93275944)
(156062, 0.93275944)
(51310, 0.93275944)
(313250, 0.93275944)
(340701, 0.93275944)
(349901, 0.93275944)
(149009, 0.93275944)
(217714, 0.93275944)
(270334, 0.93275944)
(212660, 0.93275944)
(117567, 0.93275944)
(337463, 0.93275944)
(29613, 0.93275944)
(180008, 0.93275944)
(321535, 0.93275944)
(152992, 0.93275944)
(163535, 0.93275944)
(15144, 0.93275944)
(172739, 0.93275944)
(87602, 0.93275944)
(36134, 0.93275944)
(388249, 0.93275944)
(357740, 0.93275944)
(170814, 0.93275944)
(393044, 0.93275944)
(49038, 0.93275944)
(143032, 0.93275944)
(344279, 0.93275944)
(116497, 0.93275944)
(23055, 0.93275944)
(386932, 0.93275944)
(280434, 0.93275944)
(283132, 0.93275944)
(312544, 0.93275944)
(259356, 0.93275944)
(396161, 0.93275944)
(60431, 0.93275944)
(31607, 0.93275944)
(8080, 0.93275256)
(256547, 0.93275247)
(369038, 0.93275247)
(135923, 0.93275247)
(294212, 0.93275247)
(417861, 0.93275247)
(143963, 0.93275247)
(195129, 0.93275247)
(191646, 0.93275247)
(417542, 0.93275247)
(374661, 0.93275247)
(297353, 0.93275247)
(289769, 0.93275247)
(225118, 0.93275247)
(299183, 0.93275247)
(361511, 0.93275247)
(377142, 0.93275247)
(162284, 0.93275247)
(20738, 0.93275247)
(381301, 0.93275247)
(64198, 0.93275247)
(270343, 0.93275247)
(401826, 0.93275247)
(530, 0.93275247)
(244066, 0.93275247)
(254102, 0.93275247)
(412624, 0.93275247)
(378072, 0.93275247)
(126184, 0.93275247)
(148990, 0.93275247)
(283800, 0.93275247)
(180377, 0.93275247)
(407326, 0.93275247)
(326257, 0.93275247)
(6893, 0.93275247)
(171173, 0.93275247)
(169193, 0.93275247)
(214940, 0.93275247)
(294169, 0.93275247)
(32848, 0.93275247)
(283141, 0.93275247)
(59346, 0.93275247)
(10819, 0.93275247)
(19901, 0.93275247)
(376770, 0.93275247)
(235669, 0.93275247)
(334740, 0.93275247)
(165259, 0.93275247)
(50749, 0.93275247)
(241627, 0.93275247)
(325295, 0.93275247)
(295799, 0.93275239)
(55008, 0.93275239)
(234068, 0.93275239)
(301301, 0.93275239)
(18294, 0.93275239)
(377295, 0.93275239)
(106350, 0.93275239)
(84582, 0.93275239)
(412943, 0.93275239)
(388466, 0.93275239)
(152188, 0.93275239)
(150782, 0.93275239)
(47304, 0.93274551)
(396178, 0.93274551)
(21766, 0.93274551)
(24187, 0.93274551)
(7895, 0.93274551)
(307388, 0.93274551)
(146277, 0.93274551)
(354490, 0.93274551)
(395312, 0.93274551)
(38555, 0.93274551)
(409651, 0.93274551)
(43268, 0.93274551)
(180769, 0.93274551)
(280570, 0.93274551)
(401717, 0.93274551)
(3245, 0.93274551)
(305947, 0.93274551)
(218723, 0.93274551)
(265581, 0.93274551)
(392113, 0.93274551)
(63519, 0.93274551)
(230718, 0.93274551)
(316040, 0.93274551)
(56679, 0.93274551)
(338938, 0.93274551)
(331293, 0.93274551)
(30584, 0.93274551)
(110394, 0.93274551)
(239364, 0.93274551)
(181363, 0.93274551)
(332620, 0.93274551)
(106296, 0.93274551)
(45508, 0.93274551)
(89928, 0.93274551)
(194050, 0.93274551)
(231074, 0.93274551)
(205480, 0.93274551)
(352781, 0.93274551)
(292375, 0.93274543)
(386469, 0.93274543)
(338001, 0.93274543)
(2078, 0.93274543)
(242217, 0.93274543)
(374613, 0.93274543)
(358193, 0.93274543)
(359497, 0.93274543)
(375499, 0.93274543)
(140409, 0.93274543)
(284276, 0.93274543)
(375550, 0.93274543)
(33273, 0.93274543)
(378062, 0.93274543)
(338138, 0.93274543)
(15679, 0.93274543)
(79603, 0.93274543)
(225878, 0.93274543)
(279779, 0.93274543)
(108498, 0.93274543)
(367629, 0.93274543)
(267209, 0.93274543)
(109212, 0.93274543)
(204665, 0.93274543)
(47588, 0.93274543)
(193984, 0.93274543)
(203348, 0.93274543)
(414443, 0.93274543)
(43820, 0.93274543)
(409823, 0.93273855)
(123327, 0.93273855)
(202477, 0.93273855)
(206948, 0.93273855)
(150332, 0.93273855)
(215573, 0.93273855)
(287679, 0.93273855)
(288235, 0.93273855)
(304053, 0.93273855)
(354164, 0.93273855)
(232691, 0.93273855)
(91630, 0.93273855)
(115047, 0.93273855)
(233931, 0.93273855)
(190550, 0.93273855)
(20515, 0.93273855)
(246064, 0.93273847)
(336788, 0.93273847)
(110650, 0.93273847)
(221154, 0.93273847)
(314326, 0.93273847)
(120121, 0.93273847)
(302387, 0.93273847)
(390051, 0.93273847)
(156112, 0.93273847)
(73951, 0.93273847)
(273918, 0.93273847)
(105459, 0.93273847)
(340478, 0.93273847)
(251169, 0.93273847)
(32333, 0.93273847)
(158931, 0.93273847)
(290127, 0.93273847)
(200969, 0.93273847)
(290932, 0.93273847)
(118807, 0.93273847)
(113195, 0.93273847)
(339374, 0.93273847)
(152040, 0.93273847)
(291220, 0.93273847)
(304689, 0.93273847)
(38800, 0.93273847)
(384579, 0.93273847)
(64405, 0.93273847)
(220176, 0.93273847)
(91002, 0.93273847)
(166502, 0.93273839)
(270103, 0.93273839)
(356178, 0.93273839)
(257078, 0.93273839)
(65078, 0.93273159)
(77360, 0.93273159)
(79383, 0.93273151)
(88333, 0.93273151)
(64712, 0.93273151)
(36760, 0.93273151)
(159952, 0.93273151)
(135001, 0.93273151)
(160753, 0.93273151)
(5367, 0.93273151)
(92781, 0.93273151)
(188259, 0.93273151)
(161130, 0.93273151)
(156231, 0.93273151)
(39517, 0.93273151)
(370457, 0.93273151)
(325770, 0.93273151)
(48031, 0.93273151)
(282647, 0.93273151)
(100375, 0.93273151)
(118362, 0.93273151)
(136411, 0.93273142)
(240610, 0.93273142)
(132334, 0.93273142)
(50108, 0.93273142)
(343694, 0.93273142)
(334825, 0.93273142)
(409261, 0.93273142)
(70493, 0.93273142)
(405883, 0.93272455)
(36949, 0.93272455)
(66863, 0.93272455)
(227437, 0.93272455)
(384063, 0.93272455)
(90668, 0.93272446)
(19064, 0.93272446)
(70147, 0.93272446)
(317587, 0.93272446)
(248542, 0.93272446)
(21788, 0.93272446)
(267264, 0.93272446)
(46160, 0.93272446)
(286741, 0.93272446)
(289495, 0.93272438)
(33470, 0.93271758)
(150957, 0.93271758)
(188281, 0.9327175)
(43044, 0.9327175)
(114223, 0.9327175)
(112043, 0.9327175)
(166158, 0.9327175)
(96050, 0.9327175)
(336407, 0.9327175)
(321984, 0.93271742)
(376853, 0.93271742)
(146223, 0.93271054)
(108081, 0.93271054)
(338967, 0.93271054)
(364716, 0.93271054)
(27356, 0.93271046)
(96229, 0.93271046)
(98437, 0.93270358)
(275819, 0.93270341)
(310604, 0.93270341)
(173574, 0.93269637)
(180199, 0.93159001)
(196871, 0.93158993)
(75998, 0.93158993)
(346480, 0.93158993)
(249470, 0.93158993)
(212746, 0.93158993)
(391403, 0.93158993)
(338025, 0.93158296)
(50344, 0.93158296)
(125626, 0.93158296)
(198343, 0.93158296)
(194979, 0.93158296)
(66240, 0.93158296)
(318731, 0.93158296)
(74854, 0.93158296)
(331686, 0.93158296)
(158305, 0.93158296)
(273751, 0.93158296)
(216611, 0.93158296)
(319864, 0.93158296)
(172965, 0.93158296)
(94792, 0.93158296)
(409681, 0.93158296)
(395289, 0.93158296)
(326390, 0.93158296)
(202835, 0.93158296)
(192826, 0.93158296)
(132588, 0.93158296)
(57353, 0.93158296)
(386968, 0.93158296)
(394026, 0.93158296)
(245608, 0.931576)
(284866, 0.931576)
(99930, 0.931576)
(406439, 0.931576)
(391717, 0.931576)
(205004, 0.931576)
(105899, 0.931576)
(282271, 0.931576)
(297576, 0.931576)
(6196, 0.931576)
(210674, 0.931576)
(314484, 0.931576)
(294460, 0.931576)
(259813, 0.931576)
(322147, 0.931576)
(192710, 0.931576)
(152668, 0.931576)
(322497, 0.931576)
(361706, 0.931576)
(290094, 0.931576)
(13560, 0.931576)
(412357, 0.931576)
(221033, 0.931576)
(359997, 0.931576)
(120751, 0.931576)
(252186, 0.931576)
(54169, 0.931576)
(26895, 0.931576)
(48163, 0.931576)
(48844, 0.931576)
(122874, 0.931576)
(330214, 0.931576)
(396409, 0.931576)
(135686, 0.931576)
(333946, 0.93157592)
(417745, 0.93157592)
(92168, 0.93157592)
(216093, 0.93157592)
(90712, 0.93157592)
(414214, 0.93157592)
(305041, 0.93157592)
(12171, 0.93157592)
(130438, 0.93156904)
(144313, 0.93156904)
(394537, 0.93156904)
(158008, 0.93156904)
(21658, 0.93156904)
(121636, 0.93156904)
(5649, 0.93156904)
(93734, 0.93156904)
(214172, 0.93156904)
(294091, 0.93156904)
(171479, 0.93156904)
(351923, 0.93156904)
(113179, 0.93156904)
(287464, 0.93156904)
(210800, 0.93156904)
(41584, 0.93156904)
(124771, 0.93156904)
(7769, 0.93156904)
(225304, 0.93156904)
(412707, 0.93156904)
(90019, 0.93156904)
(13714, 0.93156904)
(187220, 0.93156904)
(352002, 0.93156904)
(230863, 0.93156904)
(256691, 0.93156904)
(21915, 0.93156904)
(113718, 0.93156904)
(103231, 0.93156904)
(285679, 0.93156904)
(292264, 0.93156904)
(96216, 0.93156904)
(4707, 0.93156904)
(44787, 0.93156904)
(29858, 0.93156904)
(259770, 0.93156904)
(326237, 0.93156904)
(29778, 0.93156904)
(247274, 0.93156904)
(256827, 0.93156904)
(148897, 0.93156904)
(166085, 0.93156904)
(114511, 0.93156904)
(401635, 0.93156904)
(89784, 0.93156904)
(285377, 0.93156904)
(55064, 0.93156904)
(226211, 0.93156896)
(410259, 0.93156896)
(81487, 0.93156896)
(270235, 0.93156896)
(354420, 0.93156896)
(87852, 0.93156896)
(15972, 0.93156896)
(315594, 0.93156896)
(331233, 0.93156896)
(155466, 0.93156896)
(88154, 0.93156896)
(186406, 0.93156896)
(322880, 0.93156896)
(300011, 0.93156896)
(24708, 0.93156896)
(166665, 0.93156896)
(34220, 0.93156896)
(239564, 0.93156896)
(102252, 0.93156208)
(352275, 0.93156208)
(265300, 0.93156208)
(265884, 0.93156208)
(59780, 0.93156208)
(371045, 0.93156208)
(30330, 0.93156208)
(85018, 0.93156208)
(79749, 0.93156208)
(280844, 0.93156208)
(395640, 0.93156208)
(51306, 0.93156208)
(184318, 0.93156208)
(403899, 0.93156208)
(3105, 0.93156208)
(98208, 0.93156208)
(243444, 0.93156208)
(392081, 0.93156208)
(30057, 0.93156208)
(113338, 0.93156208)
(76173, 0.931562)
(100821, 0.931562)
(112158, 0.931562)
(239430, 0.931562)
(395535, 0.931562)
(230022, 0.931562)
(299304, 0.931562)
(242042, 0.931562)
(247393, 0.931562)
(110348, 0.931562)
(349623, 0.931562)
(131442, 0.931562)
(338866, 0.931562)
(140499, 0.931562)
(360527, 0.931562)
(95421, 0.931562)
(12045, 0.931562)
(344058, 0.931562)
(231355, 0.931562)
(297328, 0.931562)
(393105, 0.931562)
(286395, 0.931562)
(200434, 0.931562)
(309792, 0.931562)
(4701, 0.931562)
(19754, 0.931562)
(3974, 0.931562)
(17227, 0.931562)
(169729, 0.931562)
(79988, 0.931562)
(240851, 0.931562)
(246692, 0.931562)
(111921, 0.931562)
(246076, 0.931562)
(341607, 0.931562)
(135879, 0.931562)
(406080, 0.931562)
(94000, 0.931562)
(55750, 0.931562)
(273429, 0.931562)
(36367, 0.931562)
(236379, 0.931562)
(50645, 0.931562)
(26808, 0.931562)
(207151, 0.931562)
(398032, 0.931562)
(124972, 0.93156191)
(74997, 0.93156191)
(72939, 0.93156191)
(172616, 0.93155512)
(334328, 0.93155512)
(132503, 0.93155512)
(113481, 0.93155512)
(155403, 0.93155504)
(37273, 0.93155504)
(134469, 0.93155504)
(34644, 0.93155504)
(208310, 0.93155504)
(158765, 0.93155504)
(31334, 0.93155504)
(373926, 0.93155504)
(172785, 0.93155504)
(220399, 0.93155504)
(164436, 0.93155504)
(297484, 0.93155504)
(353236, 0.93155504)
(361239, 0.93155504)
(98184, 0.93155504)
(234117, 0.93155504)
(232299, 0.93155504)
(308883, 0.93155504)
(290007, 0.93155504)
(4383, 0.93155504)
(109520, 0.93155504)
(52537, 0.93155504)
(44086, 0.93155504)
(33795, 0.93155504)
(136774, 0.93155504)
(381244, 0.93155504)
(150144, 0.93155504)
(358943, 0.93155504)
(209618, 0.93155504)
(125126, 0.93155504)
(332483, 0.93155504)
(55960, 0.93155504)
(173226, 0.93155495)
(257533, 0.93155495)
(157856, 0.93155495)
(229477, 0.93155495)
(406157, 0.93155495)
(98464, 0.93155495)
(315389, 0.93155495)
(298396, 0.93155495)
(284845, 0.93155495)
(46588, 0.93155495)
(20069, 0.93154816)
(369542, 0.93154816)
(337603, 0.93154816)
(14127, 0.93154816)
(412440, 0.93154807)
(308636, 0.93154807)
(42414, 0.93154807)
(296028, 0.93154807)
(50374, 0.93154807)
(370990, 0.93154807)
(313649, 0.93154807)
(264347, 0.93154807)
(395405, 0.93154807)
(98963, 0.93154807)
(84213, 0.93154807)
(159634, 0.93154807)
(100310, 0.93154799)
(251989, 0.93154799)
(120841, 0.93154799)
(343800, 0.93154799)
(52209, 0.93154799)
(320619, 0.93154799)
(401714, 0.93154799)
(279483, 0.93154799)
(372722, 0.93154799)
(321194, 0.93154799)
(334815, 0.93154799)
(280490, 0.93154799)
(64992, 0.93154799)
(268891, 0.93154799)
(350265, 0.93154799)
(204009, 0.9315412)
(120502, 0.93154111)
(59989, 0.93154111)
(237618, 0.93154111)
(363857, 0.93154103)
(398288, 0.93154103)
(207570, 0.93154103)
(21996, 0.93154103)
(395051, 0.93154103)
(258649, 0.93154103)
(180369, 0.93154103)
(102408, 0.93154103)
(59011, 0.93154103)
(352146, 0.93154103)
(94912, 0.93154103)
(416159, 0.93154095)
(122702, 0.93154095)
(353602, 0.93154095)
(396837, 0.93154095)
(115042, 0.93153407)
(309037, 0.93153407)
(379261, 0.93153407)
(292653, 0.93153407)
(203660, 0.93153399)
(192231, 0.93153399)
(107328, 0.93153399)
(144843, 0.93153399)
(101678, 0.93153399)
(85196, 0.93153399)
(23044, 0.93153399)
(73732, 0.9315339)
(392335, 0.93152711)
(319597, 0.93152703)
(56359, 0.93152703)
(131094, 0.93152694)
(346341, 0.93151998)
(386489, 0.93041354)
(317376, 0.93041346)
(90481, 0.93041346)
(296618, 0.93041346)
(61170, 0.93041346)
(353193, 0.93040649)
(1533, 0.93040649)
(382594, 0.93040649)
(356533, 0.93040649)
(5349, 0.93040649)
(120874, 0.93040649)
(258953, 0.93040649)
(96732, 0.93040649)
(309125, 0.93040649)
(403031, 0.93040649)
(248711, 0.93040649)
(204975, 0.93040649)
(318819, 0.93040649)
(295139, 0.93040649)
(123302, 0.93040649)
(240092, 0.93040649)
(110809, 0.93040649)
(293617, 0.93040649)
(371932, 0.93039962)
(87087, 0.93039953)
(69079, 0.93039953)
(254383, 0.93039953)
(149295, 0.93039953)
(375373, 0.93039953)
(272861, 0.93039953)
(333465, 0.93039953)
(147433, 0.93039953)
(360678, 0.93039953)
(294770, 0.93039953)
(189881, 0.93039953)
(395851, 0.93039953)
(137245, 0.93039953)
(245492, 0.93039953)
(121013, 0.93039953)
(19923, 0.93039953)
(255882, 0.93039953)
(246014, 0.93039953)
(13998, 0.93039953)
(205393, 0.93039953)
(51162, 0.93039953)
(63274, 0.93039953)
(306460, 0.93039953)
(231711, 0.93039953)
(117641, 0.93039953)
(154741, 0.93039953)
(182452, 0.93039953)
(78524, 0.93039953)
(12026, 0.93039953)
(216401, 0.93039953)
(226200, 0.93039953)
(233267, 0.93039953)
(217300, 0.93039953)
(74659, 0.93039953)
(179658, 0.93039945)
(310613, 0.93039945)
(187732, 0.93039945)
(5123, 0.93039945)
(220772, 0.93039945)
(275244, 0.93039945)
(332677, 0.93039945)
(359164, 0.93039945)
(379403, 0.93039945)
(82026, 0.93039257)
(227208, 0.93039257)
(168802, 0.93039257)
(96330, 0.93039257)
(182651, 0.93039257)
(19239, 0.93039257)
(189807, 0.93039257)
(305482, 0.93039257)
(373341, 0.93039257)
(378762, 0.93039257)
(316461, 0.93039257)
(412313, 0.93039257)
(232030, 0.93039257)
(18222, 0.93039257)
(302190, 0.93039257)
(347246, 0.93039257)
(33700, 0.93039257)
(391217, 0.93039257)
(81643, 0.93039257)
(399971, 0.93039257)
(312305, 0.93039257)
(292246, 0.93039257)
(383423, 0.93039257)
(356214, 0.93039257)
(330639, 0.93039257)
(231585, 0.93039257)
(123314, 0.93039257)
(362138, 0.93039257)
(170364, 0.93039257)
(305026, 0.93039249)
(300231, 0.93039249)
(154733, 0.93039249)
(262306, 0.93039249)
(190080, 0.93039249)
(171762, 0.93039249)
(341318, 0.93039249)
(408426, 0.93039249)
(139646, 0.93039249)
(394372, 0.93039249)
(124899, 0.93039249)
(328557, 0.93039249)
(192498, 0.93039249)
(391636, 0.93039249)
(93384, 0.93039249)
(78547, 0.93039249)
(228925, 0.93039249)
(139534, 0.93039249)
(94902, 0.93039249)
(104468, 0.93039249)
(312241, 0.93039249)
(167678, 0.93039249)
(133956, 0.93039249)
(180889, 0.93039249)
(261235, 0.93039249)
(149451, 0.93038561)
(205433, 0.93038561)
(102257, 0.93038561)
(362920, 0.93038561)
(356484, 0.93038561)
(130659, 0.93038561)
(20878, 0.93038561)
(218976, 0.93038561)
(48042, 0.93038561)
(277504, 0.93038561)
(184027, 0.93038561)
(1371, 0.93038561)
(160983, 0.93038561)
(288354, 0.93038561)
(171670, 0.93038561)
(418898, 0.93038561)
(257859, 0.93038561)
(84616, 0.93038561)
(333905, 0.93038561)
(303663, 0.93038561)
(323112, 0.93038561)
(146807, 0.93038561)
(330136, 0.93038561)
(253302, 0.93038561)
(107697, 0.93038561)
(78465, 0.93038561)
(114325, 0.93038553)
(405663, 0.93038553)
(274421, 0.93038553)
(158791, 0.93038553)
(137804, 0.93038553)
(77353, 0.93038553)
(221416, 0.93038553)
(403308, 0.93038553)
(224848, 0.93038553)
(300067, 0.93038553)
(321682, 0.93038553)
(5998, 0.93038553)
(389553, 0.93038553)
(142633, 0.93038553)
(88180, 0.93038553)
(144267, 0.93038553)
(380970, 0.93038553)
(147185, 0.93038553)
(243, 0.93038553)
(102306, 0.93038553)
(128754, 0.93038553)
(99356, 0.93038553)
(191255, 0.93038553)
(216908, 0.93038553)
(100293, 0.93038553)
(410295, 0.93038553)
(153291, 0.93038553)
(250780, 0.93038553)
(106345, 0.93038553)
(168170, 0.93038553)
(381189, 0.93038553)
(342884, 0.93038553)
(183130, 0.93038544)
(83966, 0.93038544)
(12161, 0.93038544)
(270329, 0.93037865)
(328247, 0.93037865)
(185792, 0.93037865)
(374406, 0.93037865)
(73051, 0.93037865)
(129860, 0.93037865)
(7926, 0.93037865)
(378577, 0.93037865)
(260434, 0.93037865)
(177203, 0.93037865)
(149501, 0.93037865)
(172583, 0.93037865)
(240297, 0.93037865)
(354369, 0.93037865)
(402035, 0.93037857)
(89366, 0.93037857)
(400736, 0.93037857)
(208002, 0.93037857)
(69494, 0.93037857)
(311275, 0.93037857)
(307428, 0.93037857)
(220327, 0.93037857)
(370005, 0.93037857)
(141263, 0.93037857)
(407952, 0.93037857)
(344020, 0.93037857)
(129721, 0.93037857)
(340515, 0.93037857)
(393901, 0.93037857)
(260006, 0.93037857)
(347146, 0.93037857)
(340104, 0.93037857)
(66797, 0.93037857)
(208060, 0.93037857)
(412322, 0.93037857)
(316315, 0.93037857)
(81702, 0.93037857)
(238886, 0.93037857)
(122970, 0.93037857)
(196499, 0.93037857)
(16445, 0.93037857)
(418408, 0.93037848)
(403320, 0.93037848)
(138929, 0.93037848)
(395970, 0.93037848)
(288454, 0.93037848)
(89072, 0.93037848)
(17513, 0.93037848)
(257618, 0.93037848)
(356344, 0.93037848)
(304410, 0.93037848)
(253414, 0.93037848)
(271109, 0.93037848)
(105182, 0.93037848)
(303583, 0.93037169)
(373195, 0.93037169)
(30755, 0.9303716)
(226046, 0.9303716)
(79953, 0.9303716)
(224875, 0.9303716)
(233215, 0.9303716)
(392162, 0.9303716)
(136653, 0.9303716)
(381228, 0.9303716)
(400955, 0.9303716)
(38924, 0.9303716)
(395977, 0.9303716)
(86679, 0.9303716)
(37799, 0.9303716)
(94699, 0.9303716)
(170856, 0.9303716)
(162941, 0.9303716)
(321761, 0.9303716)
(13289, 0.9303716)
(247797, 0.9303716)
(103047, 0.9303716)
(167673, 0.9303716)
(172258, 0.9303716)
(175942, 0.93037152)
(188387, 0.93037152)
(274837, 0.93037152)
(352223, 0.93037152)
(328410, 0.93037152)
(279030, 0.93037152)
(205874, 0.93037152)
(110356, 0.93037152)
(10354, 0.93037152)
(171269, 0.93037152)
(339220, 0.93037152)
(278633, 0.93037152)
(417557, 0.93037152)
(317241, 0.93037152)
(271762, 0.93037152)
(218353, 0.93037152)
(92895, 0.93037152)
(228142, 0.93037152)
(25159, 0.93037152)
(416145, 0.93037152)
(76497, 0.93037152)
(394852, 0.93037152)
(209346, 0.93037152)
(340565, 0.93037152)
(281745, 0.93037152)
(220784, 0.93037152)
(6901, 0.93037152)
(88543, 0.93037152)
(369982, 0.93037152)
(141817, 0.93037152)
(209394, 0.93037152)
(305072, 0.93037152)
(192332, 0.93037152)
(186375, 0.93037152)
(189950, 0.93037144)
(157040, 0.93036464)
(310135, 0.93036464)
(366874, 0.93036464)
(18835, 0.93036464)
(380301, 0.93036464)
(196921, 0.93036464)
(383338, 0.93036456)
(250723, 0.93036456)
(91635, 0.93036456)
(115722, 0.93036456)
(252792, 0.93036456)
(111447, 0.93036456)
(204791, 0.93036456)
(118416, 0.93036456)
(305262, 0.93036456)
(153652, 0.93036456)
(94438, 0.93036456)
(65799, 0.93036456)
(147319, 0.93036456)
(139845, 0.93036456)
(415170, 0.93036456)
(305884, 0.93036456)
(92825, 0.93036456)
(271930, 0.93036456)
(320044, 0.93036456)
(257569, 0.93036456)
(402828, 0.93036456)
(217152, 0.93036456)
(117648, 0.93036456)
(267391, 0.93036456)
(94082, 0.93036456)
(166772, 0.93036456)
(350006, 0.93036456)
(142802, 0.93036456)
(9460, 0.93036456)
(334387, 0.93036448)
(58034, 0.93036448)
(160240, 0.93036448)
(150020, 0.93036448)
(101034, 0.93036448)
(88551, 0.93036448)
(79213, 0.93036448)
(77003, 0.93036448)
(389941, 0.93036448)
(57693, 0.93036448)
(225034, 0.93035776)
(296340, 0.93035768)
(258348, 0.93035768)
(285759, 0.93035768)
(197288, 0.93035768)
(335232, 0.9303576)
(163490, 0.9303576)
(275100, 0.9303576)
(37575, 0.9303576)
(282111, 0.9303576)
(195460, 0.9303576)
(241076, 0.9303576)
(406257, 0.9303576)
(156565, 0.9303576)
(88577, 0.9303576)
(100716, 0.93035752)
(317658, 0.93035752)
(175346, 0.93035752)
(332881, 0.93035752)
(384878, 0.93035064)
(54761, 0.93035064)
(371794, 0.93035055)
(202536, 0.93035055)
(315621, 0.93035055)
(405965, 0.93035055)
(33638, 0.93035047)
(227679, 0.93035047)
(403801, 0.93035047)
(414060, 0.93034368)
(125123, 0.93034368)
(291856, 0.93034359)
(327881, 0.93034351)
(290593, 0.93032959)
(419740, 0.9303295)
(375735, 0.92923698)
(376430, 0.92923698)
(323050, 0.92923002)
(116096, 0.92923002)
(306486, 0.92923002)
(272747, 0.92923002)
(132581, 0.92923002)
(110969, 0.92923002)
(309781, 0.92923002)
(273947, 0.92923002)
(189536, 0.92923002)
(170443, 0.92923002)
(260033, 0.92923002)
(93727, 0.92922306)
(169985, 0.92922306)
(408610, 0.92922306)
(94561, 0.92922306)
(54290, 0.92922306)
(390049, 0.92922306)
(84087, 0.92922306)
(10682, 0.92922306)
(412326, 0.92922306)
(54439, 0.92922306)
(411906, 0.92922306)
(79479, 0.92922306)
(2923, 0.92922306)
(164765, 0.92922306)
(171409, 0.92922306)
(165342, 0.92922306)
(92834, 0.92922306)
(331374, 0.92922306)
(285442, 0.92922306)
(256942, 0.92922306)
(151615, 0.92922306)
(239965, 0.92922306)
(234620, 0.92922306)
(99144, 0.92922306)
(209527, 0.92922306)
(355293, 0.92922306)
(277207, 0.92922306)
(28188, 0.92922306)
(344762, 0.92922306)
(43848, 0.92922298)
(5475, 0.9292161)
(152169, 0.9292161)
(132211, 0.9292161)
(124920, 0.9292161)
(67194, 0.9292161)
(378431, 0.9292161)
(280272, 0.9292161)
(253029, 0.9292161)
(174906, 0.9292161)
(121429, 0.9292161)
(401383, 0.9292161)
(362192, 0.9292161)
(262511, 0.9292161)
(162259, 0.9292161)
(42801, 0.9292161)
(23654, 0.9292161)
(4334, 0.9292161)
(109474, 0.9292161)
(18648, 0.9292161)
(105978, 0.9292161)
(210630, 0.9292161)
(158844, 0.9292161)
(97129, 0.9292161)
(303580, 0.9292161)
(65141, 0.9292161)
(158582, 0.9292161)
(291809, 0.9292161)
(213279, 0.9292161)
(284051, 0.9292161)
(248786, 0.9292161)
(54308, 0.9292161)
(8482, 0.9292161)
(31041, 0.9292161)
(126175, 0.9292161)
(230567, 0.9292161)
(121549, 0.9292161)
(308084, 0.9292161)
(315218, 0.9292161)
(158540, 0.9292161)
(6337, 0.9292161)
(75869, 0.9292161)
(322012, 0.9292161)
(124008, 0.9292161)
(414937, 0.92921602)
(225361, 0.92921602)
(318001, 0.92921602)
(383866, 0.92921602)
(114197, 0.92921602)
(51455, 0.92921602)
(226987, 0.92921602)
(214855, 0.92921602)
(176166, 0.92921602)
(177453, 0.92920914)
(186706, 0.92920914)
(388834, 0.92920914)
(182306, 0.92920914)
(168906, 0.92920914)
(349621, 0.92920914)
(37630, 0.92920914)
(221576, 0.92920914)
(178767, 0.92920914)
(417764, 0.92920914)
(270491, 0.92920914)
(172274, 0.92920914)
(85045, 0.92920914)
(226749, 0.92920914)
(269518, 0.92920914)
(345511, 0.92920914)
(145502, 0.92920914)
(179990, 0.92920914)
(105802, 0.92920914)
(342931, 0.92920914)
(229381, 0.92920914)
(181626, 0.92920914)
(270075, 0.92920914)
(202139, 0.92920914)
(195253, 0.92920914)
(143017, 0.92920914)
(62873, 0.92920914)
(166206, 0.92920914)
(376101, 0.92920906)
(227582, 0.92920906)
(279432, 0.92920906)
(92017, 0.92920906)
(406343, 0.92920906)
(76291, 0.92920906)
(32226, 0.92920906)
(333446, 0.92920906)
(332344, 0.92920906)
(32592, 0.92920906)
(43637, 0.92920906)
(302829, 0.92920906)
(168160, 0.92920906)
(30271, 0.92920906)
(234574, 0.92920906)
(393086, 0.92920906)
(246261, 0.92920906)
(85122, 0.92920906)
(14923, 0.92920906)
(409007, 0.92920906)
(110744, 0.92920906)
(3576, 0.92920906)
(191947, 0.92920906)
(341372, 0.92920906)
(177856, 0.92920906)
(371789, 0.92920906)
(389213, 0.92920906)
(88688, 0.92920906)
(381941, 0.92920906)
(363480, 0.92920906)
(244261, 0.92920906)
(251008, 0.92920897)
(3807, 0.92920897)
(111486, 0.92920897)
(140269, 0.92920897)
(179207, 0.92920218)
(56917, 0.92920218)
(344185, 0.92920218)
(320128, 0.92920218)
(46595, 0.92920218)
(326964, 0.92920218)
(96007, 0.92920218)
(221727, 0.92920218)
(366198, 0.92920218)
(417194, 0.92920218)
(7257, 0.92920218)
(105450, 0.92920218)
(335593, 0.92920218)
(91900, 0.9292021)
(55591, 0.9292021)
(55818, 0.9292021)
(333916, 0.9292021)
(269141, 0.9292021)
(390272, 0.9292021)
(264883, 0.9292021)
(262970, 0.9292021)
(225086, 0.9292021)
(311304, 0.9292021)
(100960, 0.9292021)
(248224, 0.9292021)
(114955, 0.9292021)
(177712, 0.9292021)
(269787, 0.9292021)
(67227, 0.9292021)
(102803, 0.9292021)
(169116, 0.9292021)
(112479, 0.9292021)
(102475, 0.9292021)
(76346, 0.9292021)
(358614, 0.9292021)
(270107, 0.9292021)
(108545, 0.9292021)
(102217, 0.9292021)
(200351, 0.9292021)
(163098, 0.9292021)
(223139, 0.9292021)
(6668, 0.9292021)
(314465, 0.9292021)
(356703, 0.9292021)
(288338, 0.9292021)
(172755, 0.9292021)
(385461, 0.9292021)
(338560, 0.9292021)
(154381, 0.9292021)
(63019, 0.9292021)
(273300, 0.9292021)
(328606, 0.9292021)
(89129, 0.9292021)
(351365, 0.9292021)
(387477, 0.9292021)
(396906, 0.9292021)
(5830, 0.9292021)
(276390, 0.9292021)
(257048, 0.9292021)
(239525, 0.92920201)
(130816, 0.92920201)
(21734, 0.92920201)
(24180, 0.92920201)
(135215, 0.92920201)
(167085, 0.92920201)
(312849, 0.92920201)
(145967, 0.92920201)
(384554, 0.92920201)
(56726, 0.92920201)
(271689, 0.92920201)
(416192, 0.92920201)
(131906, 0.92920201)
(109513, 0.92920201)
(368653, 0.92919522)
(184971, 0.92919522)
(334810, 0.92919522)
(324334, 0.92919522)
(62171, 0.92919522)
(278749, 0.92919522)
(210004, 0.92919522)
(360144, 0.92919513)
(62827, 0.92919513)
(116630, 0.92919513)
(2982, 0.92919513)
(234445, 0.92919513)
(336199, 0.92919513)
(406696, 0.92919513)
(60356, 0.92919513)
(159830, 0.92919513)
(266030, 0.92919513)
(71161, 0.92919513)
(31825, 0.92919513)
(55924, 0.92919513)
(78583, 0.92919513)
(26764, 0.92919513)
(156974, 0.92919513)
(339879, 0.92919513)
(374924, 0.92919513)
(216149, 0.92919513)
(98240, 0.92919513)
(252770, 0.92919513)
(91777, 0.92919513)
(141754, 0.92919513)
(275773, 0.92919513)
(160713, 0.92919513)
(49697, 0.92919513)
(218890, 0.92919505)
(184697, 0.92919505)
(392301, 0.92919505)
(419132, 0.92919505)
(350208, 0.92919505)
(46539, 0.92919505)
(54461, 0.92919505)
(401527, 0.92919505)
(163323, 0.92919505)
(354482, 0.92919505)
(325229, 0.92919505)
(188630, 0.92919505)
(265658, 0.92919505)
(364764, 0.92919505)
(84367, 0.92919505)
(313386, 0.92919505)
(108987, 0.92919505)
(331630, 0.92919505)
(56800, 0.92919505)
(29048, 0.92919505)
(137553, 0.92919505)
(8515, 0.92919505)
(341257, 0.92919505)
(49284, 0.92919505)
(157590, 0.92919505)
(239071, 0.92919505)
(267985, 0.92919505)
(84313, 0.92919505)
(287465, 0.92919497)
(399332, 0.92919497)
(354223, 0.92918826)
(185309, 0.92918826)
(391409, 0.92918817)
(324926, 0.92918817)
(60862, 0.92918817)
(397330, 0.92918817)
(376618, 0.92918817)
(400715, 0.92918817)
(344949, 0.92918817)
(338371, 0.92918817)
(235765, 0.92918817)
(383046, 0.92918817)
(33071, 0.92918817)
(274001, 0.92918817)
(383342, 0.92918817)
(7759, 0.92918817)
(379443, 0.92918817)
(124640, 0.92918817)
(408658, 0.92918817)
(145680, 0.92918817)
(123550, 0.92918817)
(401167, 0.92918817)
(171683, 0.92918817)
(48598, 0.92918817)
(262541, 0.92918817)
(151020, 0.92918809)
(81739, 0.92918809)
(250414, 0.92918809)
(311015, 0.92918809)
(402710, 0.92918809)
(203150, 0.92918809)
(87769, 0.92918809)
(32701, 0.92918809)
(331503, 0.92918809)
(8708, 0.92918809)
(9856, 0.92918809)
(3612, 0.92918809)
(349746, 0.92918809)
(118398, 0.92918809)
(119563, 0.92918809)
(387519, 0.92918809)
(110940, 0.92918809)
(55506, 0.92918809)
(250060, 0.92918809)
(244569, 0.92918809)
(136650, 0.92918809)
(344015, 0.92918801)
(393871, 0.92918801)
(150129, 0.92918801)
(416766, 0.92918801)
(49849, 0.92918801)
(151646, 0.92918801)
(90673, 0.92918801)
(316795, 0.92918801)
(105996, 0.92918801)
(29718, 0.92918801)
(177527, 0.92918121)
(384015, 0.92918121)
(294844, 0.92918113)
(218230, 0.92918113)
(331649, 0.92918113)
(357339, 0.92918113)
(368288, 0.92918113)
(310466, 0.92918113)
(130793, 0.92918113)
(180361, 0.92918113)
(398211, 0.92918113)
(158995, 0.92918113)
(50547, 0.92918113)
(284691, 0.92918113)
(91116, 0.92918113)
(117314, 0.92918113)
(51189, 0.92918105)
(306279, 0.92918105)
(154543, 0.92918105)
(121376, 0.92918105)
(221379, 0.92918105)
(315444, 0.92918105)
(216072, 0.92918105)
(119331, 0.92918105)
(311151, 0.92918105)
(414399, 0.92918105)
(274285, 0.92918105)
(17308, 0.92918105)
(391652, 0.92918105)
(297592, 0.92917417)
(313100, 0.92917417)
(379429, 0.92917417)
(31010, 0.92917408)
(405749, 0.92917408)
(14647, 0.92917408)
(83180, 0.92917408)
(322978, 0.92917408)
(45873, 0.92917408)
(18036, 0.92917408)
(294884, 0.92917408)
(26671, 0.92917408)
(402463, 0.92917408)
(117252, 0.92916721)
(155228, 0.92916712)
(186980, 0.92916712)
(354585, 0.92916712)
(294023, 0.92916712)
(413671, 0.92916712)
(92526, 0.92916712)
(260517, 0.92916704)
(363740, 0.92916704)
(88171, 0.92916704)
(361584, 0.92916024)
(209546, 0.92916016)
(61827, 0.92916016)
(85478, 0.92916016)
(351649, 0.92916008)
(418974, 0.92916)
(317419, 0.92916)
(43154, 0.92915312)
(142904, 0.92915303)
(11207, 0.9280606)
(274619, 0.92806051)
(40182, 0.92806051)
(89139, 0.92806051)
(274646, 0.92806051)
(116476, 0.92805355)
(384806, 0.92805355)
(250280, 0.92805355)
(215532, 0.92805355)
(100817, 0.92805355)
(10131, 0.92804667)
(403433, 0.92804659)
(186518, 0.92804659)
(83775, 0.92804659)
(320015, 0.92804659)
(295420, 0.92804659)
(105732, 0.92804659)
(92630, 0.92804659)
(107316, 0.92804659)
(226428, 0.92804659)
(38608, 0.92804659)
(12260, 0.92804659)
(66703, 0.92804659)
(172147, 0.92804659)
(258438, 0.92804659)
(224202, 0.92804659)
(134109, 0.92804659)
(401096, 0.92804659)
(271811, 0.92804659)
(30795, 0.92804659)
(175180, 0.92804659)
(162809, 0.92804659)
(204947, 0.92804651)
(257293, 0.92804651)
(250597, 0.92803963)
(375892, 0.92803963)
(112299, 0.92803963)
(267204, 0.92803963)
(272640, 0.92803963)
(81383, 0.92803963)
(311455, 0.92803963)
(400855, 0.92803963)
(346866, 0.92803963)
(295004, 0.92803963)
(79091, 0.92803963)
(341870, 0.92803963)
(271148, 0.92803963)
(116168, 0.92803963)
(320587, 0.92803963)
(46426, 0.92803963)
(161298, 0.92803963)
(67083, 0.92803963)
(108733, 0.92803963)
(402151, 0.92803955)
(364261, 0.92803955)
(167917, 0.92803955)
(358589, 0.92803955)
(79366, 0.92803955)
(278364, 0.92803955)
(294143, 0.92803955)
(89921, 0.92803955)
(272859, 0.92803955)
(16935, 0.92803955)
(105072, 0.92803955)
(373522, 0.92803955)
(19976, 0.92803946)
(40664, 0.92803267)
(181494, 0.92803267)
(54463, 0.92803267)
(67954, 0.92803267)
(383656, 0.92803267)
(112949, 0.92803267)
(10939, 0.92803267)
(378276, 0.92803267)
(374795, 0.92803267)
(414544, 0.92803267)
(93753, 0.92803267)
(293390, 0.92803267)
(107845, 0.92803267)
(407032, 0.92803267)
(31213, 0.92803267)
(100575, 0.92803267)
(389414, 0.92803267)
(149954, 0.92803267)
(361321, 0.92803267)
(211788, 0.92803267)
(72953, 0.92803267)
(391942, 0.92803267)
(385035, 0.92803259)
(21690, 0.92803259)
(131716, 0.92803259)
(223228, 0.92803259)
(344063, 0.92803259)
(256358, 0.92803259)
(310897, 0.92803259)
(349202, 0.92803259)
(194855, 0.92803259)
(272281, 0.92803259)
(78749, 0.92803259)
(58581, 0.92803259)
(312687, 0.92803259)
(87350, 0.92803259)
(25503, 0.92803259)
(221911, 0.92803259)
(408114, 0.92803259)
(112352, 0.92803259)
(179997, 0.92803259)
(207645, 0.92803259)
(79283, 0.92803259)
(384035, 0.92803259)
(54973, 0.92803259)
(23919, 0.9280325)
(244686, 0.9280325)
(232150, 0.9280325)
(68349, 0.9280325)
(350635, 0.92802571)
(264995, 0.92802571)
(191381, 0.92802571)
(372932, 0.92802571)
(184197, 0.92802571)
(11468, 0.92802571)
(99668, 0.92802571)
(264353, 0.92802571)
(28474, 0.92802571)
(61333, 0.92802571)
(380763, 0.92802571)
(367109, 0.92802571)
(79320, 0.92802571)
(369807, 0.92802571)
(343261, 0.92802571)
(183227, 0.92802571)
(67917, 0.92802562)
(42584, 0.92802562)
(26024, 0.92802562)
(119668, 0.92802562)
(407203, 0.92802562)
(348062, 0.92802562)
(403709, 0.92802562)
(206032, 0.92802562)
(249379, 0.92802562)
(371490, 0.92802562)
(25222, 0.92802562)
(296922, 0.92802562)
(304511, 0.92802562)
(347763, 0.92802562)
(122323, 0.92802562)
(178829, 0.92802562)
(249481, 0.92802562)
(190097, 0.92802562)
(224576, 0.92802562)
(350340, 0.92802562)
(91270, 0.92802562)
(336687, 0.92802562)
(191284, 0.92802562)
(101444, 0.92802562)
(50764, 0.92802562)
(378706, 0.92802562)
(241574, 0.92802562)
(73933, 0.92802562)
(17101, 0.92802562)
(105372, 0.92802562)
(144537, 0.92802562)
(281850, 0.92802562)
(361949, 0.92802562)
(348876, 0.92802562)
(130036, 0.92802562)
(142333, 0.92802562)
(262275, 0.92802554)
(9017, 0.92802554)
(336326, 0.92802554)
(227973, 0.92802554)
(7505, 0.92802554)
(284006, 0.92802554)
(220767, 0.92802554)
(163787, 0.92802554)
(257896, 0.92802554)
(347741, 0.92802554)
(161035, 0.92802554)
(323574, 0.92801875)
(56212, 0.92801875)
(133884, 0.92801875)
(318662, 0.92801875)
(193736, 0.92801875)
(339959, 0.92801875)
(331234, 0.92801866)
(390204, 0.92801866)
(80528, 0.92801866)
(360587, 0.92801866)
(216871, 0.92801866)
(150734, 0.92801866)
(266191, 0.92801866)
(396103, 0.92801866)
(381699, 0.92801866)
(371901, 0.92801866)
(215519, 0.92801866)
(360435, 0.92801866)
(156027, 0.92801866)
(370284, 0.92801866)
(225889, 0.92801866)
(21002, 0.92801866)
(94799, 0.92801866)
(122541, 0.92801866)
(223243, 0.92801866)
(334780, 0.92801866)
(265149, 0.92801866)
(102391, 0.92801866)
(83309, 0.92801866)
(7618, 0.92801866)
(361610, 0.92801866)
(258318, 0.92801866)
(368398, 0.92801866)
(389215, 0.92801866)
(225220, 0.92801858)
(202324, 0.92801858)
(153079, 0.92801858)
(150606, 0.92801858)
(183477, 0.92801858)
(224518, 0.92801858)
(170196, 0.92801858)
(11046, 0.92801858)
(251785, 0.92801858)
(348691, 0.92801858)
(372616, 0.92801858)
(286857, 0.92801858)
(6280, 0.92801858)
(53340, 0.92801858)
(257679, 0.92801858)
(45552, 0.92801858)
(211757, 0.92801858)
(304336, 0.92801858)
(326005, 0.92801858)
(262960, 0.92801858)
(299834, 0.92801858)
(161495, 0.92801858)
(177828, 0.92801858)
(42691, 0.92801858)
(113726, 0.92801858)
(382834, 0.92801858)
(97696, 0.92801858)
(390427, 0.92801858)
(114634, 0.92801858)
(115595, 0.92801858)
(153074, 0.92801858)
(393018, 0.9280185)
(114348, 0.9280185)
(203987, 0.92801178)
(263754, 0.92801178)
(327793, 0.92801178)
(22398, 0.92801178)
(259058, 0.9280117)
(136472, 0.9280117)
(56211, 0.9280117)
(323366, 0.9280117)
(372756, 0.9280117)
(53111, 0.9280117)
(63403, 0.9280117)
(239239, 0.9280117)
(269146, 0.9280117)
(223403, 0.9280117)
(105540, 0.9280117)
(25110, 0.9280117)
(338969, 0.9280117)
(374177, 0.9280117)
(235596, 0.9280117)
(248506, 0.92801162)
(241950, 0.92801162)
(243860, 0.92801162)
(298072, 0.92801162)
(19854, 0.92801162)
(183761, 0.92801162)
(266680, 0.92801162)
(170025, 0.92801162)
(205243, 0.92801162)
(192322, 0.92801162)
(223458, 0.92801162)
(310447, 0.92801162)
(378881, 0.92801162)
(343444, 0.92801162)
(322464, 0.92801162)
(319462, 0.92801162)
(85676, 0.92801162)
(274436, 0.92801162)
(50612, 0.92801162)
(29036, 0.92801162)
(298291, 0.92801162)
(411368, 0.92801162)
(55115, 0.92801162)
(146699, 0.92801162)
(261293, 0.92801162)
(259784, 0.92801162)
(308238, 0.92801162)
(292025, 0.92801162)
(250217, 0.92801162)
(97639, 0.92801154)
(407728, 0.92801154)
(59451, 0.92801154)
(344263, 0.92801154)
(415105, 0.92801154)
(378823, 0.92801154)
(364014, 0.92801154)
(202752, 0.92800474)
(14033, 0.92800474)
(318327, 0.92800474)
(104254, 0.92800474)
(276055, 0.92800474)
(396977, 0.92800474)
(220067, 0.92800466)
(350193, 0.92800466)
(279454, 0.92800466)
(3361, 0.92800466)
(41119, 0.92800466)
(170854, 0.92800466)
(173740, 0.92800466)
(190452, 0.92800466)
(7071, 0.92800466)
(94020, 0.92800466)
(206450, 0.92800466)
(279816, 0.92800466)
(336338, 0.92800466)
(75037, 0.92800466)
(260208, 0.92800466)
(21133, 0.92800466)
(247568, 0.92800466)
(167920, 0.92800466)
(147575, 0.92800466)
(253041, 0.92800466)
(319534, 0.92800466)
(20356, 0.92800466)
(57266, 0.92800466)
(244681, 0.92800457)
(275923, 0.92800457)
(52583, 0.92800457)
(51388, 0.92800457)
(407314, 0.92800457)
(312311, 0.92800457)
(214864, 0.92800457)
(13457, 0.92800457)
(92201, 0.92800457)
(52065, 0.92800457)
(309246, 0.92800457)
(212314, 0.92800457)
(108309, 0.92800457)
(417986, 0.92800457)
(336529, 0.92800457)
(284704, 0.92800457)
(17671, 0.92800457)
(340911, 0.92800449)
(285720, 0.92799778)
(54212, 0.9279977)
(151696, 0.9279977)
(173060, 0.9279977)
(17381, 0.9279977)
(68908, 0.9279977)
(357136, 0.9279977)
(197051, 0.9279977)
(227184, 0.92799761)
(84274, 0.92799761)
(56856, 0.92799761)
(284968, 0.92799761)
(81541, 0.92799761)
(44675, 0.92799761)
(124702, 0.92799761)
(69566, 0.92799761)
(264030, 0.92799761)
(153868, 0.92799761)
(166796, 0.92799761)
(120123, 0.92799761)
(197755, 0.92799753)
(8261, 0.92799753)
(410627, 0.92799753)
(375782, 0.92799073)
(128762, 0.92799073)
(205396, 0.92799073)
(58595, 0.92799065)
(387244, 0.92799065)
(320234, 0.92799065)
(282812, 0.92799065)
(324434, 0.92799065)
(73699, 0.92799065)
(114595, 0.92799057)
(355047, 0.92799057)
(287972, 0.92799057)
(266799, 0.92799057)
(373759, 0.92799057)
(36854, 0.92799057)
(256671, 0.92799057)
(378225, 0.92798377)
(75017, 0.92798377)
(6479, 0.92798369)
(65319, 0.92798369)
(145086, 0.92798369)
(85242, 0.92798361)
(112309, 0.92798361)
(331688, 0.92798361)
(24375, 0.92798361)
(128281, 0.92798361)
(144999, 0.92798361)
(398454, 0.92798361)
(35423, 0.92798361)
(330855, 0.92798352)
(153260, 0.92798352)
(234844, 0.92798352)
(99403, 0.92797665)
(28821, 0.92797665)
(308349, 0.92797665)
(192212, 0.92797665)
(76374, 0.92797665)
(355616, 0.92797656)
(160134, 0.92797656)
(306974, 0.92797656)
(173943, 0.92796968)
(120971, 0.92796281)
(187926, 0.92794167)
(221345, 0.92687012)
(251747, 0.92687012)
(97434, 0.92687012)
(368351, 0.92687012)
(330140, 0.92687012)
(336281, 0.92687012)
(364979, 0.92687004)
(55776, 0.92686316)
(191208, 0.92686316)
(212624, 0.92686316)
(357871, 0.92686316)
(337060, 0.92686316)
(32530, 0.92686316)
(373214, 0.92686316)
(48189, 0.92686316)
(18276, 0.92686316)
(51655, 0.92686316)
(396820, 0.92686316)
(250835, 0.92686316)
(125962, 0.92686316)
(217026, 0.92686316)
(200127, 0.92686316)
(101241, 0.92686316)
(300257, 0.92686308)
(8076, 0.92686308)
(86192, 0.92686308)
(352953, 0.9268562)
(126739, 0.9268562)
(91616, 0.9268562)
(333897, 0.9268562)
(161699, 0.9268562)
(282239, 0.9268562)
(128242, 0.9268562)
(412587, 0.9268562)
(268953, 0.9268562)
(393106, 0.9268562)
(28999, 0.9268562)
(230296, 0.9268562)
(122811, 0.9268562)
(418426, 0.9268562)
(417301, 0.9268562)
(284414, 0.9268562)
(280167, 0.9268562)
(106289, 0.9268562)
(31938, 0.92685612)
(194820, 0.92685612)
(293650, 0.92685612)
(252096, 0.92685612)
(273022, 0.92685612)
(226996, 0.92685612)
(368257, 0.92685612)
(190594, 0.92685612)
(43671, 0.92685612)
(73854, 0.92685612)
(250731, 0.92685612)
(186632, 0.92685612)
(244688, 0.92685612)
(286794, 0.92685612)
(383312, 0.92685612)
(406274, 0.92685612)
(330944, 0.92685612)
(242376, 0.92685612)
(246597, 0.92685612)
(79411, 0.92685612)
(108497, 0.92685612)
(220177, 0.92685612)
(179443, 0.92685612)
(254062, 0.92685603)
(314095, 0.92685603)
(60759, 0.92685603)
(156065, 0.92685603)
(327200, 0.92684924)
(278332, 0.92684924)
(345010, 0.92684924)
(184075, 0.92684924)
(94414, 0.92684924)
(296175, 0.92684924)
(235658, 0.92684924)
(184224, 0.92684924)
(301807, 0.92684924)
(173038, 0.92684924)
(190730, 0.92684924)
(240513, 0.92684924)
(110166, 0.92684924)
(346956, 0.92684924)
(385997, 0.92684924)
(235990, 0.92684924)
(32900, 0.92684924)
(167814, 0.92684924)
(322644, 0.92684924)
(233837, 0.92684915)
(284022, 0.92684915)
(165079, 0.92684915)
(156298, 0.92684915)
(71883, 0.92684915)
(11972, 0.92684915)
(365671, 0.92684915)
(390763, 0.92684915)
(216609, 0.92684915)
(394577, 0.92684915)
(81131, 0.92684915)
(94556, 0.92684915)
(200925, 0.92684915)
(54729, 0.92684915)
(47549, 0.92684915)
(279615, 0.92684915)
(82247, 0.92684915)
(333315, 0.92684915)
(314786, 0.92684915)
(59595, 0.92684915)
(275107, 0.92684915)
(184393, 0.92684915)
(335112, 0.92684915)
(235665, 0.92684915)
(220348, 0.92684915)
(407459, 0.92684915)
(300220, 0.92684915)
(160379, 0.92684915)
(38780, 0.92684915)
(173846, 0.92684915)
(339939, 0.92684907)
(167435, 0.92684907)
(135040, 0.92684907)
(228885, 0.92684907)
(379857, 0.92684907)
(416978, 0.92684907)
(340537, 0.92684907)
(127666, 0.92684907)
(144306, 0.92684907)
(387042, 0.92684907)
(23211, 0.92684907)
(223554, 0.92684907)
(159756, 0.92684899)
(147011, 0.92684228)
(366313, 0.92684228)
(270622, 0.92684228)
(87386, 0.92684228)
(324296, 0.92684228)
(317041, 0.92684228)
(250948, 0.92684228)
(299218, 0.92684228)
(67437, 0.92684228)
(305839, 0.92684228)
(339820, 0.92684228)
(76803, 0.92684219)
(180365, 0.92684219)
(44838, 0.92684219)
(83349, 0.92684219)
(361079, 0.92684219)
(179850, 0.92684219)
(250314, 0.92684219)
(210711, 0.92684219)
(219994, 0.92684219)
(258632, 0.92684219)
(268941, 0.92684219)
(199163, 0.92684219)
(252876, 0.92684219)
(252085, 0.92684219)
(415493, 0.92684219)
(21462, 0.92684219)
(89391, 0.92684219)
(324649, 0.92684219)
(271093, 0.92684219)
(118843, 0.92684219)
(204453, 0.92684219)
(281170, 0.92684219)
(348390, 0.92684219)
(245247, 0.92684219)
(200295, 0.92684219)
(368838, 0.92684219)
(367541, 0.92684219)
(264775, 0.92684219)
(176657, 0.92684219)
(57446, 0.92684219)
(222527, 0.92684219)
(18656, 0.92684211)
(216787, 0.92684211)
(239415, 0.92684211)
(92057, 0.92684211)
(35604, 0.92684211)
(3959, 0.92684211)
(155274, 0.92684211)
(326797, 0.92684211)
(63008, 0.92684211)
(253874, 0.92684211)
(336915, 0.92684211)
(246114, 0.92684211)
(272479, 0.92684211)
(117873, 0.92684211)
(342453, 0.92684211)
(81129, 0.92684211)
(88836, 0.92684211)
(405035, 0.92684211)
(341673, 0.92684211)
(166520, 0.92684211)
(12975, 0.92684211)
(195063, 0.92684211)
(55420, 0.92684211)
(366119, 0.92684211)
(139457, 0.92684211)
(118830, 0.92684211)
(417529, 0.92684211)
(349774, 0.92684211)
(340679, 0.92684211)
(170686, 0.92683531)
(207362, 0.92683531)
(110436, 0.92683531)
(296691, 0.92683523)
(75741, 0.92683523)
(323862, 0.92683523)
(159181, 0.92683523)
(259378, 0.92683523)
(282637, 0.92683523)
(257830, 0.92683523)
(360356, 0.92683523)
(387548, 0.92683523)
(72127, 0.92683523)
(165125, 0.92683523)
(59978, 0.92683523)
(133773, 0.92683523)
(371883, 0.92683523)
(325473, 0.92683523)
(237890, 0.92683523)
(328774, 0.92683523)
(15600, 0.92683523)
(390385, 0.92683523)
(251610, 0.92683523)
(305256, 0.92683523)
(303881, 0.92683523)
(183452, 0.92683523)
(186820, 0.92683515)
(128928, 0.92683515)
(185866, 0.92683515)
(200798, 0.92683515)
(132924, 0.92683515)
(378890, 0.92683515)
(106562, 0.92683515)
(114897, 0.92683515)
(2146, 0.92683515)
(298610, 0.92683515)
(392315, 0.92683515)
(156728, 0.92683515)
(328138, 0.92683515)
(335905, 0.92683515)
(352287, 0.92683515)
(346105, 0.92683515)
(159388, 0.92683515)
(350836, 0.92683515)
(73678, 0.92683515)
(345368, 0.92683515)
(328378, 0.92683515)
(60160, 0.92683515)
(371197, 0.92683515)
(287020, 0.92683515)
(84280, 0.92683515)
(190294, 0.92683515)
(213705, 0.92683515)
(24749, 0.92683507)
(9145, 0.92683507)
(409139, 0.92683507)
(244808, 0.92683507)
(291655, 0.92683507)
(273454, 0.92683507)
(193743, 0.92683507)
(247593, 0.92682835)
(73099, 0.92682835)
(71582, 0.92682827)
(209717, 0.92682827)
(418421, 0.92682827)
(367073, 0.92682827)
(71777, 0.92682827)
(295979, 0.92682827)
(157295, 0.92682827)
(163511, 0.92682827)
(262988, 0.92682827)
(87106, 0.92682819)
(277186, 0.92682819)
(248308, 0.92682819)
(79746, 0.92682819)
(198445, 0.92682819)
(240874, 0.92682819)
(169422, 0.92682819)
(229361, 0.92682819)
(280787, 0.92682819)
(296339, 0.92682819)
(325972, 0.92682819)
(374695, 0.92682819)
(213668, 0.92682819)
(82727, 0.92682819)
(384782, 0.92682819)
(249108, 0.92682819)
(308956, 0.92682819)
(255392, 0.92682819)
(303784, 0.92682819)
(301307, 0.92682819)
(335587, 0.92682819)
(148939, 0.92682819)
(145820, 0.92682819)
(210935, 0.92682819)
(182857, 0.92682819)
(262045, 0.92682819)
(175808, 0.92682819)
(162747, 0.92682819)
(133114, 0.92682819)
(310981, 0.92682819)
(299372, 0.92682819)
(312234, 0.9268281)
(112466, 0.9268281)
(17467, 0.9268281)
(36640, 0.9268281)
(316533, 0.9268281)
(226707, 0.9268281)
(223425, 0.9268281)
(353184, 0.9268281)
(50587, 0.9268281)
(292551, 0.9268281)
(113778, 0.9268281)
(111008, 0.9268281)
(131415, 0.92682802)
(219674, 0.92682802)
(281040, 0.92682802)
(357011, 0.92682131)
(146638, 0.92682131)
(189300, 0.92682131)
(34515, 0.92682131)
(169481, 0.92682131)
(105204, 0.92682131)
(52220, 0.92682123)
(138608, 0.92682123)
(138300, 0.92682123)
(78124, 0.92682123)
(396872, 0.92682123)
(373010, 0.92682123)
(408167, 0.92682123)
(175088, 0.92682123)
(358230, 0.92682123)
(245454, 0.92682123)
(160082, 0.92682123)
(49181, 0.92682123)
(264020, 0.92682123)
(294529, 0.92682123)
(340185, 0.92682123)
(47696, 0.92682123)
(217312, 0.92682123)
(103235, 0.92682123)
(17038, 0.92682123)
(275493, 0.92682123)
(41441, 0.92682123)
(328647, 0.92682114)
(97841, 0.92682114)
(26951, 0.92682114)
(377897, 0.92682114)
(76926, 0.92682114)
(415411, 0.92682114)
(117159, 0.92682114)
(171529, 0.92682114)
(370899, 0.92682114)
(90966, 0.92682114)
(346611, 0.92682114)
(233774, 0.92682114)
(9276, 0.92682114)
(398520, 0.92682114)
(164672, 0.92682114)
(185805, 0.92682114)
(328128, 0.92682114)
(325101, 0.92682114)
(45431, 0.92682114)
(53030, 0.92682106)
(156966, 0.92682106)
(414732, 0.92681435)
(98561, 0.92681435)
(198576, 0.92681426)
(306425, 0.92681426)
(208103, 0.92681426)
(250323, 0.92681426)
(248682, 0.92681426)
(56943, 0.92681426)
(39758, 0.92681426)
(269174, 0.92681426)
(152264, 0.92681426)
(118697, 0.92681418)
(67895, 0.92681418)
(402374, 0.92681418)
(195369, 0.92681418)
(309683, 0.92681418)
(179022, 0.92681418)
(109969, 0.92681418)
(263389, 0.92681418)
(5598, 0.9268141)
(302054, 0.9268141)
(269000, 0.9268141)
(162152, 0.9268141)
(147541, 0.9268141)
(146332, 0.9268141)
(405534, 0.9268141)
(216828, 0.9268141)
(186558, 0.92681402)
(89, 0.92680739)
(33362, 0.9268073)
(349722, 0.92680722)
(156693, 0.92680722)
(305776, 0.92680722)
(278306, 0.92680714)
(420314, 0.92680714)
(25751, 0.92680714)
(248856, 0.92680714)
(321437, 0.92680714)
(267516, 0.92680714)
(260770, 0.92680714)
(151067, 0.92680714)
(180643, 0.92680714)
(9021, 0.92680714)
(96304, 0.92680714)
(53830, 0.92680705)
(134239, 0.92680705)
(254905, 0.92680034)
(339035, 0.92680026)
(396449, 0.92680018)
(316129, 0.92680018)
(261507, 0.92680009)
(47774, 0.92680009)
(37706, 0.92680009)
(374869, 0.9267933)
(89478, 0.9267933)
(385600, 0.92679321)
(364229, 0.92679321)
(410433, 0.92679321)
(208673, 0.92678634)
(229722, 0.92678625)
(62350, 0.92678617)
(321910, 0.92678617)
(52558, 0.92678617)
(256153, 0.92676529)
(201132, 0.92570766)
(35084, 0.92569373)
(201489, 0.92569365)
(273727, 0.92569365)
(38122, 0.92569365)
(74895, 0.92568669)
(146062, 0.92568669)
(251559, 0.92568669)
(112586, 0.92568669)
(240580, 0.92568669)
(360413, 0.92568669)
(402598, 0.92568669)
(419425, 0.92568669)
(344457, 0.92568669)
(166034, 0.92568669)
(317571, 0.92568669)
(342823, 0.92568661)
(141436, 0.92568661)
(93743, 0.92568661)
(152334, 0.92568661)
(341295, 0.92568661)
(173956, 0.92568652)
(388579, 0.92567973)
(94905, 0.92567973)
(364788, 0.92567973)
(212652, 0.92567973)
(285001, 0.92567973)
(69798, 0.92567973)
(297845, 0.92567973)
(328107, 0.92567973)
(355415, 0.92567973)
(403354, 0.92567973)
(239281, 0.92567973)
(318253, 0.92567973)
(267324, 0.92567973)
(10352, 0.92567973)
(344233, 0.92567973)
(262944, 0.92567973)
(315312, 0.92567964)
(45787, 0.92567964)
(251959, 0.92567964)
(375830, 0.92567964)
(85345, 0.92567964)
(53136, 0.92567964)
(113991, 0.92567964)
(17126, 0.92567964)
(187736, 0.92567964)
(57152, 0.92567956)
(23601, 0.92567277)
(48755, 0.92567277)
(412781, 0.92567277)
(249541, 0.92567277)
(245501, 0.92567277)
(284026, 0.92567277)
(361758, 0.92567277)
(10187, 0.92567277)
(227439, 0.92567277)
(115714, 0.92567277)
(347256, 0.92567277)
(110623, 0.92567277)
(110513, 0.92567277)
(76119, 0.92567277)
(204355, 0.92567277)
(283094, 0.92567268)
(73470, 0.92567268)
(87693, 0.92567268)
(408056, 0.92567268)
(266247, 0.92567268)
(257652, 0.92567268)
(163267, 0.92567268)
(197642, 0.92567268)
(319549, 0.92567268)
(285199, 0.92567268)
(313493, 0.92567268)
(379533, 0.92567268)
(144543, 0.92567268)
(359587, 0.92567268)
(222667, 0.92567268)
(303729, 0.92567268)
(362669, 0.92567268)
(391182, 0.92567268)
(216033, 0.92567268)
(49885, 0.92567268)
(83253, 0.92567268)
(149777, 0.92567268)
(275308, 0.9256726)
(221812, 0.9256726)
(270666, 0.9256726)
(345442, 0.9256726)
(56416, 0.9256726)
(388125, 0.9256726)
(161137, 0.9256658)
(59172, 0.9256658)
(56241, 0.9256658)
(300716, 0.9256658)
(419050, 0.9256658)
(254613, 0.9256658)
(395494, 0.9256658)
(398588, 0.9256658)
(67650, 0.92566572)
(88003, 0.92566572)
(216852, 0.92566572)
(108004, 0.92566572)
(289374, 0.92566572)
(51463, 0.92566572)
(75281, 0.92566572)
(416267, 0.92566572)
(269739, 0.92566572)
(274910, 0.92566572)
(191783, 0.92566572)
(24532, 0.92566572)
(34665, 0.92566572)
(54696, 0.92566572)
(138523, 0.92566572)
(47849, 0.92566572)
(193217, 0.92566572)
(346674, 0.92566572)
(311445, 0.92566572)
(334513, 0.92566572)
(326199, 0.92566572)
(203708, 0.92566572)
(328064, 0.92566572)
(351143, 0.92566572)
(375005, 0.92566564)
(416948, 0.92566564)
(371107, 0.92566564)
(116612, 0.92566564)
(412126, 0.92566564)
(70475, 0.92566564)
(108361, 0.92566564)
(176840, 0.92566564)
(371359, 0.92566564)
(199832, 0.92566564)
(115969, 0.92566564)
(187762, 0.92566564)
(85799, 0.92566564)
(35889, 0.92566564)
(217324, 0.92566564)
(80680, 0.92566556)
(143851, 0.92565884)
(52697, 0.92565884)
(157903, 0.92565884)
(102725, 0.92565884)
(197040, 0.92565876)
(378786, 0.92565876)
(255932, 0.92565876)
(13260, 0.92565876)
(386453, 0.92565876)
(400870, 0.92565876)
(125192, 0.92565876)
(146690, 0.92565876)
(247350, 0.92565876)
(23258, 0.92565876)
(76538, 0.92565876)
(382407, 0.92565876)
(371568, 0.92565876)
(355929, 0.92565876)
(339550, 0.92565876)
(253267, 0.92565876)
(51875, 0.92565868)
(286932, 0.92565868)
(372457, 0.92565868)
(230689, 0.92565868)
(210463, 0.92565868)
(389406, 0.92565868)
(304055, 0.92565868)
(105911, 0.92565868)
(20559, 0.92565868)
(389574, 0.92565868)
(302892, 0.92565868)
(73023, 0.92565868)
(236021, 0.92565868)
(5525, 0.92565868)
(245169, 0.92565868)
(170996, 0.92565868)
(335108, 0.92565868)
(402630, 0.92565868)
(399130, 0.92565868)
(258855, 0.92565868)
(310824, 0.92565868)
(377419, 0.92565868)
(16808, 0.92565868)
(16305, 0.92565859)
(250796, 0.92565859)
(61839, 0.92565859)
(95466, 0.92565188)
(160676, 0.9256518)
(274443, 0.9256518)
(229615, 0.9256518)
(413564, 0.9256518)
(295919, 0.9256518)
(230169, 0.9256518)
(114276, 0.9256518)
(348322, 0.92565172)
(242212, 0.92565172)
(284618, 0.92565172)
(260715, 0.92565172)
(250056, 0.92565172)
(39946, 0.92565172)
(56531, 0.92565172)
(70362, 0.92565172)
(142446, 0.92565172)
(408329, 0.92565172)
(263397, 0.92565172)
(333736, 0.92565172)
(79714, 0.92565172)
(210096, 0.92565172)
(237072, 0.92565172)
(63898, 0.92565172)
(347559, 0.92565172)
(20497, 0.92565172)
(412232, 0.92565172)
(275807, 0.92565172)
(96585, 0.92565172)
(115427, 0.92565172)
(316909, 0.92565172)
(288767, 0.92565172)
(358066, 0.92565172)
(22823, 0.92565172)
(235912, 0.92565172)
(202116, 0.92565172)
(352884, 0.92565172)
(32441, 0.92565163)
(233962, 0.92565163)
(41116, 0.92565163)
(15992, 0.92565163)
(356759, 0.92565163)
(30464, 0.92565163)
(155796, 0.92565163)
(7718, 0.92565163)
(165387, 0.92565163)
(224607, 0.92565163)
(64987, 0.92565163)
(161807, 0.92565163)
(399598, 0.92565163)
(75093, 0.92565163)
(194733, 0.92564484)
(273422, 0.92564484)
(238798, 0.92564484)
(284244, 0.92564484)
(66011, 0.92564475)
(111836, 0.92564475)
(239731, 0.92564475)
(382144, 0.92564475)
(331422, 0.92564475)
(267095, 0.92564475)
(184111, 0.92564475)
(286087, 0.92564475)
(152567, 0.92564475)
(19041, 0.92564475)
(208055, 0.92564475)
(326240, 0.92564467)
(317810, 0.92564467)
(346848, 0.92564467)
(220791, 0.92564467)
(188420, 0.92564467)
(375041, 0.92564467)
(158455, 0.92564467)
(92289, 0.92564467)
(135096, 0.92564467)
(152580, 0.92564467)
(181948, 0.92564467)
(55799, 0.92564467)
(191061, 0.92564467)
(400780, 0.92564467)
(6809, 0.92564467)
(243214, 0.92564459)
(399654, 0.92564459)
(410995, 0.92564459)
(86703, 0.92564459)
(214439, 0.92564459)
(214763, 0.92563788)
(31995, 0.92563779)
(377554, 0.92563779)
(54348, 0.92563779)
(24278, 0.92563779)
(87578, 0.92563779)
(81979, 0.92563779)
(217407, 0.92563779)
(341829, 0.92563779)
(412873, 0.92563771)
(222306, 0.92563771)
(183792, 0.92563771)
(277233, 0.92563771)
(280042, 0.92563771)
(176757, 0.92563771)
(345071, 0.92563771)
(125132, 0.92563771)
(95937, 0.92563771)
(312811, 0.92563771)
(133523, 0.92563771)
(147744, 0.92563771)
(161572, 0.92563763)
(90209, 0.92563763)
(353847, 0.92563763)
(133500, 0.92563763)
(78975, 0.92563092)
(162075, 0.92563083)
(380803, 0.92563083)
(240520, 0.92563083)
(256399, 0.92563075)
(259217, 0.92563075)
(409587, 0.92563075)
(226095, 0.92563075)
(334193, 0.92563075)
(18051, 0.92563075)
(5344, 0.92563075)
(105502, 0.92563075)
(200199, 0.92563075)
(153709, 0.92563075)
(46580, 0.92563067)
(10169, 0.92563067)
(188898, 0.92563067)
(252928, 0.92563067)
(216887, 0.92563067)
(41641, 0.92563067)
(204300, 0.92563067)
(399363, 0.92562387)
(313104, 0.92562387)
(98492, 0.92562379)
(188847, 0.92562379)
(267161, 0.92562371)
(415110, 0.92562371)
(49289, 0.92562371)
(253628, 0.92562371)
(147835, 0.92562371)
(252753, 0.92562371)
(73063, 0.92562362)
(357962, 0.92562362)
(254123, 0.92562362)
(107798, 0.92561691)
(48513, 0.92561691)
(8937, 0.92561674)
(274856, 0.92561666)
(34460, 0.92561666)
(357229, 0.92560978)
(13010, 0.92560978)
(305945, 0.9256097)
(212601, 0.9256097)
(356010, 0.92560274)
(442, 0.92559569)
(366940, 0.92559569)
(299395, 0.9245311)
(180540, 0.92452414)
(113786, 0.92451726)
(267224, 0.92451718)
(45789, 0.92451718)
(207797, 0.92451718)
(93581, 0.92451718)
(68571, 0.92451022)
(238561, 0.92451022)
(236263, 0.92451022)
(333545, 0.92451022)
(229794, 0.92451022)
(306015, 0.92451022)
(330581, 0.92451022)
(59908, 0.92451022)
(250620, 0.92451014)
(330094, 0.92451014)
(363830, 0.92451014)
(260796, 0.92451014)
(229382, 0.92450326)
(362520, 0.92450326)
(291968, 0.92450326)
(227607, 0.92450326)
(201960, 0.92450326)
(78488, 0.92450326)
(318195, 0.92450317)
(267268, 0.92450317)
(311846, 0.92450317)
(236146, 0.92450317)
(273998, 0.92450317)
(89130, 0.92450317)
(309096, 0.92450317)
(230881, 0.92450317)
(356574, 0.9244963)
(221111, 0.9244963)
(138996, 0.9244963)
(397806, 0.9244963)
(151636, 0.9244963)
(122299, 0.9244963)
(171853, 0.9244963)
(96646, 0.9244963)
(313161, 0.9244963)
(115316, 0.9244963)
(312408, 0.9244963)
(352916, 0.9244963)
(196858, 0.9244963)
(2145, 0.92449621)
(76555, 0.92449621)
(287344, 0.92449621)
(100191, 0.92449621)
(48973, 0.92449621)
(210589, 0.92449621)
(168352, 0.92449621)
(399553, 0.92449621)
(339855, 0.92449621)
(372103, 0.92449621)
(341143, 0.92449621)
(40304, 0.92449621)
(90599, 0.92449621)
(327434, 0.92449621)
(158354, 0.92449621)
(170017, 0.92449621)
(258362, 0.92449621)
(378925, 0.92449621)
(118575, 0.92449613)
(299329, 0.92449613)
(276868, 0.92449613)
(182640, 0.92449613)
(195402, 0.92449613)
(263191, 0.92449613)
(10785, 0.92448933)
(104684, 0.92448933)
(56915, 0.92448933)
(359729, 0.92448933)
(57135, 0.92448933)
(307769, 0.92448933)
(172033, 0.92448933)
(209470, 0.92448925)
(302725, 0.92448925)
(217065, 0.92448925)
(65334, 0.92448925)
(288202, 0.92448925)
(69635, 0.92448925)
(11056, 0.92448925)
(91648, 0.92448925)
(9268, 0.92448925)
(299528, 0.92448925)
(260849, 0.92448925)
(249313, 0.92448925)
(190574, 0.92448925)
(38862, 0.92448925)
(244618, 0.92448925)
(314996, 0.92448917)
(81472, 0.92448917)
(52411, 0.92448917)
(299900, 0.92448917)
(242934, 0.92448917)
(314468, 0.92448917)
(30848, 0.92448917)
(350344, 0.92448917)
(375933, 0.92448917)
(109570, 0.92448917)
(244935, 0.92448917)
(373851, 0.92448909)
(313056, 0.92448909)
(127870, 0.92448237)
(116464, 0.92448237)
(257128, 0.92448237)
(85891, 0.92448237)
(77802, 0.92448229)
(80051, 0.92448229)
(68720, 0.92448229)
(380720, 0.92448229)
(110260, 0.92448229)
(158507, 0.92448229)
(410582, 0.92448229)
(228102, 0.92448229)
(72916, 0.92448229)
(221760, 0.92448229)
(193241, 0.92448229)
(183093, 0.92448229)
(272535, 0.92448229)
(326544, 0.92448221)
(367710, 0.92448221)
(310129, 0.92448221)
(383797, 0.92448221)
(220318, 0.92448221)
(111105, 0.92448221)
(18124, 0.92448221)
(227835, 0.92448221)
(53322, 0.92448221)
(218023, 0.92448221)
(204982, 0.92448221)
(232649, 0.92448221)
(256001, 0.92448221)
(57528, 0.92448221)
(208298, 0.92448221)
(266994, 0.92448221)
(173013, 0.92448212)
(27045, 0.92448212)
(44324, 0.92448212)
(167567, 0.92448212)
(63968, 0.92448212)
(244223, 0.92448212)
(159299, 0.92448212)
(151799, 0.92448212)
(18161, 0.92447541)
(322198, 0.92447541)
(261416, 0.92447541)
(419929, 0.92447541)
(254538, 0.92447533)
(396353, 0.92447533)
(355195, 0.92447533)
(191075, 0.92447533)
(77806, 0.92447533)
(228814, 0.92447533)
(327021, 0.92447533)
(51834, 0.92447533)
(265685, 0.92447533)
(394120, 0.92447533)
(199158, 0.92447533)
(157365, 0.92447533)
(51794, 0.92447533)
(259517, 0.92447533)
(130258, 0.92447533)
(68647, 0.92447533)
(221357, 0.92447525)
(264292, 0.92447525)
(208043, 0.92447525)
(2693, 0.92447525)
(27480, 0.92447525)
(167765, 0.92447525)
(229275, 0.92447525)
(198796, 0.92447525)
(207538, 0.92447525)
(234392, 0.92447525)
(90694, 0.92447525)
(77042, 0.92447525)
(329515, 0.92447525)
(305535, 0.92447525)
(174435, 0.92447525)
(418997, 0.92447525)
(338936, 0.92447525)
(340528, 0.92447525)
(10151, 0.92447525)
(346973, 0.92447525)
(98192, 0.92447525)
(207305, 0.92447525)
(228236, 0.92447525)
(146371, 0.92447516)
(333424, 0.92447516)
(384213, 0.92447516)
(316670, 0.92447516)
(58218, 0.92447516)
(113497, 0.92447516)
(100929, 0.92447516)
(3311, 0.92447516)
(56806, 0.92447516)
(110066, 0.92447516)
(203839, 0.92447516)
(106654, 0.92447516)
(190926, 0.92447516)
(100450, 0.92447516)
(247563, 0.92447516)
(367289, 0.92447516)
(174029, 0.92447516)
(11474, 0.92447508)
(148578, 0.92446837)
(78355, 0.92446837)
(257378, 0.92446837)
(299103, 0.92446837)
(55047, 0.92446837)
(163906, 0.92446837)
(168397, 0.92446828)
(343571, 0.92446828)
(315806, 0.92446828)
(296778, 0.92446828)
(131681, 0.92446828)
(179230, 0.92446828)
(425, 0.92446828)
(91677, 0.92446828)
(82764, 0.92446828)
(274281, 0.92446828)
(354972, 0.92446828)
(335732, 0.92446828)
(291609, 0.92446828)
(100104, 0.92446828)
(205826, 0.92446828)
(356468, 0.9244682)
(180783, 0.9244682)
(324439, 0.9244682)
(22319, 0.9244682)
(293657, 0.9244682)
(228628, 0.9244682)
(193370, 0.9244682)
(44594, 0.9244682)
(13678, 0.9244682)
(305516, 0.9244682)
(110152, 0.9244682)
(352026, 0.9244682)
(212575, 0.9244682)
(296466, 0.9244682)
(333756, 0.9244682)
(26830, 0.9244682)
(226732, 0.9244682)
(150049, 0.9244682)
(29999, 0.9244682)
(346853, 0.9244682)
(212117, 0.9244682)
(212249, 0.9244682)
(357415, 0.9244682)
(161887, 0.92446812)
(288655, 0.92446141)
(297630, 0.92446141)
(133029, 0.92446141)
(197408, 0.92446141)
(49264, 0.92446141)
(308240, 0.92446132)
(379400, 0.92446132)
(136318, 0.92446132)
(69543, 0.92446132)
(98805, 0.92446132)
(347803, 0.92446132)
(49345, 0.92446132)
(401972, 0.92446124)
(29872, 0.92446124)
(18030, 0.92446124)
(295893, 0.92446124)
(169426, 0.92446124)
(157651, 0.92446124)
(52974, 0.92446124)
(50594, 0.92446124)
(85031, 0.92446124)
(340197, 0.92446124)
(200997, 0.92446124)
(156611, 0.92446124)
(319679, 0.92446124)
(75539, 0.92446124)
(248885, 0.92446124)
(8102, 0.92446116)
(367402, 0.92446116)
(280474, 0.92445444)
(179055, 0.92445436)
(413903, 0.92445436)
(303293, 0.92445436)
(201424, 0.92445428)
(355834, 0.92445428)
(138386, 0.92445428)
(224787, 0.92445428)
(286973, 0.92445428)
(405793, 0.92445428)
(352717, 0.92445428)
(374889, 0.92445428)
(97212, 0.92445428)
(153321, 0.92445428)
(385209, 0.92445428)
(310929, 0.92445428)
(57600, 0.9244542)
(387807, 0.9244542)
(118369, 0.9244542)
(185217, 0.9244542)
(292966, 0.9244542)
(106664, 0.9244542)
(66993, 0.9244542)
(364720, 0.9244542)
(87724, 0.9244542)
(383930, 0.92445411)
(386492, 0.92445411)
(387301, 0.9244474)
(380866, 0.92444732)
(77314, 0.92444732)
(120206, 0.92444732)
(289069, 0.92444732)
(209691, 0.92444732)
(274695, 0.92444723)
(91446, 0.92444723)
(59698, 0.92444723)
(127535, 0.92444723)
(142886, 0.92444723)
(199497, 0.92444723)
(367674, 0.92444723)
(365687, 0.92444723)
(305979, 0.92444715)
(168423, 0.92444715)
(219935, 0.92444715)
(313477, 0.92444027)
(174669, 0.92444027)
(304352, 0.92444011)
(269435, 0.92443331)
(398644, 0.92443331)
(363325, 0.92443331)
(420085, 0.92443323)
(275731, 0.92443323)
(416825, 0.92443323)
(236052, 0.92443323)
(222019, 0.92443323)
(189828, 0.92443323)
(173073, 0.92443323)
(29187, 0.92443315)
(372849, 0.92442627)
(407721, 0.92442627)
(69597, 0.92441218)
(390626, 0.92334767)
(103625, 0.92334767)
(158043, 0.92334079)
(35103, 0.92334071)
(155884, 0.92334071)
(400442, 0.92333375)
(395700, 0.92333375)
(392919, 0.92333375)
(121027, 0.92333366)
(374358, 0.92333366)
(349151, 0.92333366)
(399675, 0.92332679)
(165198, 0.92332679)
(369535, 0.92332679)
(334228, 0.92332679)
(89519, 0.92332679)
(237874, 0.92332679)
(394348, 0.92332679)
(207232, 0.9233267)
(264941, 0.9233267)
(370442, 0.9233267)
(144674, 0.9233267)
(362990, 0.9233267)
(297122, 0.9233267)
(113300, 0.9233267)
(236748, 0.9233267)
(273417, 0.92331982)
(247613, 0.92331982)
(56164, 0.92331982)
(20629, 0.92331982)
(205538, 0.92331974)
(122602, 0.92331974)
(264371, 0.92331974)
(18569, 0.92331974)
(2574, 0.92331974)
(340700, 0.92331966)
(127984, 0.92331966)
(338805, 0.92331286)
(202975, 0.92331286)
(282666, 0.92331286)
(398173, 0.92331286)
(268437, 0.92331278)
(136965, 0.92331278)
(369582, 0.92331278)
(183610, 0.92331278)
(143410, 0.92331278)
(9968, 0.92331278)
(412887, 0.92331278)
(40421, 0.92331278)
(396403, 0.92331278)
(257017, 0.92331278)
(324322, 0.92331278)
(328418, 0.92331278)
(145813, 0.92331278)
(285771, 0.92331278)
(369084, 0.92331278)
(291703, 0.92331278)
(102055, 0.92331278)
(132200, 0.92331278)
(311049, 0.92331278)
(156730, 0.92331278)
(378722, 0.92331278)
(197775, 0.92331278)
(208709, 0.9233127)
(148548, 0.9233127)
(58193, 0.9233127)
(230775, 0.9233127)
(226602, 0.9233127)
(95329, 0.9233127)
(273017, 0.9233127)
(363814, 0.92331261)
(95871, 0.9233059)
(69899, 0.9233059)
(129050, 0.9233059)
(76990, 0.9233059)
(58279, 0.9233059)
(95170, 0.92330582)
(52561, 0.92330582)
(280125, 0.92330582)
(145791, 0.92330582)
(90468, 0.92330582)
(195678, 0.92330582)
(188658, 0.92330582)
(26531, 0.92330582)
(194867, 0.92330582)
(105243, 0.92330582)
(86749, 0.92330582)
(74647, 0.92330582)
(61800, 0.92330582)
(88971, 0.92330582)
(80352, 0.92330582)
(214161, 0.92330582)
(114208, 0.92330582)
(167823, 0.92330582)
(36435, 0.92330574)
(159804, 0.92330574)
(46620, 0.92330574)
(91332, 0.92330574)
(17570, 0.92330574)
(332628, 0.92330574)
(95503, 0.92330574)
(166376, 0.92330574)
(144479, 0.92330574)
(82286, 0.92330574)
(122610, 0.92330574)
(32780, 0.92330574)
(56113, 0.92330574)
(404330, 0.92330574)
(63636, 0.92330574)
(342767, 0.92330574)
(96888, 0.92330574)
(295889, 0.92330565)
(186476, 0.92330565)
(25321, 0.92330565)
(234832, 0.92329894)
(334084, 0.92329894)
(6032, 0.92329894)
(92804, 0.92329886)
(323957, 0.92329886)
(305042, 0.92329886)
(373268, 0.92329886)
(223969, 0.92329886)
(65604, 0.92329886)
(702, 0.92329886)
(114401, 0.92329886)
(328782, 0.92329886)
(278790, 0.92329886)
(175462, 0.92329886)
(310859, 0.92329878)
(403973, 0.92329878)
(41531, 0.92329878)
(49185, 0.92329878)
(146047, 0.92329878)
(238564, 0.92329878)
(89913, 0.92329878)
(28547, 0.92329878)
(24939, 0.92329878)
(334664, 0.92329878)
(287570, 0.92329878)
(24842, 0.92329878)
(231618, 0.92329878)
(239067, 0.92329878)
(61394, 0.92329878)
(349934, 0.92329878)
(355087, 0.92329878)
(65819, 0.92329878)
(185076, 0.92329878)
(369735, 0.92329878)
(161851, 0.92329878)
(344396, 0.92329878)
(121934, 0.92329878)
(305098, 0.92329878)
(114064, 0.92329878)
(73478, 0.92329878)
(273822, 0.92329878)
(201382, 0.92329878)
(111962, 0.92329878)
(356122, 0.92329878)
(386308, 0.92329878)
(351775, 0.92329878)
(338942, 0.92329878)
(5260, 0.92329878)
(4646, 0.92329878)
(328476, 0.92329869)
(339944, 0.92329869)
(417217, 0.92329869)
(284591, 0.92329869)
(288277, 0.92329869)
(150741, 0.92329869)
(412600, 0.92329869)
(46446, 0.92329869)
(315467, 0.92329869)
(21125, 0.92329869)
(4039, 0.9232919)
(127938, 0.92329181)
(152231, 0.92329181)
(255264, 0.92329181)
(260994, 0.92329181)
(86396, 0.92329181)
(348495, 0.92329181)
(137232, 0.92329181)
(137684, 0.92329181)
(188556, 0.92329181)
(111087, 0.92329181)
(254494, 0.92329181)
(365629, 0.92329181)
(156166, 0.92329181)
(150109, 0.92329181)
(318865, 0.92329181)
(142901, 0.92329181)
(392290, 0.92329181)
(133008, 0.92329181)
(100877, 0.92329181)
(392280, 0.92329181)
(400122, 0.92329181)
(83673, 0.92329181)
(276838, 0.92329181)
(394154, 0.92329173)
(327100, 0.92329173)
(107770, 0.92329173)
(102999, 0.92329173)
(294491, 0.92329173)
(182234, 0.92329173)
(414397, 0.92329173)
(239361, 0.92329173)
(18973, 0.92329173)
(210795, 0.92329165)
(107561, 0.92329165)
(73161, 0.92329165)
(347753, 0.92329165)
(215746, 0.92328494)
(279653, 0.92328485)
(103998, 0.92328485)
(10510, 0.92328485)
(363349, 0.92328485)
(335297, 0.92328485)
(40339, 0.92328485)
(153763, 0.92328485)
(261864, 0.92328485)
(177189, 0.92328485)
(98154, 0.92328485)
(90893, 0.92328477)
(26964, 0.92328477)
(354090, 0.92328477)
(317643, 0.92328477)
(166098, 0.92328477)
(319512, 0.92328477)
(55662, 0.92328477)
(45115, 0.92328477)
(387064, 0.92328477)
(368550, 0.92328477)
(368123, 0.92328477)
(322555, 0.92328477)
(350669, 0.92328477)
(293649, 0.92328469)
(106607, 0.92328469)
(372408, 0.92328469)
(231946, 0.92328469)
(151513, 0.92328469)
(415997, 0.92328469)
(114510, 0.92328469)
(92826, 0.92328469)
(92129, 0.92328469)
(411474, 0.92327789)
(21736, 0.92327789)
(27939, 0.92327789)
(254745, 0.92327789)
(367224, 0.92327789)
(322184, 0.92327789)
(327011, 0.92327781)
(169461, 0.92327781)
(71040, 0.92327781)
(323673, 0.92327781)
(107539, 0.92327781)
(76222, 0.92327781)
(225991, 0.92327781)
(20084, 0.92327781)
(344856, 0.92327781)
(199117, 0.92327781)
(374431, 0.92327781)
(420347, 0.92327781)
(106880, 0.92327781)
(189920, 0.92327781)
(240860, 0.92327781)
(210835, 0.92327773)
(384982, 0.92327773)
(11576, 0.92327773)
(37740, 0.92327773)
(292233, 0.92327773)
(336177, 0.92327773)
(380759, 0.92327773)
(76634, 0.92327773)
(242571, 0.92327773)
(159569, 0.92327773)
(206940, 0.92327764)
(347805, 0.92327093)
(286021, 0.92327093)
(153092, 0.92327085)
(367545, 0.92327085)
(269506, 0.92327085)
(13344, 0.92327085)
(369319, 0.92327085)
(261660, 0.92327085)
(283001, 0.92327085)
(234178, 0.92327085)
(270616, 0.92327085)
(393946, 0.92327076)
(117155, 0.92327076)
(147697, 0.92327076)
(110592, 0.92327076)
(357633, 0.92327076)
(337174, 0.92327076)
(56397, 0.92327076)
(418525, 0.92327076)
(140355, 0.92327076)
(233974, 0.92327076)
(82479, 0.92327076)
(157831, 0.92327076)
(28539, 0.92327076)
(105424, 0.92327076)
(49608, 0.92326389)
(214932, 0.92326389)
(187264, 0.92326389)
(194356, 0.9232638)
(74990, 0.9232638)
(272011, 0.9232638)
(124449, 0.9232638)
(101626, 0.92326372)
(322860, 0.92326372)
(253365, 0.92326372)
(135974, 0.92326372)
(397200, 0.92326372)
(72803, 0.92326372)
(271099, 0.92326372)
(143053, 0.92326372)
(378307, 0.92326372)
(403409, 0.92325692)
(295247, 0.92325684)
(408545, 0.92325684)
(99746, 0.92325684)
(88137, 0.92325676)
(219309, 0.92325676)
(329021, 0.92325676)
(394626, 0.92325676)
(301821, 0.92325676)
(244538, 0.92325676)
(301244, 0.92325676)
(47973, 0.92325668)
(345098, 0.92324988)
(273052, 0.9232498)
(187885, 0.9232498)
(92610, 0.92324971)
(92101, 0.92324971)
(391394, 0.92324284)
(411493, 0.92324284)
(148384, 0.92324275)
(128401, 0.92323579)
(154171, 0.9221712)
(224671, 0.92217112)
(185734, 0.92216432)
(78351, 0.92216424)
(354734, 0.92215728)
(213829, 0.92215719)
(322684, 0.9221504)
(360840, 0.92215023)
(227592, 0.92215023)
(257309, 0.92215015)
(196066, 0.92214335)
(54740, 0.92214335)
(133993, 0.92214335)
(153855, 0.92214335)
(364568, 0.92214327)
(188158, 0.92214327)
(120870, 0.92214327)
(98839, 0.92214327)
(78990, 0.92214327)
(274633, 0.92214327)
(327295, 0.92214327)
(40728, 0.92214319)
(213128, 0.92214319)
(302641, 0.92213639)
(219576, 0.92213639)
(297460, 0.92213639)
(353846, 0.92213631)
(153117, 0.92213631)
(106895, 0.92213631)
(36620, 0.92213631)
(272658, 0.92213631)
(319983, 0.92213631)
(385633, 0.92213631)
(391600, 0.92213631)
(160398, 0.92213631)
(365297, 0.92213631)
(23541, 0.92213623)
(99591, 0.92213623)
(25847, 0.92213623)
(342074, 0.92213623)
(191876, 0.92213623)
(141306, 0.92213623)
(49064, 0.92213623)
(397259, 0.92213623)
(400530, 0.92213623)
(337029, 0.92212943)
(331045, 0.92212943)
(112944, 0.92212935)
(386612, 0.92212935)
(196357, 0.92212935)
(156417, 0.92212935)
(8927, 0.92212935)
(184008, 0.92212935)
(138336, 0.92212935)
(378283, 0.92212927)
(23786, 0.92212927)
(323501, 0.92212927)
(279765, 0.92212927)
(325677, 0.92212927)
(200588, 0.92212927)
(94006, 0.92212927)
(364781, 0.92212927)
(361146, 0.92212927)
(390876, 0.92212927)
(196171, 0.92212927)
(300369, 0.92212927)
(166619, 0.92212927)
(123476, 0.92212927)
(265203, 0.92212239)
(78296, 0.92212239)
(417975, 0.92212239)
(313601, 0.92212239)
(262048, 0.92212239)
(301599, 0.92212239)
(302988, 0.92212239)
(11802, 0.9221223)
(98099, 0.9221223)
(360956, 0.9221223)
(3990, 0.9221223)
(318637, 0.9221223)
(276447, 0.9221223)
(324365, 0.9221223)
(76964, 0.9221223)
(250707, 0.9221223)
(156247, 0.9221223)
(19857, 0.9221223)
(356622, 0.9221223)
(160269, 0.9221223)
(292679, 0.9221223)
(55501, 0.9221223)
(341589, 0.9221223)
(222401, 0.9221223)
(313054, 0.9221223)
(297338, 0.9221223)
(150222, 0.92212222)
(361817, 0.92212222)
(174044, 0.92212222)
(116599, 0.92212222)
(386265, 0.92212222)
(117154, 0.92211543)
(370751, 0.92211543)
(416649, 0.92211543)
(330248, 0.92211543)
(300655, 0.92211534)
(152222, 0.92211534)
(387737, 0.92211534)
(144463, 0.92211534)
(402909, 0.92211534)
(150183, 0.92211534)
(179234, 0.92211534)
(201394, 0.92211534)
(69137, 0.92211534)
(215837, 0.92211534)
(5479, 0.92211534)
(418178, 0.92211534)
(19616, 0.92211534)
(413011, 0.92211534)
(246720, 0.92211534)
(325466, 0.92211534)
(386549, 0.92211534)
(98263, 0.92211526)
(278413, 0.92211526)
(380725, 0.92211526)
(86734, 0.92211526)
(55609, 0.92211526)
(124349, 0.92211526)
(327669, 0.92211526)
(390248, 0.92211526)
(409894, 0.92211526)
(79046, 0.92211518)
(378612, 0.92211518)
(347513, 0.92210846)
(64435, 0.92210846)
(369573, 0.92210846)
(26214, 0.92210846)
(3253, 0.92210838)
(198663, 0.92210838)
(419182, 0.92210838)
(400231, 0.92210838)
(339455, 0.92210838)
(340986, 0.92210838)
(372466, 0.92210838)
(211310, 0.92210838)
(357256, 0.92210838)
(66414, 0.92210838)
(381239, 0.9221083)
(218291, 0.9221083)
(290004, 0.9221083)
(35181, 0.9221083)
(290361, 0.9221083)
(345132, 0.9221083)
(319653, 0.9221083)
(198959, 0.9221083)
(122576, 0.9221083)
(154915, 0.9221083)
(259991, 0.9221083)
(662, 0.9221083)
(115331, 0.9221083)
(394803, 0.9221083)
(57171, 0.9221083)
(202721, 0.9221083)
(321100, 0.92210813)
(133649, 0.9221015)
(335933, 0.92210142)
(411099, 0.92210142)
(289115, 0.92210142)
(197186, 0.92210142)
(378826, 0.92210134)
(339784, 0.92210134)
(367399, 0.92210134)
(102461, 0.92210134)
(388416, 0.92210134)
(17269, 0.92210134)
(169882, 0.92210134)
(179761, 0.92210134)
(214753, 0.92210134)
(81829, 0.92210134)
(29582, 0.92210134)
(3526, 0.92210134)
(182467, 0.92210125)
(231983, 0.92210125)
(318177, 0.92210125)
(173466, 0.92210125)
(82280, 0.92210125)
(349106, 0.92210125)
(165171, 0.92210125)
(237959, 0.92210125)
(241182, 0.92210125)
(332672, 0.92210125)
(74371, 0.92210125)
(202220, 0.92210125)
(264078, 0.92209446)
(86407, 0.92209438)
(115764, 0.92209438)
(143994, 0.92209438)
(339293, 0.92209438)
(311449, 0.92209438)
(305996, 0.92209438)
(246351, 0.92209438)
(361386, 0.92209438)
(410560, 0.92209438)
(337393, 0.92209429)
(105066, 0.92209429)
(44491, 0.92209429)
(52562, 0.92209429)
(407448, 0.92209429)
(291501, 0.92209429)
(72350, 0.92209429)
(60713, 0.92209429)
(38620, 0.92209429)
(159067, 0.92209421)
(333199, 0.92209421)
(82989, 0.92209421)
(172772, 0.92209421)
(271217, 0.92208741)
(246205, 0.92208733)
(205711, 0.92208733)
(365338, 0.92208733)
(385608, 0.92208733)
(303557, 0.92208733)
(44772, 0.92208733)
(56271, 0.92208733)
(17486, 0.92208733)
(140846, 0.92208733)
(17060, 0.92208733)
(302885, 0.92208733)
(270995, 0.92208733)
(206017, 0.92208725)
(319250, 0.92208725)
(418320, 0.92208717)
(139145, 0.92208045)
(372265, 0.92208045)
(21599, 0.92208037)
(261666, 0.92208029)
(143649, 0.92208029)
(215937, 0.9220802)
(123861, 0.9220802)
(325869, 0.92207341)
(360148, 0.92207341)
(284752, 0.92207341)
(327735, 0.92207333)
(146844, 0.92207333)
(255404, 0.92207324)
(146392, 0.92206645)
(26407, 0.92206637)
(313199, 0.92206628)
(179253, 0.9220662)
(316838, 0.92205236)
(150633, 0.92205236)
(135371, 0.92098072)
(10050, 0.92097385)
(54714, 0.92097385)
(343593, 0.92097385)
(299578, 0.92097376)
(297902, 0.92097376)
(398102, 0.92096688)
(102644, 0.9209668)
(134532, 0.9209668)
(96378, 0.9209668)
(247290, 0.9209668)
(385616, 0.9209668)
(59454, 0.9209668)
(146356, 0.9209668)
(326775, 0.92095992)
(62557, 0.92095984)
(286853, 0.92095984)
(296320, 0.92095984)
(251617, 0.92095984)
(248079, 0.92095984)
(186754, 0.92095976)
(112992, 0.92095976)
(136671, 0.92095976)
(280995, 0.92095976)
(144149, 0.92095976)
(118880, 0.92095304)
(152238, 0.92095296)
(297730, 0.92095296)
(297327, 0.92095296)
(328950, 0.92095288)
(51473, 0.92095288)
(261526, 0.92095288)
(9561, 0.92095288)
(398820, 0.92095288)
(128654, 0.92095288)
(168897, 0.92095288)
(37776, 0.92095288)
(338147, 0.92095288)
(396947, 0.9209528)
(194992, 0.9209528)
(19297, 0.9209528)
(104315, 0.9209528)
(317753, 0.9209528)
(347537, 0.9209528)
(267882, 0.9209528)
(235623, 0.9209528)
(89747, 0.9209528)
(419448, 0.9209528)
(128788, 0.9209528)
(248502, 0.9209528)
(382003, 0.92095271)
(412547, 0.92095271)
(53658, 0.92094592)
(161672, 0.92094592)
(276568, 0.92094592)
(250123, 0.92094592)
(413889, 0.92094592)
(47966, 0.92094583)
(201418, 0.92094583)
(83019, 0.92094583)
(306105, 0.92094583)
(294943, 0.92094583)
(365684, 0.92094583)
(373315, 0.92094583)
(404104, 0.92094583)
(91467, 0.92094583)
(177502, 0.92094575)
(388887, 0.92093904)
(166382, 0.92093904)
(177222, 0.92093904)
(250768, 0.92093896)
(244896, 0.92093896)
(212271, 0.92093896)
(176503, 0.92093896)
(69350, 0.92093887)
(416697, 0.92093887)
(151940, 0.92093887)
(139752, 0.92093887)
(73654, 0.92093887)
(53034, 0.92093887)
(391204, 0.92093887)
(183362, 0.92093887)
(113048, 0.92093887)
(288157, 0.92093879)
(262935, 0.92093879)
(363373, 0.92093879)
(419714, 0.92093879)
(57497, 0.92093879)
(301688, 0.92093879)
(50312, 0.92093879)
(360606, 0.92093879)
(418264, 0.92093879)
(81369, 0.92093879)
(108453, 0.92093871)
(40857, 0.92093199)
(70461, 0.92093191)
(365773, 0.92093191)
(410810, 0.92093191)
(89243, 0.92093191)
(222964, 0.92093191)
(301118, 0.92093191)
(238272, 0.92093191)
(98787, 0.92093191)
(171944, 0.92093191)
(165886, 0.92093191)
(163359, 0.92093183)
(393556, 0.92093183)
(330672, 0.92093183)
(208519, 0.92093183)
(274548, 0.92093183)
(83873, 0.92093183)
(175052, 0.92093183)
(401084, 0.92093183)
(332300, 0.92093175)
(370163, 0.92093175)
(242133, 0.92093175)
(229494, 0.92093175)
(254005, 0.92092503)
(79762, 0.92092495)
(117507, 0.92092495)
(310833, 0.92092495)
(36371, 0.92092495)
(108596, 0.92092495)
(321351, 0.92092487)
(226356, 0.92092487)
(238846, 0.92092487)
(332227, 0.92092487)
(171454, 0.92092487)
(276874, 0.92092487)
(231903, 0.92092487)
(302329, 0.92092487)
(394077, 0.92092487)
(390930, 0.92092487)
(259318, 0.92092487)
(281009, 0.92092487)
(27878, 0.92092478)
(151521, 0.92092478)
(332113, 0.92092478)
(244700, 0.9209247)
(357572, 0.92091799)
(22936, 0.92091799)
(228468, 0.92091791)
(176391, 0.92091791)
(22108, 0.92091791)
(167815, 0.92091791)
(346128, 0.92091791)
(365242, 0.92091791)
(242689, 0.92091791)
(42216, 0.92091791)
(238506, 0.92091791)
(119130, 0.92091791)
(6620, 0.92091782)
(18038, 0.92091782)
(178826, 0.92091782)
(85063, 0.92091782)
(221200, 0.92091782)
(389955, 0.92091782)
(30567, 0.92091782)
(131545, 0.92091782)
(5469, 0.92091782)
(71045, 0.92091782)
(42444, 0.92091774)
(48828, 0.92091774)
(112505, 0.92091103)
(390145, 0.92091094)
(98520, 0.92091094)
(97774, 0.92091086)
(288995, 0.92091086)
(245190, 0.92091086)
(334080, 0.92091086)
(44882, 0.92091078)
(113510, 0.92091078)
(52382, 0.92091078)
(360953, 0.92090407)
(266290, 0.92090407)
(285376, 0.9209039)
(325578, 0.92090382)
(334653, 0.92090382)
(11042, 0.92090382)
(358709, 0.92090373)
(82034, 0.92090373)
(234583, 0.92089694)
(417622, 0.92089677)
(150256, 0.92089677)
(386973, 0.92089677)
(60858, 0.92089006)
(399370, 0.92088998)
(119252, 0.92088998)
(129726, 0.92088989)
(50449, 0.92088989)
(296176, 0.92088293)
(381483, 0.92087589)
(223205, 0.92086188)
(159030, 0.91980434)
(105711, 0.91979737)
(83558, 0.91979041)
(137166, 0.91979041)
(116230, 0.91979033)
(64902, 0.91979033)
(156792, 0.91979033)
(416485, 0.91979033)
(302500, 0.91979025)
(271168, 0.91978345)
(333039, 0.91978337)
(77974, 0.91978329)
(94250, 0.91978329)
(75732, 0.91978329)
(122949, 0.91977649)
(69001, 0.91977641)
(2136, 0.91977641)
(120858, 0.91977641)
(255532, 0.91977641)
(340967, 0.91977641)
(359871, 0.91977641)
(366810, 0.91977641)
(118293, 0.91977632)
(300546, 0.91977632)
(239538, 0.91977632)
(116129, 0.91977632)
(34690, 0.91977632)
(343701, 0.91977632)
(184664, 0.91977624)
(98832, 0.91976953)
(218754, 0.91976953)
(384130, 0.91976945)
(204031, 0.91976945)
(161922, 0.91976945)
(10748, 0.91976945)
(61761, 0.91976945)
(73446, 0.91976945)
(361702, 0.91976945)
(46071, 0.91976936)
(201806, 0.91976936)
(95551, 0.91976936)
(216271, 0.91976936)
(99244, 0.91976936)
(301775, 0.91976936)
(381435, 0.91976936)
(149798, 0.91976936)
(392339, 0.91976936)
(8564, 0.91976936)
(296380, 0.91976928)
(222887, 0.91976928)
(342335, 0.9197624)
(27438, 0.9197624)
(221056, 0.9197624)
(19301, 0.9197624)
(180924, 0.9197624)
(118972, 0.9197624)
(235893, 0.9197624)
(153197, 0.9197624)
(202884, 0.9197624)
(265796, 0.91976232)
(126089, 0.91976232)
(82009, 0.91976232)
(176335, 0.91976232)
(298479, 0.91976232)
(272710, 0.91976232)
(236398, 0.91976232)
(142885, 0.91976232)
(192663, 0.91975552)
(382689, 0.91975552)
(149978, 0.91975544)
(43969, 0.91975544)
(205935, 0.91975544)
(375985, 0.91975536)
(105318, 0.91975536)
(212866, 0.91975536)
(117560, 0.91975536)
(386364, 0.91975536)
(360300, 0.91975527)
(95978, 0.91975527)
(390000, 0.91975527)
(141972, 0.91974848)
(168661, 0.91974848)
(21626, 0.91974848)
(239161, 0.9197484)
(281075, 0.9197484)
(153615, 0.9197484)
(120276, 0.9197484)
(371685, 0.9197484)
(138591, 0.9197484)
(118622, 0.91974831)
(123075, 0.91974831)
(212308, 0.91974831)
(241224, 0.91974831)
(290535, 0.91974831)
(19739, 0.91974831)
(320372, 0.91974831)
(102347, 0.91974831)
(23695, 0.91974831)
(40082, 0.91974831)
(396023, 0.91974831)
(238609, 0.91974152)
(131308, 0.91974152)
(357693, 0.91974152)
(250485, 0.91974152)
(235677, 0.91974144)
(248785, 0.91974144)
(346146, 0.91974144)
(141184, 0.91974144)
(80643, 0.91974144)
(245704, 0.91974144)
(317894, 0.91974135)
(36035, 0.91974135)
(380904, 0.91974135)
(398955, 0.91973456)
(2211, 0.91973447)
(305588, 0.91973447)
(147392, 0.91973447)
(399037, 0.91973439)
(278267, 0.91973439)
(24031, 0.91973439)
(289195, 0.91973439)
(245850, 0.91973439)
(26199, 0.91973439)
(314750, 0.91973439)
(85477, 0.91973439)
(90995, 0.91973439)
(138317, 0.91973439)
(263227, 0.91973431)
(111629, 0.91973431)
(90271, 0.91973431)
(229588, 0.9197276)
(167924, 0.91972743)
(361442, 0.91972743)
(229675, 0.91972743)
(244890, 0.91972743)
(322826, 0.91972743)
(340838, 0.91972743)
(105118, 0.91972735)
(323994, 0.91972735)
(386355, 0.91972735)
(197420, 0.91972735)
(94972, 0.91972735)
(247024, 0.91972047)
(376656, 0.91972047)
(205545, 0.91972047)
(321122, 0.91972047)
(308699, 0.91972047)
(111565, 0.91972039)
(348942, 0.9197203)
(199788, 0.9197203)
(309331, 0.91972022)
(843, 0.91971351)
(392613, 0.91971351)
(272949, 0.91971342)
(32070, 0.91971342)
(21890, 0.91971334)
(61689, 0.91971326)
(160926, 0.91970646)
(324132, 0.91970646)
(262634, 0.91970646)
(373799, 0.91970638)
(202169, 0.91970638)
(243264, 0.91970638)
(213106, 0.91970638)
(73125, 0.91969246)
(360079, 0.91969237)
(79312, 0.91966436)
(400259, 0.9186209)
(161286, 0.91862082)
(27350, 0.91861394)
(295595, 0.91861386)
(230994, 0.91861386)
(79304, 0.91861378)
(4899, 0.91860698)
(384506, 0.9186069)
(354825, 0.9186069)
(47168, 0.9186069)
(89900, 0.9186069)
(142770, 0.9186069)
(310727, 0.91860002)
(353113, 0.91859994)
(134529, 0.91859994)
(332108, 0.91859985)
(392346, 0.91859985)
(169056, 0.91859298)
(66006, 0.91859298)
(402734, 0.91859298)
(354025, 0.91859298)
(262566, 0.91859289)
(366339, 0.91859289)
(43431, 0.91859281)
(407675, 0.91859281)
(335169, 0.91859281)
(221828, 0.91859281)
(168210, 0.91859273)
(128076, 0.91858601)
(322256, 0.91858601)
(281448, 0.91858593)
(50028, 0.91858585)
(108613, 0.91858585)
(162858, 0.91858585)
(330947, 0.91858585)
(277507, 0.91857905)
(196623, 0.91857897)
(365095, 0.91857897)
(243138, 0.91857897)
(231065, 0.91857897)
(322100, 0.91857897)
(396810, 0.91857897)
(358437, 0.91857897)
(236950, 0.91857897)
(321992, 0.91857889)
(265025, 0.91857889)
(130312, 0.91857889)
(56293, 0.91857201)
(416189, 0.91857201)
(415390, 0.91857201)
(413139, 0.91857201)
(169733, 0.91857201)
(96881, 0.91857201)
(185753, 0.91857193)
(386940, 0.91857193)
(123963, 0.91857193)
(199913, 0.91857193)
(132448, 0.91857184)
(259933, 0.91857184)
(212566, 0.91856505)
(65923, 0.91856505)
(108219, 0.91856505)
(60867, 0.91856505)
(605, 0.91856505)
(284121, 0.91856496)
(297087, 0.91856496)
(172827, 0.91856496)
(419394, 0.91856496)
(290979, 0.91856496)
(90276, 0.91856496)
(113744, 0.91856496)
(303495, 0.91856496)
(76238, 0.91856488)
(307373, 0.91856488)
(291672, 0.91856488)
(391798, 0.91856488)
(11904, 0.918558)
(243978, 0.918558)
(95997, 0.918558)
(72313, 0.91855792)
(4050, 0.91855792)
(148251, 0.91855792)
(157970, 0.91855792)
(337765, 0.91855792)
(391148, 0.91855792)
(82481, 0.91855792)
(307661, 0.91855792)
(361032, 0.91855792)
(41495, 0.91855784)
(131273, 0.91855775)
(325886, 0.91855112)
(197723, 0.91855104)
(399195, 0.91855096)
(210850, 0.91855096)
(200545, 0.91855096)
(115069, 0.91855096)
(388007, 0.91855096)
(64107, 0.91855088)
(17837, 0.91855088)
(242562, 0.918544)
(277670, 0.918544)
(405307, 0.918544)
(262705, 0.918544)
(77205, 0.91854391)
(209763, 0.91854391)
(378975, 0.91853712)
(307689, 0.91853695)
(256246, 0.91853016)
(322146, 0.91852999)
(186142, 0.91852303)
(216292, 0.91852303)
(280734, 0.91852295)
(168909, 0.91852295)
(81954, 0.91851599)
(280506, 0.91850198)
(179898, 0.91745836)
(192934, 0.91743051)
(211490, 0.91743043)
(30596, 0.91742347)
(203317, 0.91742347)
(317386, 0.91742347)
(1058, 0.91742347)
(225374, 0.91742338)
(58747, 0.91742338)
(49656, 0.91742338)
(368051, 0.91742338)
(68033, 0.91741651)
(308635, 0.91741651)
(186523, 0.91741634)
(351191, 0.91741634)
(166421, 0.91740954)
(22540, 0.91740946)
(308416, 0.91740946)
(227264, 0.91740946)
(351677, 0.91740946)
(332521, 0.91740946)
(40705, 0.91740938)
(336784, 0.91740938)
(218323, 0.91740938)
(270187, 0.91740938)
(417023, 0.91740938)
(86633, 0.91740258)
(323446, 0.91740258)
(18540, 0.9174025)
(400076, 0.9174025)
(33210, 0.9174025)
(252554, 0.91740242)
(141308, 0.91740242)
(216584, 0.91740242)
(232450, 0.91740242)
(335114, 0.91740242)
(401663, 0.91740242)
(391262, 0.91740242)
(126853, 0.91740233)
(371755, 0.91740233)
(188582, 0.91739546)
(410625, 0.91739546)
(135965, 0.91739546)
(251942, 0.91739546)
(49915, 0.91739546)
(152280, 0.91739546)
(92230, 0.91739537)
(131793, 0.91738858)
(318721, 0.91738858)
(310063, 0.91738858)
(245737, 0.91738858)
(203416, 0.91738849)
(203449, 0.91738849)
(173590, 0.91738849)
(214885, 0.91738849)
(198995, 0.91738849)
(246398, 0.91738841)
(99303, 0.91738841)
(57386, 0.91738841)
(333495, 0.91738841)
(254980, 0.91738841)
(283704, 0.91738841)
(52908, 0.91738833)
(225466, 0.91738162)
(384804, 0.91738153)
(318694, 0.91738145)
(55925, 0.91738145)
(324874, 0.91738137)
(222752, 0.91737457)
(338652, 0.91737449)
(128706, 0.91737441)
(63159, 0.91737441)
(159858, 0.91737441)
(196179, 0.91737441)
(318632, 0.91737441)
(407606, 0.91736753)
(351796, 0.91736753)
(31505, 0.91736744)
(275469, 0.91736744)
(35523, 0.91736736)
(386086, 0.91736736)
(209809, 0.91736057)
(59088, 0.91736048)
(318396, 0.91736048)
(224981, 0.9173604)
(323108, 0.9173604)
(341882, 0.91735352)
(126203, 0.91735344)
(311234, 0.91735336)
(136453, 0.91734648)
(187909, 0.91733239)
(121608, 0.91732543)
(212848, 0.91732543)
(102595, 0.91626092)
(177533, 0.91625396)
(139648, 0.91625396)
(67026, 0.91625387)
(403437, 0.91624012)
(278700, 0.91624003)
(292166, 0.91624003)
(38760, 0.91623995)
(25861, 0.91623995)
(94888, 0.91623299)
(64886, 0.91623299)
(154702, 0.91623291)
(318754, 0.91623282)
(30399, 0.91622611)
(124589, 0.91622603)
(391867, 0.91622603)
(84746, 0.91622603)
(233100, 0.91622586)
(386645, 0.91622586)
(92232, 0.91622586)
(355911, 0.91621915)
(41537, 0.91621907)
(82119, 0.91621907)
(12577, 0.91621898)
(345203, 0.91621898)
(235578, 0.9162189)
(223333, 0.9162189)
(150470, 0.91621211)
(20787, 0.91621202)
(190140, 0.91621202)
(94173, 0.91621202)
(27859, 0.91621202)
(152010, 0.91621202)
(342261, 0.91621202)
(295890, 0.91621194)
(324891, 0.91621194)
(25342, 0.91621186)
(317112, 0.91620506)
(276745, 0.91620498)
(41805, 0.9162049)
(13238, 0.9162049)
(33311, 0.9161981)
(141669, 0.91619802)
(27945, 0.91619802)
(196146, 0.91619793)
(244953, 0.91619785)
(414008, 0.91619122)
(211059, 0.91619114)
(25665, 0.91619114)
(181033, 0.91619106)
(40584, 0.91619106)
(44070, 0.91619097)
(396888, 0.91618409)
(42188, 0.91618401)
(10779, 0.91618401)
(375955, 0.91618393)
(384150, 0.91618393)
(391896, 0.91618393)
(26253, 0.91617705)
(132506, 0.91617688)
(258776, 0.91616992)
(400262, 0.91616992)
(337897, 0.91616984)
(56418, 0.91616305)
(12264, 0.91616305)
(190620, 0.916156)
(412461, 0.91614912)
(336761, 0.91508437)
(227149, 0.91507757)
(246748, 0.91507044)
(211863, 0.91507044)
(193257, 0.91507044)
(8149, 0.91506356)
(222574, 0.9150566)
(277661, 0.91505644)
(111670, 0.91505635)
(19125, 0.91504956)
(254739, 0.91504939)
(278378, 0.91504939)
(228902, 0.9150426)
(340021, 0.9150426)
(58482, 0.9150426)
(226257, 0.91504251)
(45452, 0.91504251)
(38250, 0.91503564)
(284131, 0.91503555)
(339210, 0.91503555)
(397801, 0.91503547)
(417097, 0.91502867)
(186930, 0.91502867)
(371589, 0.91502859)
(165175, 0.91502851)
(288144, 0.91502851)
(157169, 0.91502843)
(67606, 0.91502163)
(387230, 0.91502155)
(402323, 0.91502155)
(82323, 0.91502155)
(161489, 0.91502146)
(217763, 0.91501459)
(264767, 0.91501459)
(80681, 0.91501442)
(372196, 0.91500762)
(88336, 0.91500762)
(196795, 0.91500754)
(206382, 0.91500754)
(119589, 0.91500754)
(186496, 0.91499362)
(297777, 0.91499362)
(216452, 0.91499354)
(35611, 0.91497961)
(183688, 0.91497265)
(176861, 0.91388701)
(328094, 0.91387309)
(215864, 0.913873)
(395141, 0.91386613)
(302586, 0.91385908)
(127270, 0.913859)
(140599, 0.91385892)
(189871, 0.91385892)
(318618, 0.91385892)
(151754, 0.91385883)
(65579, 0.9138522)
(28701, 0.91385204)
(203442, 0.91385204)
(240881, 0.91384516)
(178590, 0.91384516)
(126032, 0.91384516)
(156431, 0.91384516)
(244649, 0.91384508)
(291895, 0.91384508)
(117850, 0.9138382)
(87722, 0.9138382)
(43874, 0.91383812)
(417885, 0.91383812)
(338754, 0.91383107)
(396481, 0.91382436)
(225853, 0.9137961)
(330225, 0.91377521)
(401608, 0.91376121)
(405605, 0.91269662)
(267184, 0.91268261)
(39955, 0.91268261)
(164585, 0.91268253)
(199443, 0.91267565)
(50452, 0.91267557)
(230818, 0.91267548)
(19241, 0.91267548)
(282293, 0.91266861)
(97830, 0.91266861)
(236773, 0.91266164)
(147585, 0.91266148)
(204739, 0.91265452)
(353700, 0.91264772)
(160467, 0.91264756)
(183967, 0.91264068)
(173377, 0.91264059)
(49990, 0.91263355)
(384436, 0.91262675)
(237692, 0.91262667)
(382967, 0.91154807)
(412861, 0.91152006)
(254825, 0.91149918)
(69500, 0.91149918)
(70344, 0.91149222)
(351219, 0.91148517)
(404744, 0.91148509)
(58065, 0.91148509)
(236, 0.9114783)
(105261, 0.91147821)
(59679, 0.91147109)
(99786, 0.9103087)
(74763, 0.9103087)
(195265, 0.91029478)
(265310, 0.9102879)
(5393, 0.91028078)
(165912, 0.91028061)
(35950, 0.90912519)
(352886, 0.90911831)
(357949, 0.90908317)
(241779, 0.90794192)
