(388698, 0.93864179)
(362595, 0.93864179)
(329676, 0.93863483)
(371347, 0.93862778)
(168173, 0.93746532)
(190255, 0.93746532)
(379643, 0.93746532)
(78468, 0.93746532)
(67892, 0.93746532)
(107861, 0.93745836)
(267757, 0.93745836)
(54303, 0.93745836)
(126073, 0.93745836)
(70493, 0.93745836)
(7363, 0.93745131)
(98602, 0.93744435)
(234941, 0.93744427)
(320481, 0.93628885)
(299183, 0.93628885)
(212000, 0.93628885)
(184960, 0.93628885)
(196100, 0.93628885)
(135914, 0.93628189)
(210474, 0.93628189)
(94575, 0.93628189)
(379792, 0.93628189)
(253676, 0.93628189)
(182054, 0.93628189)
(294335, 0.93628189)
(63106, 0.93628189)
(53905, 0.93628189)
(305147, 0.93628189)
(154347, 0.93628189)
(364068, 0.93628189)
(363666, 0.93628189)
(308736, 0.93628189)
(247093, 0.93627492)
(309304, 0.93627492)
(334952, 0.93627492)
(194670, 0.93627492)
(177195, 0.93627492)
(64540, 0.93627492)
(274116, 0.93627484)
(351972, 0.93627484)
(84406, 0.93627484)
(79603, 0.93627484)
(212556, 0.93627484)
(88344, 0.93627484)
(373637, 0.93626788)
(35670, 0.93626788)
(349260, 0.93626788)
(310812, 0.93626788)
(297707, 0.93626788)
(210445, 0.93626788)
(185050, 0.93626788)
(317550, 0.93626788)
(110990, 0.93626788)
(254637, 0.93626788)
(263304, 0.93626788)
(391568, 0.93626788)
(108019, 0.93626084)
(38684, 0.93626084)
(238208, 0.93625387)
(292962, 0.93511238)
(301301, 0.93511238)
(315726, 0.93511238)
(321535, 0.93511238)
(377202, 0.93511238)
(325025, 0.93511238)
(63630, 0.93511238)
(179603, 0.93511238)
(221814, 0.93510541)
(121390, 0.93510541)
(405326, 0.93510541)
(82239, 0.93510541)
(94085, 0.93510541)
(176690, 0.93510541)
(152992, 0.93510541)
(314484, 0.93510541)
(410737, 0.93510541)
(389643, 0.93510541)
(322497, 0.93510541)
(187384, 0.93510541)
(266565, 0.93510541)
(352465, 0.93510541)
(186207, 0.93510541)
(294904, 0.93510541)
(77633, 0.93510541)
(6712, 0.93510541)
(84582, 0.93510533)
(318486, 0.93509845)
(249692, 0.93509845)
(276816, 0.93509845)
(416442, 0.93509845)
(403598, 0.93509845)
(383349, 0.93509845)
(270343, 0.93509845)
(48031, 0.93509845)
(114455, 0.93509845)
(12537, 0.93509845)
(131688, 0.93509845)
(60431, 0.93509845)
(292375, 0.93509837)
(76383, 0.93509837)
(141921, 0.93509837)
(148683, 0.93509837)
(180194, 0.93509837)
(300163, 0.93509837)
(257078, 0.93509837)
(156516, 0.93509149)
(287824, 0.93509149)
(401717, 0.93509149)
(166085, 0.93509149)
(136451, 0.93509149)
(39167, 0.93509141)
(356497, 0.93509141)
(416478, 0.93509141)
(349901, 0.93509141)
(417861, 0.93509141)
(382420, 0.93509141)
(148155, 0.93509141)
(253061, 0.93509141)
(243979, 0.93509141)
(338983, 0.93509141)
(163639, 0.93509141)
(15679, 0.93509141)
(388249, 0.93509141)
(130156, 0.93509141)
(180377, 0.93509141)
(300345, 0.93509141)
(203348, 0.93509141)
(93220, 0.93509141)
(12110, 0.93509141)
(31937, 0.93509141)
(105181, 0.93508453)
(112687, 0.93508445)
(291430, 0.93508445)
(15375, 0.93508445)
(257719, 0.93508445)
(416834, 0.93508445)
(399971, 0.93508445)
(165015, 0.93508445)
(190046, 0.93508445)
(263568, 0.93508445)
(414443, 0.93508437)
(161035, 0.93508437)
(110650, 0.9350774)
(157944, 0.9350774)
(107328, 0.9350774)
(92895, 0.9350774)
(412046, 0.93393591)
(25885, 0.93393591)
(206490, 0.93393591)
(400484, 0.93393591)
(312849, 0.93393591)
(87602, 0.93393591)
(388466, 0.93393591)
(13567, 0.93392894)
(195925, 0.93392894)
(336440, 0.93392894)
(246114, 0.93392894)
(260811, 0.93392894)
(294091, 0.93392894)
(286339, 0.93392894)
(362082, 0.93392894)
(249481, 0.93392894)
(98620, 0.93392894)
(126940, 0.93392894)
(247248, 0.93392894)
(190972, 0.93392894)
(143032, 0.93392894)
(344279, 0.93392894)
(128190, 0.93392894)
(391403, 0.93392894)
(193634, 0.93392198)
(220533, 0.93392198)
(338001, 0.93392198)
(126179, 0.93392198)
(117218, 0.93392198)
(240981, 0.93392198)
(289769, 0.93392198)
(44436, 0.93392198)
(250930, 0.93392198)
(60025, 0.93392198)
(297683, 0.93392198)
(159656, 0.93392198)
(228340, 0.9339219)
(166502, 0.9339219)
(234068, 0.9339219)
(128489, 0.9339219)
(145642, 0.9339219)
(296630, 0.9339219)
(377295, 0.9339219)
(106350, 0.9339219)
(412943, 0.9339219)
(180556, 0.9339219)
(330561, 0.9339219)
(135664, 0.9339219)
(24187, 0.93391502)
(33470, 0.93391502)
(201300, 0.93391502)
(274946, 0.93391502)
(49140, 0.93391502)
(48668, 0.93391502)
(390049, 0.93391502)
(361511, 0.93391502)
(304053, 0.93391502)
(242366, 0.93391502)
(259478, 0.93391502)
(243947, 0.93391494)
(26983, 0.93391494)
(73916, 0.93391494)
(28692, 0.93391494)
(146048, 0.93391494)
(158690, 0.93391494)
(284276, 0.93391494)
(81487, 0.93391494)
(268236, 0.93391494)
(322639, 0.93391494)
(273918, 0.93391494)
(188578, 0.93391494)
(148592, 0.93391494)
(315314, 0.93391494)
(258547, 0.93391494)
(290094, 0.93391494)
(234083, 0.93391494)
(234801, 0.93391494)
(395544, 0.93391494)
(359164, 0.93391494)
(171495, 0.93391494)
(91971, 0.93391494)
(150957, 0.93390806)
(32848, 0.93390806)
(396137, 0.93390806)
(98561, 0.93390806)
(37457, 0.93390806)
(237373, 0.93390798)
(272932, 0.93390798)
(250414, 0.93390798)
(274421, 0.93390798)
(88333, 0.93390798)
(239896, 0.93390798)
(66863, 0.93390798)
(92017, 0.93390798)
(180769, 0.93390798)
(252667, 0.93390798)
(161450, 0.93390798)
(345704, 0.93390798)
(160753, 0.93390798)
(239555, 0.93390798)
(309792, 0.93390798)
(211157, 0.93390798)
(35805, 0.93390798)
(144843, 0.93390798)
(379261, 0.93390798)
(232299, 0.93390798)
(229029, 0.93390798)
(61116, 0.93390798)
(288468, 0.93390798)
(106345, 0.93390798)
(10676, 0.93390798)
(358943, 0.93390798)
(155688, 0.93390798)
(210273, 0.93390798)
(41543, 0.93390798)
(286741, 0.93390798)
(417745, 0.93390789)
(300026, 0.93390789)
(50108, 0.93390789)
(45516, 0.93390789)
(251426, 0.93390789)
(398288, 0.93390102)
(264347, 0.93390102)
(95756, 0.93390102)
(187840, 0.93390102)
(387667, 0.93390102)
(340418, 0.93390093)
(336326, 0.93390093)
(314785, 0.93390093)
(229090, 0.93390093)
(92404, 0.93390093)
(52209, 0.93390093)
(260046, 0.93390093)
(221379, 0.93390093)
(305262, 0.93390093)
(415365, 0.93389405)
(402710, 0.93389397)
(114637, 0.93389397)
(9021, 0.93389397)
(156565, 0.93389397)
(164680, 0.93389389)
(158795, 0.93389389)
(3677, 0.93389389)
(222267, 0.9327664)
(402151, 0.93275944)
(212660, 0.93275944)
(408610, 0.93275944)
(76291, 0.93275944)
(413035, 0.93275944)
(394372, 0.93275944)
(273751, 0.93275944)
(85122, 0.93275944)
(294212, 0.93275247)
(338025, 0.93275247)
(143963, 0.93275247)
(126739, 0.93275247)
(349621, 0.93275247)
(5649, 0.93275247)
(306486, 0.93275247)
(225118, 0.93275247)
(140499, 0.93275247)
(346223, 0.93275247)
(5349, 0.93275247)
(192470, 0.93275247)
(352002, 0.93275247)
(97067, 0.93275247)
(255882, 0.93275247)
(148990, 0.93275247)
(234620, 0.93275247)
(283141, 0.93275247)
(283132, 0.93275247)
(260033, 0.93275247)
(47304, 0.93274551)
(79383, 0.93274551)
(270252, 0.93274551)
(83775, 0.93274551)
(158008, 0.93274551)
(378431, 0.93274551)
(121429, 0.93274551)
(296922, 0.93274551)
(114955, 0.93274551)
(88506, 0.93274551)
(213261, 0.93274551)
(161913, 0.93274551)
(237096, 0.93274551)
(246692, 0.93274551)
(296610, 0.93274551)
(393106, 0.93274551)
(406080, 0.93274551)
(287443, 0.93274551)
(357084, 0.93274551)
(181933, 0.93274551)
(368398, 0.93274551)
(312544, 0.93274551)
(401635, 0.93274551)
(6337, 0.93274551)
(285377, 0.93274551)
(274837, 0.93274543)
(179658, 0.93274543)
(6196, 0.93274543)
(395970, 0.93274543)
(174190, 0.93274543)
(39308, 0.93274543)
(81433, 0.93274543)
(315389, 0.93274543)
(412440, 0.93273855)
(190539, 0.93273855)
(135923, 0.93273855)
(307388, 0.93273855)
(153518, 0.93273855)
(178767, 0.93273855)
(191564, 0.93273855)
(287679, 0.93273855)
(161130, 0.93273855)
(51034, 0.93273855)
(81510, 0.93273855)
(332620, 0.93273855)
(73927, 0.93273855)
(51715, 0.93273855)
(146807, 0.93273855)
(156834, 0.93273855)
(278793, 0.93273847)
(2078, 0.93273847)
(51310, 0.93273847)
(158791, 0.93273847)
(67232, 0.93273847)
(79953, 0.93273847)
(138454, 0.93273847)
(242217, 0.93273847)
(217714, 0.93273847)
(374613, 0.93273847)
(121636, 0.93273847)
(146245, 0.93273847)
(370636, 0.93273847)
(162284, 0.93273847)
(116080, 0.93273847)
(180008, 0.93273847)
(340014, 0.93273847)
(220327, 0.93273847)
(220767, 0.93273847)
(169729, 0.93273847)
(406857, 0.93273847)
(367629, 0.93273847)
(356703, 0.93273847)
(236379, 0.93273847)
(335214, 0.93273847)
(94082, 0.93273847)
(166665, 0.93273847)
(47588, 0.93273847)
(12171, 0.93273847)
(48002, 0.93273847)
(255600, 0.93273847)
(259356, 0.93273847)
(60036, 0.93273847)
(65078, 0.93273159)
(77360, 0.93273159)
(334328, 0.93273159)
(244227, 0.93273159)
(160983, 0.93273159)
(260434, 0.93273159)
(318963, 0.93273159)
(301646, 0.93273159)
(369107, 0.93273151)
(402035, 0.93273151)
(67194, 0.93273151)
(188281, 0.93273151)
(247772, 0.93273151)
(284866, 0.93273151)
(130291, 0.93273151)
(413225, 0.93273151)
(104754, 0.93273151)
(120121, 0.93273151)
(110348, 0.93273151)
(3245, 0.93273151)
(338866, 0.93273151)
(87852, 0.93273151)
(316379, 0.93273151)
(245443, 0.93273151)
(340478, 0.93273151)
(86679, 0.93273151)
(159337, 0.93273151)
(180577, 0.93273151)
(77851, 0.93273151)
(338571, 0.93273151)
(94511, 0.93273151)
(187220, 0.93273151)
(254102, 0.93273151)
(363914, 0.93273151)
(13998, 0.93273151)
(200969, 0.93273151)
(393044, 0.93273151)
(103231, 0.93273151)
(305884, 0.93273151)
(100293, 0.93273151)
(94000, 0.93273151)
(181363, 0.93273151)
(260006, 0.93273151)
(29778, 0.93273151)
(172755, 0.93273151)
(106296, 0.93273151)
(182561, 0.93273151)
(152188, 0.93273151)
(47958, 0.93273151)
(304689, 0.93273151)
(301474, 0.93273151)
(51622, 0.93273151)
(251733, 0.93273151)
(207151, 0.93273151)
(165259, 0.93273151)
(362938, 0.93273142)
(40961, 0.93273142)
(142379, 0.93273142)
(165387, 0.93273142)
(83966, 0.93273142)
(389941, 0.93273142)
(86347, 0.93273142)
(110809, 0.93273142)
(20069, 0.93272463)
(46539, 0.93272455)
(187178, 0.93272455)
(42414, 0.93272455)
(303583, 0.93272455)
(106562, 0.93272455)
(355773, 0.93272455)
(395051, 0.93272455)
(23894, 0.93272455)
(96050, 0.93272455)
(51306, 0.93272455)
(3105, 0.93272455)
(15592, 0.93272455)
(356577, 0.93272455)
(30584, 0.93272455)
(109520, 0.93272455)
(63019, 0.93272455)
(262024, 0.93272455)
(50749, 0.93272455)
(48598, 0.93272455)
(5572, 0.93272446)
(341425, 0.93272446)
(198610, 0.93272446)
(343800, 0.93272446)
(333446, 0.93272446)
(116402, 0.93272446)
(345909, 0.93272446)
(45617, 0.93272446)
(378062, 0.93272446)
(63934, 0.93272446)
(5367, 0.93272446)
(15972, 0.93272446)
(39750, 0.93272446)
(157272, 0.93272446)
(258237, 0.93272446)
(416159, 0.93272446)
(263396, 0.93272446)
(312241, 0.93272446)
(379091, 0.93272446)
(336348, 0.93272446)
(44851, 0.93272446)
(261084, 0.93272446)
(347741, 0.93272446)
(91002, 0.93272446)
(284608, 0.93272446)
(56943, 0.93271758)
(354369, 0.93271758)
(20428, 0.9327175)
(110353, 0.9327175)
(343694, 0.9327175)
(200434, 0.9327175)
(272871, 0.9327175)
(65672, 0.9327175)
(113195, 0.9327175)
(295667, 0.9327175)
(402828, 0.9327175)
(182329, 0.9327175)
(181676, 0.9327175)
(376266, 0.9327175)
(240489, 0.93271742)
(248542, 0.93271054)
(415170, 0.93271054)
(193723, 0.93271046)
(201576, 0.93271046)
(79213, 0.93271046)
(204665, 0.93271046)
(351606, 0.9327035)
(317241, 0.93270341)
(361584, 0.93268966)
(376430, 0.93158296)
(32022, 0.931576)
(156062, 0.931576)
(240706, 0.931576)
(225361, 0.931576)
(272747, 0.931576)
(210674, 0.931576)
(331233, 0.931576)
(248711, 0.931576)
(90712, 0.931576)
(108498, 0.931576)
(186200, 0.931576)
(170443, 0.931576)
(364167, 0.931576)
(48151, 0.931576)
(226200, 0.931576)
(1668, 0.931576)
(132211, 0.93156904)
(200790, 0.93156904)
(400305, 0.93156904)
(403308, 0.93156904)
(374661, 0.93156904)
(112122, 0.93156904)
(391717, 0.93156904)
(182651, 0.93156904)
(372616, 0.93156904)
(143999, 0.93156904)
(96732, 0.93156904)
(244688, 0.93156904)
(58581, 0.93156904)
(63519, 0.93156904)
(157162, 0.93156904)
(407326, 0.93156904)
(312305, 0.93156904)
(412357, 0.93156904)
(395289, 0.93156904)
(83702, 0.93156904)
(3576, 0.93156904)
(48163, 0.93156904)
(148897, 0.93156904)
(193984, 0.93156904)
(356214, 0.93156904)
(369982, 0.93156904)
(158540, 0.93156904)
(89784, 0.93156904)
(95643, 0.93156904)
(285918, 0.93156896)
(318001, 0.93156896)
(144267, 0.93156896)
(414214, 0.93156896)
(282717, 0.93156896)
(179443, 0.93156896)
(130438, 0.93156208)
(102257, 0.93156208)
(226046, 0.93156208)
(59780, 0.93156208)
(280272, 0.93156208)
(66011, 0.93156208)
(221576, 0.93156208)
(269787, 0.93156208)
(189807, 0.93156208)
(64198, 0.93156208)
(206280, 0.93156208)
(322147, 0.93156208)
(412313, 0.93156208)
(48042, 0.93156208)
(21915, 0.93156208)
(132503, 0.93156208)
(54308, 0.93156208)
(96920, 0.93156208)
(333905, 0.93156208)
(292089, 0.93156208)
(323112, 0.93156208)
(330136, 0.93156208)
(55064, 0.93156208)
(205480, 0.93156208)
(328064, 0.93156208)
(107697, 0.93156208)
(25313, 0.931562)
(227582, 0.931562)
(300231, 0.931562)
(405663, 0.931562)
(372594, 0.931562)
(92507, 0.931562)
(149295, 0.931562)
(112158, 0.931562)
(131716, 0.931562)
(371107, 0.931562)
(337463, 0.931562)
(43268, 0.931562)
(139646, 0.931562)
(94561, 0.931562)
(284968, 0.931562)
(29613, 0.931562)
(344058, 0.931562)
(377142, 0.931562)
(61170, 0.931562)
(79366, 0.931562)
(244066, 0.931562)
(79988, 0.931562)
(357740, 0.931562)
(170814, 0.931562)
(346480, 0.931562)
(290932, 0.931562)
(394852, 0.931562)
(17513, 0.931562)
(85196, 0.931562)
(184550, 0.931562)
(249470, 0.931562)
(64973, 0.931562)
(161013, 0.931562)
(217152, 0.931562)
(261669, 0.931562)
(19901, 0.931562)
(240092, 0.931562)
(212746, 0.931562)
(397077, 0.931562)
(141817, 0.931562)
(381189, 0.931562)
(205433, 0.93155512)
(123327, 0.93155512)
(56917, 0.93155512)
(368653, 0.93155512)
(184075, 0.93155512)
(214172, 0.93155512)
(326964, 0.93155512)
(358230, 0.93155512)
(184318, 0.93155512)
(369542, 0.93155512)
(288354, 0.93155512)
(71586, 0.93155512)
(333754, 0.93155512)
(235596, 0.93155512)
(222527, 0.93155512)
(246064, 0.93155504)
(146520, 0.93155504)
(54018, 0.93155504)
(311015, 0.93155504)
(369038, 0.93155504)
(333042, 0.93155504)
(212292, 0.93155504)
(36985, 0.93155504)
(159537, 0.93155504)
(279030, 0.93155504)
(371045, 0.93155504)
(90668, 0.93155504)
(354490, 0.93155504)
(183761, 0.93155504)
(195129, 0.93155504)
(264883, 0.93155504)
(299304, 0.93155504)
(38555, 0.93155504)
(220399, 0.93155504)
(85018, 0.93155504)
(297353, 0.93155504)
(51111, 0.93155504)
(390051, 0.93155504)
(375550, 0.93155504)
(130656, 0.93155504)
(60356, 0.93155504)
(19239, 0.93155504)
(380970, 0.93155504)
(177712, 0.93155504)
(67227, 0.93155504)
(412707, 0.93155504)
(338138, 0.93155504)
(406606, 0.93155504)
(343564, 0.93155504)
(401826, 0.93155504)
(186632, 0.93155504)
(30271, 0.93155504)
(332677, 0.93155504)
(326257, 0.93155504)
(200351, 0.93155504)
(162689, 0.93155504)
(98208, 0.93155504)
(52055, 0.93155504)
(171173, 0.93155504)
(147575, 0.93155504)
(410295, 0.93155504)
(44086, 0.93155504)
(409007, 0.93155504)
(116497, 0.93155504)
(36367, 0.93155504)
(267209, 0.93155504)
(109212, 0.93155504)
(24708, 0.93155504)
(284845, 0.93155504)
(179997, 0.93155504)
(304410, 0.93155504)
(34659, 0.93155504)
(38800, 0.93155504)
(303663, 0.93155504)
(121549, 0.93155504)
(64405, 0.93155504)
(81702, 0.93155504)
(129064, 0.93155504)
(46372, 0.93155504)
(231074, 0.93155504)
(108606, 0.93155504)
(118362, 0.93155504)
(334387, 0.93155495)
(214558, 0.93155495)
(128754, 0.93155495)
(225878, 0.93155495)
(115190, 0.93155495)
(405534, 0.93155495)
(365747, 0.93155495)
(72939, 0.93155495)
(16935, 0.93155495)
(172583, 0.93154816)
(76803, 0.93154807)
(352275, 0.93154807)
(30755, 0.93154807)
(354223, 0.93154807)
(36760, 0.93154807)
(376506, 0.93154807)
(159952, 0.93154807)
(176110, 0.93154807)
(185792, 0.93154807)
(367627, 0.93154807)
(395977, 0.93154807)
(163490, 0.93154807)
(395405, 0.93154807)
(248256, 0.93154807)
(30633, 0.93154807)
(370005, 0.93154807)
(116889, 0.93154807)
(336407, 0.93154807)
(232030, 0.93154807)
(370457, 0.93154807)
(26764, 0.93154807)
(347246, 0.93154807)
(232691, 0.93154807)
(91630, 0.93154807)
(292264, 0.93154807)
(282647, 0.93154807)
(385461, 0.93154807)
(247274, 0.93154807)
(208188, 0.93154807)
(392081, 0.93154807)
(291220, 0.93154807)
(277207, 0.93154807)
(26808, 0.93154807)
(164672, 0.93154807)
(91116, 0.93154807)
(157058, 0.93154799)
(336788, 0.93154799)
(203660, 0.93154799)
(184697, 0.93154799)
(389553, 0.93154799)
(309540, 0.93154799)
(188630, 0.93154799)
(73951, 0.93154799)
(270103, 0.93154799)
(66218, 0.93154799)
(377480, 0.93154799)
(290127, 0.93154799)
(240851, 0.93154799)
(246076, 0.93154799)
(343333, 0.93154799)
(349746, 0.93154799)
(257569, 0.93154799)
(378823, 0.93154799)
(384579, 0.93154799)
(46160, 0.93154799)
(405883, 0.93154111)
(34644, 0.93154111)
(373926, 0.93154111)
(215573, 0.93154111)
(328247, 0.93154111)
(41584, 0.93154111)
(245454, 0.93154111)
(184971, 0.93154111)
(313100, 0.93154111)
(98184, 0.93154111)
(265149, 0.93154111)
(113285, 0.93154111)
(76173, 0.93154103)
(308636, 0.93154103)
(76441, 0.93154103)
(401507, 0.93154103)
(257533, 0.93154103)
(224518, 0.93154103)
(207570, 0.93154103)
(21117, 0.93154103)
(78647, 0.93154103)
(292232, 0.93154103)
(231355, 0.93154103)
(195369, 0.93154103)
(218723, 0.93154103)
(307428, 0.93154103)
(315075, 0.93154103)
(146223, 0.93154103)
(19754, 0.93154103)
(228142, 0.93154103)
(317587, 0.93154103)
(378072, 0.93154103)
(393901, 0.93154103)
(339879, 0.93154103)
(416145, 0.93154103)
(153868, 0.93154103)
(56667, 0.93154103)
(55750, 0.93154103)
(257618, 0.93154103)
(372722, 0.93154103)
(321194, 0.93154103)
(250780, 0.93154103)
(144537, 0.93154103)
(334762, 0.93154103)
(297072, 0.93154095)
(112466, 0.93154095)
(3807, 0.93154095)
(299649, 0.93153415)
(62171, 0.93153415)
(155228, 0.93153407)
(31334, 0.93153407)
(319597, 0.93153407)
(67895, 0.93153407)
(164436, 0.93153407)
(65799, 0.93153407)
(153321, 0.93153407)
(36373, 0.93153407)
(89345, 0.93153399)
(240610, 0.93153399)
(311099, 0.93153399)
(8708, 0.93153399)
(231946, 0.93153399)
(119331, 0.93153399)
(29718, 0.93153399)
(350265, 0.93153399)
(147011, 0.93152711)
(316040, 0.93152711)
(390385, 0.93152711)
(269000, 0.93152703)
(79746, 0.93152703)
(64712, 0.93152703)
(84286, 0.93152703)
(43274, 0.93152703)
(101442, 0.93152703)
(23044, 0.93152703)
(98728, 0.93152703)
(315621, 0.93152703)
(64992, 0.93152703)
(167085, 0.93152694)
(27356, 0.93152006)
(114223, 0.93152006)
(261507, 0.93152006)
(274436, 0.93152006)
(94912, 0.93152006)
(260517, 0.93151998)
(11426, 0.93151998)
(131094, 0.93151998)
(384878, 0.9315131)
(350006, 0.93151302)
(180199, 0.93040649)
(377593, 0.93040649)
(73854, 0.93040649)
(149009, 0.93039953)
(310613, 0.93039953)
(382594, 0.93039953)
(150964, 0.93039953)
(189881, 0.93039953)
(309781, 0.93039953)
(163535, 0.93039953)
(216093, 0.93039953)
(111921, 0.93039953)
(92834, 0.93039953)
(151615, 0.93039953)
(280434, 0.93039953)
(220177, 0.93039953)
(167678, 0.93039953)
(55818, 0.93039257)
(71883, 0.93039257)
(356484, 0.93039257)
(247393, 0.93039257)
(97434, 0.93039257)
(124771, 0.93039257)
(158844, 0.93039257)
(316461, 0.93039257)
(99356, 0.93039257)
(5525, 0.93039257)
(306460, 0.93039257)
(248786, 0.93039257)
(224202, 0.93039257)
(154741, 0.93039257)
(26895, 0.93039257)
(318819, 0.93039257)
(386489, 0.93039257)
(12026, 0.93039257)
(273300, 0.93039257)
(208863, 0.93039257)
(122874, 0.93039257)
(74659, 0.93039257)
(333946, 0.93039249)
(66240, 0.93039249)
(296618, 0.93039249)
(218570, 0.93039249)
(408114, 0.93039249)
(353035, 0.93039249)
(179207, 0.93038561)
(102252, 0.93038561)
(191208, 0.93038561)
(191381, 0.93038561)
(212624, 0.93038561)
(359377, 0.93038561)
(300067, 0.93038561)
(93734, 0.93038561)
(198343, 0.93038561)
(370990, 0.93038561)
(205004, 0.93038561)
(318731, 0.93038561)
(235658, 0.93038561)
(262511, 0.93038561)
(351923, 0.93038561)
(305947, 0.93038561)
(272640, 0.93038561)
(210800, 0.93038561)
(415493, 0.93038561)
(54439, 0.93038561)
(19923, 0.93038561)
(224576, 0.93038561)
(371389, 0.93038561)
(97129, 0.93038561)
(378577, 0.93038561)
(93753, 0.93038561)
(277504, 0.93038561)
(50764, 0.93038561)
(165280, 0.93038561)
(169193, 0.93038561)
(243444, 0.93038561)
(8482, 0.93038561)
(359997, 0.93038561)
(45508, 0.93038561)
(352781, 0.93038561)
(286882, 0.93038553)
(1533, 0.93038553)
(375373, 0.93038553)
(24180, 0.93038553)
(50344, 0.93038553)
(295799, 0.93038553)
(408426, 0.93038553)
(92630, 0.93038553)
(90481, 0.93038553)
(395851, 0.93038553)
(132581, 0.93038553)
(206960, 0.93038553)
(328557, 0.93038553)
(328138, 0.93038553)
(340537, 0.93038553)
(530, 0.93038553)
(403031, 0.93038553)
(401714, 0.93038553)
(10309, 0.93038553)
(14923, 0.93038553)
(6901, 0.93038553)
(202835, 0.93038553)
(10819, 0.93038553)
(23055, 0.93038553)
(409261, 0.93038553)
(71905, 0.93038553)
(217300, 0.93038553)
(178266, 0.93038553)
(172616, 0.93037865)
(7895, 0.93037865)
(388834, 0.93037865)
(417542, 0.93037865)
(409651, 0.93037865)
(96330, 0.93037865)
(374406, 0.93037865)
(7769, 0.93037865)
(310135, 0.93037865)
(395494, 0.93037865)
(301807, 0.93037865)
(218976, 0.93037865)
(110394, 0.93037865)
(110166, 0.93037865)
(385997, 0.93037865)
(355415, 0.93037865)
(361321, 0.93037865)
(172258, 0.93037865)
(256547, 0.93037857)
(69079, 0.93037857)
(26024, 0.93037857)
(405749, 0.93037857)
(74037, 0.93037857)
(99930, 0.93037857)
(94556, 0.93037857)
(406343, 0.93037857)
(117567, 0.93037857)
(302829, 0.93037857)
(297576, 0.93037857)
(393105, 0.93037857)
(90019, 0.93037857)
(320708, 0.93037857)
(158305, 0.93037857)
(191255, 0.93037857)
(283800, 0.93037857)
(56679, 0.93037857)
(51162, 0.93037857)
(34780, 0.93037857)
(379533, 0.93037857)
(310447, 0.93037857)
(135879, 0.93037857)
(221911, 0.93037857)
(279483, 0.93037857)
(239364, 0.93037857)
(172965, 0.93037857)
(52537, 0.93037857)
(220784, 0.93037857)
(117641, 0.93037857)
(57446, 0.93037857)
(154381, 0.93037857)
(191947, 0.93037857)
(349310, 0.93037857)
(57353, 0.93037857)
(177828, 0.93037857)
(109570, 0.93037857)
(165028, 0.93037857)
(49697, 0.93037857)
(351365, 0.93037857)
(146699, 0.93037857)
(250060, 0.93037857)
(396409, 0.93037857)
(183452, 0.93037857)
(403320, 0.93037848)
(187732, 0.93037848)
(227973, 0.93037848)
(384806, 0.93037848)
(192498, 0.93037848)
(172739, 0.93037848)
(194855, 0.93037848)
(319864, 0.93037848)
(331512, 0.93037848)
(300011, 0.93037848)
(379403, 0.93037848)
(180889, 0.93037848)
(170686, 0.93037169)
(202477, 0.93037169)
(313649, 0.93037169)
(320128, 0.93037169)
(334810, 0.93037169)
(58279, 0.93037169)
(366198, 0.93037169)
(373195, 0.93037169)
(7257, 0.93037169)
(388414, 0.93037169)
(333916, 0.9303716)
(31010, 0.9303716)
(146277, 0.9303716)
(186706, 0.9303716)
(216871, 0.9303716)
(206948, 0.9303716)
(91616, 0.9303716)
(30330, 0.9303716)
(218057, 0.9303716)
(79749, 0.9303716)
(248224, 0.9303716)
(45137, 0.9303716)
(171479, 0.9303716)
(56359, 0.9303716)
(381301, 0.9303716)
(87121, 0.9303716)
(285001, 0.9303716)
(169116, 0.9303716)
(42421, 0.9303716)
(168160, 0.9303716)
(378762, 0.9303716)
(4701, 0.9303716)
(188259, 0.9303716)
(303580, 0.9303716)
(94799, 0.9303716)
(145502, 0.9303716)
(74419, 0.9303716)
(344020, 0.9303716)
(75037, 0.9303716)
(299528, 0.9303716)
(234574, 0.9303716)
(302190, 0.9303716)
(354164, 0.9303716)
(6893, 0.9303716)
(101678, 0.9303716)
(76497, 0.9303716)
(214940, 0.9303716)
(294169, 0.9303716)
(230296, 0.9303716)
(88154, 0.9303716)
(171670, 0.9303716)
(320044, 0.9303716)
(33795, 0.9303716)
(17101, 0.9303716)
(347146, 0.9303716)
(153291, 0.9303716)
(386932, 0.9303716)
(334815, 0.9303716)
(7790, 0.9303716)
(196499, 0.9303716)
(329495, 0.9303716)
(279432, 0.93037152)
(410259, 0.93037152)
(275923, 0.93037152)
(9145, 0.93037152)
(417221, 0.93037152)
(294473, 0.93037152)
(349623, 0.93037152)
(157856, 0.93037152)
(7505, 0.93037152)
(229477, 0.93037152)
(313386, 0.93037152)
(294460, 0.93037152)
(336177, 0.93037152)
(250731, 0.93037152)
(56726, 0.93037152)
(358956, 0.93037152)
(157289, 0.93037152)
(211757, 0.93037152)
(98464, 0.93037152)
(326005, 0.93037152)
(132588, 0.93037152)
(399598, 0.93037152)
(305041, 0.93037152)
(327881, 0.93037152)
(239564, 0.93037152)
(49849, 0.93037144)
(397330, 0.93036464)
(40664, 0.93036464)
(8080, 0.93036464)
(314326, 0.93036464)
(20878, 0.93036464)
(77042, 0.93036464)
(267778, 0.93036464)
(55924, 0.93036464)
(392113, 0.93036464)
(78583, 0.93036464)
(84213, 0.93036464)
(237618, 0.93036464)
(170856, 0.93036464)
(308883, 0.93036464)
(331293, 0.93036464)
(379443, 0.93036464)
(341607, 0.93036464)
(408658, 0.93036464)
(25110, 0.93036464)
(162941, 0.93036464)
(321761, 0.93036464)
(13289, 0.93036464)
(141754, 0.93036464)
(194050, 0.93036464)
(389215, 0.93036464)
(167823, 0.93036464)
(37273, 0.93036456)
(225220, 0.93036456)
(144313, 0.93036456)
(91635, 0.93036456)
(186980, 0.93036456)
(151745, 0.93036456)
(205713, 0.93036456)
(59451, 0.93036456)
(224848, 0.93036456)
(191646, 0.93036456)
(416766, 0.93036456)
(86058, 0.93036456)
(321984, 0.93036456)
(149430, 0.93036456)
(304832, 0.93036456)
(350836, 0.93036456)
(279779, 0.93036456)
(216149, 0.93036456)
(273429, 0.93036456)
(57683, 0.93036456)
(328378, 0.93036456)
(29858, 0.93036456)
(298396, 0.93036456)
(182452, 0.93036456)
(55506, 0.93036456)
(208060, 0.93036456)
(313250, 0.93036448)
(375499, 0.93036448)
(74997, 0.93036448)
(13457, 0.93036448)
(356178, 0.93036448)
(219674, 0.93036448)
(162075, 0.93035768)
(197040, 0.93035768)
(296340, 0.93035768)
(258348, 0.93035768)
(59989, 0.93035768)
(230718, 0.93035768)
(267095, 0.93035768)
(92825, 0.93035768)
(401167, 0.93035768)
(338967, 0.93035768)
(100375, 0.93035768)
(158765, 0.9303576)
(153079, 0.9303576)
(354585, 0.9303576)
(291856, 0.9303576)
(98611, 0.9303576)
(190452, 0.9303576)
(122323, 0.9303576)
(235765, 0.9303576)
(265581, 0.9303576)
(383046, 0.9303576)
(352287, 0.9303576)
(102475, 0.9303576)
(383342, 0.9303576)
(81693, 0.9303576)
(158995, 0.9303576)
(44787, 0.9303576)
(127328, 0.9303576)
(340104, 0.9303576)
(286267, 0.9303576)
(50547, 0.9303576)
(9460, 0.9303576)
(364716, 0.9303576)
(226211, 0.93035752)
(36640, 0.93035752)
(221154, 0.93035752)
(120841, 0.93035752)
(173226, 0.93035752)
(150020, 0.93035752)
(151646, 0.93035752)
(315594, 0.93035752)
(239071, 0.93035752)
(105182, 0.93035752)
(399654, 0.93035743)
(189300, 0.93035072)
(157040, 0.93035064)
(172785, 0.93035064)
(376618, 0.93035064)
(150332, 0.93035064)
(378161, 0.93035064)
(125123, 0.93035064)
(286087, 0.93035064)
(345780, 0.93035064)
(357136, 0.93035064)
(91155, 0.93035064)
(88577, 0.93035064)
(21766, 0.93035055)
(251989, 0.93035055)
(401259, 0.93035055)
(304646, 0.93035055)
(112043, 0.93035055)
(376853, 0.93035055)
(406157, 0.93035055)
(45552, 0.93035055)
(59011, 0.93035055)
(405965, 0.93035055)
(325101, 0.93035055)
(287465, 0.93035047)
(268891, 0.93035047)
(392335, 0.93034368)
(250723, 0.93034359)
(209546, 0.93034359)
(59698, 0.93034359)
(387519, 0.93034359)
(59346, 0.93034359)
(241076, 0.93034359)
(103235, 0.93034359)
(117314, 0.93034359)
(73732, 0.93034351)
(331688, 0.93034351)
(103347, 0.93034351)
(353602, 0.93034351)
(119073, 0.93034351)
(310604, 0.93033655)
(267391, 0.93033655)
(33638, 0.93033647)
(275819, 0.9303295)
(29187, 0.9303295)
(290593, 0.93032263)
(40182, 0.92923002)
(129721, 0.92923002)
(330870, 0.92922306)
(270334, 0.92922306)
(323050, 0.92922306)
(310897, 0.92922306)
(38608, 0.92922306)
(250280, 0.92922306)
(36134, 0.92922306)
(175180, 0.92922306)
(229711, 0.9292161)
(116476, 0.9292161)
(394577, 0.9292161)
(390272, 0.9292161)
(375892, 0.9292161)
(125626, 0.9292161)
(360678, 0.9292161)
(47549, 0.9292161)
(373341, 0.9292161)
(164765, 0.9292161)
(409681, 0.9292161)
(246597, 0.9292161)
(230567, 0.9292161)
(114511, 0.9292161)
(156792, 0.9292161)
(358193, 0.92921602)
(74854, 0.92921602)
(87087, 0.92920914)
(372932, 0.92920914)
(138996, 0.92920914)
(112299, 0.92920914)
(67954, 0.92920914)
(270491, 0.92920914)
(56211, 0.92920914)
(85045, 0.92920914)
(311455, 0.92920914)
(42801, 0.92920914)
(79091, 0.92920914)
(414544, 0.92920914)
(247350, 0.92920914)
(69798, 0.92920914)
(221033, 0.92920914)
(292246, 0.92920914)
(407032, 0.92920914)
(326237, 0.92920914)
(31041, 0.92920914)
(122811, 0.92920914)
(418426, 0.92920914)
(252186, 0.92920914)
(417301, 0.92920914)
(193087, 0.92920914)
(251092, 0.92920914)
(78524, 0.92920914)
(328606, 0.92920914)
(318253, 0.92920914)
(394348, 0.92920914)
(167814, 0.92920914)
(171762, 0.92920906)
(379865, 0.92920906)
(120874, 0.92920906)
(243, 0.92920906)
(15144, 0.92920906)
(66703, 0.92920906)
(372103, 0.92920906)
(257293, 0.92920906)
(393086, 0.92920906)
(285442, 0.92920906)
(104468, 0.92920906)
(144306, 0.92920906)
(192826, 0.92920906)
(123302, 0.92920906)
(108497, 0.92920906)
(207645, 0.92920906)
(168906, 0.92920218)
(280570, 0.92920218)
(282271, 0.92920218)
(69494, 0.92920218)
(72127, 0.92920218)
(129860, 0.92920218)
(378276, 0.92920218)
(37799, 0.92920218)
(345511, 0.92920218)
(324334, 0.92920218)
(318662, 0.92920218)
(179990, 0.92920218)
(102217, 0.92920218)
(291809, 0.92920218)
(105802, 0.92920218)
(46426, 0.92920218)
(67437, 0.92920218)
(168170, 0.92920218)
(239281, 0.92920218)
(105450, 0.92920218)
(62873, 0.92920218)
(67917, 0.9292021)
(396178, 0.9292021)
(124920, 0.9292021)
(186820, 0.9292021)
(375005, 0.9292021)
(390763, 0.9292021)
(203150, 0.9292021)
(35604, 0.9292021)
(100821, 0.9292021)
(364261, 0.9292021)
(272861, 0.9292021)
(147433, 0.9292021)
(168802, 0.9292021)
(258618, 0.9292021)
(110356, 0.9292021)
(51463, 0.9292021)
(161699, 0.9292021)
(324322, 0.9292021)
(275244, 0.9292021)
(162259, 0.9292021)
(4334, 0.9292021)
(112479, 0.9292021)
(92781, 0.9292021)
(384554, 0.9292021)
(272281, 0.9292021)
(13714, 0.9292021)
(213279, 0.9292021)
(278364, 0.9292021)
(73678, 0.9292021)
(330140, 0.9292021)
(326390, 0.9292021)
(359587, 0.9292021)
(245169, 0.9292021)
(126175, 0.9292021)
(341372, 0.9292021)
(387477, 0.9292021)
(167435, 0.92920201)
(220772, 0.92920201)
(94902, 0.92920201)
(51455, 0.92920201)
(105996, 0.92920201)
(289495, 0.92920201)
(150782, 0.92920201)
(391652, 0.92920201)
(403433, 0.92919522)
(177203, 0.92919522)
(149451, 0.92919513)
(124972, 0.92919513)
(364788, 0.92919513)
(278332, 0.92919513)
(392162, 0.92919513)
(56856, 0.92919513)
(19854, 0.92919513)
(136653, 0.92919513)
(341318, 0.92919513)
(249379, 0.92919513)
(400715, 0.92919513)
(270235, 0.92919513)
(109381, 0.92919513)
(156027, 0.92919513)
(71161, 0.92919513)
(257446, 0.92919513)
(180369, 0.92919513)
(259813, 0.92919513)
(171853, 0.92919513)
(372756, 0.92919513)
(269518, 0.92919513)
(141263, 0.92919513)
(336687, 0.92919513)
(172147, 0.92919513)
(358614, 0.92919513)
(156166, 0.92919513)
(290007, 0.92919513)
(4383, 0.92919513)
(361949, 0.92919513)
(386968, 0.92919513)
(258855, 0.92919513)
(308084, 0.92919513)
(371789, 0.92919513)
(398032, 0.92919513)
(231585, 0.92919513)
(334740, 0.92919513)
(10352, 0.92919513)
(262275, 0.92919505)
(2145, 0.92919505)
(340146, 0.92919505)
(226707, 0.92919505)
(42649, 0.92919505)
(167917, 0.92919505)
(406439, 0.92919505)
(88180, 0.92919505)
(138929, 0.92919505)
(32333, 0.92919505)
(212314, 0.92919505)
(412624, 0.92919505)
(78547, 0.92919505)
(361706, 0.92919505)
(25159, 0.92919505)
(343444, 0.92919505)
(382834, 0.92919505)
(233267, 0.92919505)
(79283, 0.92919505)
(349774, 0.92919505)
(313086, 0.92919505)
(185309, 0.92918826)
(265300, 0.92918817)
(80528, 0.92918817)
(50374, 0.92918817)
(344185, 0.92918817)
(94414, 0.92918817)
(198796, 0.92918817)
(218230, 0.92918817)
(102803, 0.92918817)
(59978, 0.92918817)
(53111, 0.92918817)
(109474, 0.92918817)
(269146, 0.92918817)
(49181, 0.92918817)
(294529, 0.92918817)
(152668, 0.92918817)
(256691, 0.92918817)
(65141, 0.92918817)
(28474, 0.92918817)
(379429, 0.92918817)
(23258, 0.92918817)
(217312, 0.92918817)
(418898, 0.92918817)
(115047, 0.92918817)
(252770, 0.92918817)
(305996, 0.92918817)
(105204, 0.92918817)
(369807, 0.92918817)
(48844, 0.92918817)
(205826, 0.92918817)
(216787, 0.92918809)
(154733, 0.92918809)
(194820, 0.92918809)
(89366, 0.92918809)
(21658, 0.92918809)
(87769, 0.92918809)
(230022, 0.92918809)
(279454, 0.92918809)
(132924, 0.92918809)
(242042, 0.92918809)
(252792, 0.92918809)
(95421, 0.92918809)
(18294, 0.92918809)
(171529, 0.92918809)
(113179, 0.92918809)
(297328, 0.92918809)
(361239, 0.92918809)
(156728, 0.92918809)
(412326, 0.92918809)
(19064, 0.92918809)
(295004, 0.92918809)
(334780, 0.92918809)
(205393, 0.92918809)
(155466, 0.92918809)
(338147, 0.92918809)
(173060, 0.92918809)
(314465, 0.92918809)
(147826, 0.92918809)
(189536, 0.92918809)
(339374, 0.92918809)
(356344, 0.92918809)
(299834, 0.92918809)
(295139, 0.92918809)
(185805, 0.92918809)
(133956, 0.92918809)
(170017, 0.92918809)
(55960, 0.92918809)
(292025, 0.92918809)
(344015, 0.92918801)
(411218, 0.92918801)
(135215, 0.92918801)
(183477, 0.92918801)
(92168, 0.92918801)
(204009, 0.92918129)
(306425, 0.92918121)
(36949, 0.92918121)
(120502, 0.92918121)
(263754, 0.92918121)
(403899, 0.92918121)
(190730, 0.92918121)
(76538, 0.92918121)
(380301, 0.92918121)
(278749, 0.92918121)
(259517, 0.92918121)
(49345, 0.92918121)
(394537, 0.92918113)
(43044, 0.92918113)
(5998, 0.92918113)
(279615, 0.92918113)
(124899, 0.92918113)
(353236, 0.92918113)
(392315, 0.92918113)
(225304, 0.92918113)
(338371, 0.92918113)
(275100, 0.92918113)
(288235, 0.92918113)
(3974, 0.92918113)
(279816, 0.92918113)
(147319, 0.92918113)
(7759, 0.92918113)
(223458, 0.92918113)
(130793, 0.92918113)
(181948, 0.92918113)
(195460, 0.92918113)
(281745, 0.92918113)
(73933, 0.92918113)
(352146, 0.92918113)
(288338, 0.92918113)
(256827, 0.92918113)
(66797, 0.92918113)
(179022, 0.92918113)
(127721, 0.92918113)
(275773, 0.92918113)
(305256, 0.92918113)
(20515, 0.92918113)
(190080, 0.92918105)
(239430, 0.92918105)
(336915, 0.92918105)
(297484, 0.92918105)
(171269, 0.92918105)
(197755, 0.92918105)
(153652, 0.92918105)
(257679, 0.92918105)
(89072, 0.92918105)
(114197, 0.92918105)
(163787, 0.92918105)
(340911, 0.92918105)
(267264, 0.92918105)
(246261, 0.92918105)
(219935, 0.92918105)
(177856, 0.92918105)
(49284, 0.92918105)
(280490, 0.92918105)
(57266, 0.92918105)
(317041, 0.92917425)
(299218, 0.92917425)
(337603, 0.92917425)
(115042, 0.92917417)
(335232, 0.92917417)
(18051, 0.92917417)
(309037, 0.92917417)
(234117, 0.92917417)
(102408, 0.92917417)
(4039, 0.92917417)
(75393, 0.92917417)
(18835, 0.92917417)
(18222, 0.92917417)
(139845, 0.92917417)
(98437, 0.92917417)
(33700, 0.92917417)
(13560, 0.92917417)
(123550, 0.92917417)
(284691, 0.92917417)
(85478, 0.92917417)
(122970, 0.92917417)
(125126, 0.92917417)
(155403, 0.92917408)
(136411, 0.92917408)
(383338, 0.92917408)
(350208, 0.92917408)
(326797, 0.92917408)
(395535, 0.92917408)
(417764, 0.92917408)
(339220, 0.92917408)
(258649, 0.92917408)
(335905, 0.92917408)
(319512, 0.92917408)
(101444, 0.92917408)
(334825, 0.92917408)
(102391, 0.92917408)
(96229, 0.92917408)
(29048, 0.92917408)
(119563, 0.92917408)
(220176, 0.92917408)
(132334, 0.929174)
(251008, 0.929174)
(78124, 0.92916721)
(166158, 0.92916721)
(297592, 0.92916721)
(156693, 0.92916721)
(262541, 0.92916721)
(53057, 0.92916712)
(363857, 0.92916712)
(135001, 0.92916712)
(321437, 0.92916712)
(344856, 0.92916712)
(340565, 0.92916712)
(398454, 0.92916712)
(92526, 0.92916712)
(355616, 0.92916704)
(287972, 0.92916704)
(160240, 0.92916704)
(146332, 0.92916704)
(197288, 0.92916024)
(244681, 0.92916016)
(198576, 0.92916016)
(381228, 0.92916016)
(63403, 0.92916016)
(117648, 0.92916016)
(120123, 0.92916016)
(355047, 0.92916008)
(61827, 0.92916008)
(35423, 0.92916008)
(105424, 0.92916008)
(88551, 0.92916)
(142904, 0.92915312)
(305776, 0.92915312)
(381244, 0.92915312)
(317419, 0.92915303)
(346341, 0.92914607)
(24375, 0.92914607)
(100817, 0.92805355)
(89139, 0.92805347)
(186518, 0.92803963)
(75998, 0.92803963)
(240580, 0.92803963)
(331686, 0.92803963)
(31213, 0.92803963)
(327434, 0.92803963)
(264995, 0.92803267)
(416948, 0.92803267)
(54290, 0.92803267)
(105899, 0.92803267)
(346866, 0.92803267)
(79479, 0.92803267)
(158582, 0.92803267)
(81643, 0.92803267)
(346956, 0.92803267)
(229381, 0.92803267)
(116168, 0.92803267)
(335112, 0.92803267)
(161298, 0.92803267)
(195253, 0.92803267)
(211788, 0.92803267)
(267324, 0.92803267)
(123314, 0.92803267)
(30795, 0.92803267)
(17467, 0.92803259)
(245608, 0.92803259)
(375735, 0.92803259)
(225086, 0.92803259)
(226428, 0.92803259)
(349202, 0.92803259)
(215532, 0.92803259)
(411906, 0.92803259)
(309125, 0.92803259)
(330094, 0.92803259)
(383312, 0.92803259)
(63274, 0.92803259)
(303729, 0.92803259)
(356574, 0.92802571)
(116630, 0.92802571)
(185866, 0.92802571)
(407203, 0.92802571)
(48755, 0.92802571)
(333897, 0.92802571)
(199163, 0.92802571)
(246014, 0.92802571)
(417194, 0.92802571)
(322644, 0.92802571)
(196871, 0.92802562)
(323862, 0.92802562)
(236263, 0.92802562)
(293650, 0.92802562)
(194979, 0.92802562)
(40421, 0.92802562)
(401383, 0.92802562)
(48189, 0.92802562)
(317376, 0.92802562)
(383656, 0.92802562)
(400870, 0.92802562)
(10682, 0.92802562)
(34665, 0.92802562)
(168352, 0.92802562)
(102306, 0.92802562)
(21002, 0.92802562)
(230863, 0.92802562)
(270107, 0.92802562)
(47849, 0.92802562)
(130710, 0.92802562)
(9276, 0.92802562)
(374924, 0.92802562)
(331374, 0.92802562)
(139534, 0.92802562)
(241574, 0.92802562)
(4707, 0.92802562)
(89921, 0.92802562)
(320587, 0.92802562)
(389414, 0.92802562)
(150144, 0.92802562)
(362669, 0.92802562)
(214855, 0.92802562)
(341589, 0.92802562)
(230881, 0.92802562)
(156730, 0.92802562)
(267985, 0.92802562)
(83253, 0.92802562)
(218890, 0.92802554)
(5123, 0.92802554)
(12161, 0.92802554)
(75093, 0.92802554)
(23601, 0.92801875)
(362920, 0.92801875)
(121013, 0.92801875)
(324296, 0.92801875)
(133884, 0.92801875)
(149501, 0.92801875)
(310981, 0.92801875)
(253302, 0.92801875)
(296691, 0.92801866)
(55776, 0.92801866)
(134469, 0.92801866)
(227208, 0.92801866)
(348062, 0.92801866)
(32701, 0.92801866)
(11468, 0.92801866)
(250314, 0.92801866)
(311304, 0.92801866)
(100960, 0.92801866)
(239731, 0.92801866)
(294770, 0.92801866)
(54463, 0.92801866)
(142633, 0.92801866)
(33273, 0.92801866)
(12045, 0.92801866)
(172274, 0.92801866)
(360435, 0.92801866)
(165125, 0.92801866)
(274910, 0.92801866)
(400855, 0.92801866)
(391636, 0.92801866)
(105978, 0.92801866)
(108545, 0.92801866)
(368838, 0.92801866)
(338938, 0.92801866)
(163098, 0.92801866)
(391217, 0.92801866)
(367109, 0.92801866)
(60160, 0.92801866)
(184393, 0.92801866)
(257859, 0.92801866)
(202139, 0.92801866)
(220348, 0.92801866)
(54169, 0.92801866)
(49885, 0.92801866)
(332483, 0.92801866)
(192332, 0.92801866)
(166206, 0.92801866)
(100310, 0.92801858)
(180783, 0.92801858)
(202324, 0.92801858)
(262306, 0.92801858)
(254383, 0.92801858)
(80051, 0.92801858)
(333465, 0.92801858)
(359497, 0.92801858)
(256358, 0.92801858)
(32226, 0.92801858)
(170025, 0.92801858)
(332344, 0.92801858)
(15754, 0.92801858)
(53136, 0.92801858)
(319462, 0.92801858)
(99144, 0.92801858)
(401096, 0.92801858)
(133500, 0.92801858)
(130036, 0.92801858)
(131906, 0.92801858)
(247613, 0.92801178)
(157903, 0.92801178)
(284244, 0.92801178)
(167673, 0.92801178)
(210004, 0.92801178)
(270329, 0.9280117)
(81739, 0.9280117)
(409823, 0.9280117)
(217065, 0.9280117)
(60862, 0.9280117)
(77802, 0.9280117)
(378786, 0.9280117)
(255932, 0.9280117)
(280844, 0.9280117)
(130659, 0.9280117)
(208002, 0.9280117)
(395640, 0.9280117)
(118843, 0.9280117)
(184224, 0.9280117)
(99668, 0.9280117)
(223403, 0.9280117)
(702, 0.9280117)
(156974, 0.9280117)
(249313, 0.9280117)
(180361, 0.9280117)
(148939, 0.9280117)
(328774, 0.9280117)
(84616, 0.9280117)
(136774, 0.9280117)
(79320, 0.9280117)
(341829, 0.9280117)
(205396, 0.9280117)
(284022, 0.92801162)
(239525, 0.92801162)
(114325, 0.92801162)
(386469, 0.92801162)
(27480, 0.92801162)
(266191, 0.92801162)
(401527, 0.92801162)
(210711, 0.92801162)
(140409, 0.92801162)
(400736, 0.92801162)
(340197, 0.92801162)
(208728, 0.92801162)
(286857, 0.92801162)
(278633, 0.92801162)
(325972, 0.92801162)
(20559, 0.92801162)
(251169, 0.92801162)
(291655, 0.92801162)
(210630, 0.92801162)
(350340, 0.92801162)
(232150, 0.92801162)
(216908, 0.92801162)
(165342, 0.92801162)
(247563, 0.92801162)
(94792, 0.92801162)
(50612, 0.92801162)
(29036, 0.92801162)
(113726, 0.92801162)
(133523, 0.92801162)
(416192, 0.92801162)
(212117, 0.92801162)
(412322, 0.92801162)
(394026, 0.92801162)
(212249, 0.92801162)
(114634, 0.92801162)
(271109, 0.92801162)
(409139, 0.92801154)
(55420, 0.92801154)
(116464, 0.92800482)
(225034, 0.92800482)
(55047, 0.92800482)
(202752, 0.92800474)
(14033, 0.92800474)
(219576, 0.92800474)
(381699, 0.92800474)
(19301, 0.92800474)
(239239, 0.92800474)
(413564, 0.92800474)
(250948, 0.92800474)
(177527, 0.92800474)
(264775, 0.92800474)
(285679, 0.92800474)
(325473, 0.92800474)
(14127, 0.92800474)
(384063, 0.92800474)
(233931, 0.92800474)
(209618, 0.92800474)
(305026, 0.92800466)
(331234, 0.92800466)
(112944, 0.92800466)
(62827, 0.92800466)
(42584, 0.92800466)
(44838, 0.92800466)
(340701, 0.92800466)
(360587, 0.92800466)
(115722, 0.92800466)
(234445, 0.92800466)
(205874, 0.92800466)
(131442, 0.92800466)
(156112, 0.92800466)
(280787, 0.92800466)
(265658, 0.92800466)
(114897, 0.92800466)
(298610, 0.92800466)
(402374, 0.92800466)
(324649, 0.92800466)
(286395, 0.92800466)
(347559, 0.92800466)
(156231, 0.92800466)
(184027, 0.92800466)
(56800, 0.92800466)
(192322, 0.92800466)
(9856, 0.92800466)
(47696, 0.92800466)
(223139, 0.92800466)
(6668, 0.92800466)
(209346, 0.92800466)
(295979, 0.92800466)
(96216, 0.92800466)
(98240, 0.92800466)
(413671, 0.92800466)
(287020, 0.92800466)
(258318, 0.92800466)
(274285, 0.92800466)
(346853, 0.92800466)
(142802, 0.92800466)
(55115, 0.92800466)
(160379, 0.92800466)
(238886, 0.92800466)
(362138, 0.92800466)
(52583, 0.92800457)
(419132, 0.92800457)
(169985, 0.92800457)
(154543, 0.92800457)
(230689, 0.92800457)
(188898, 0.92800457)
(364764, 0.92800457)
(216072, 0.92800457)
(284006, 0.92800457)
(77003, 0.92800457)
(187762, 0.92800457)
(292551, 0.92800457)
(336529, 0.92800457)
(17671, 0.92800457)
(89478, 0.92799778)
(77806, 0.92799778)
(338969, 0.92799778)
(323574, 0.9279977)
(39946, 0.9279977)
(208103, 0.9279977)
(111836, 0.9279977)
(159181, 0.9279977)
(41119, 0.9279977)
(38924, 0.9279977)
(248682, 0.9279977)
(331649, 0.9279977)
(89391, 0.9279977)
(108081, 0.9279977)
(39517, 0.9279977)
(21133, 0.9279977)
(83309, 0.9279977)
(167920, 0.9279977)
(271930, 0.9279977)
(68908, 0.9279977)
(137553, 0.9279977)
(91777, 0.9279977)
(18036, 0.9279977)
(230169, 0.9279977)
(275493, 0.9279977)
(241950, 0.92799761)
(243860, 0.92799761)
(175942, 0.92799761)
(306279, 0.92799761)
(41116, 0.92799761)
(302387, 0.92799761)
(117159, 0.92799761)
(375041, 0.92799761)
(158455, 0.92799761)
(14647, 0.92799761)
(10354, 0.92799761)
(218353, 0.92799761)
(93384, 0.92799761)
(192710, 0.92799761)
(191284, 0.92799761)
(189828, 0.92799761)
(152040, 0.92799761)
(6809, 0.92799761)
(96304, 0.92799761)
(402463, 0.92799761)
(322880, 0.92799753)
(242133, 0.92799753)
(247593, 0.92799082)
(391409, 0.92799073)
(209717, 0.92799073)
(68720, 0.92799073)
(285759, 0.92799073)
(387548, 0.92799073)
(110436, 0.92799073)
(196921, 0.92799073)
(190550, 0.92799073)
(220067, 0.92799065)
(267161, 0.92799065)
(317810, 0.92799065)
(240874, 0.92799065)
(334193, 0.92799065)
(121376, 0.92799065)
(417557, 0.92799065)
(158931, 0.92799065)
(282111, 0.92799065)
(345071, 0.92799065)
(264030, 0.92799065)
(325770, 0.92799065)
(202536, 0.92799065)
(150109, 0.92799065)
(292653, 0.92799065)
(118807, 0.92799065)
(85676, 0.92799065)
(166796, 0.92799065)
(400780, 0.92799065)
(341257, 0.92799065)
(262988, 0.92799065)
(396906, 0.92799065)
(88543, 0.92799057)
(113778, 0.92799057)
(57693, 0.92799057)
(286021, 0.92798377)
(118697, 0.92798369)
(138300, 0.92798369)
(79714, 0.92798369)
(125132, 0.92798369)
(152567, 0.92798369)
(97212, 0.92798369)
(152264, 0.92798369)
(54761, 0.92798369)
(5598, 0.92798361)
(278306, 0.92798361)
(18030, 0.92798361)
(21996, 0.92798361)
(83180, 0.92798361)
(292966, 0.92798361)
(419740, 0.92798361)
(331630, 0.92798361)
(88171, 0.92798361)
(122702, 0.92798361)
(112352, 0.92798361)
(364014, 0.92798361)
(308238, 0.92798361)
(305072, 0.92798361)
(243214, 0.92798352)
(89, 0.92797681)
(414732, 0.92797673)
(285720, 0.92797673)
(169481, 0.92797673)
(117252, 0.92797673)
(192231, 0.92797665)
(308349, 0.92797665)
(192212, 0.92797665)
(180643, 0.92797665)
(337663, 0.92797665)
(173574, 0.92797656)
(227679, 0.92797656)
(128281, 0.92797656)
(62350, 0.92796968)
(81541, 0.92796264)
(294023, 0.92796264)
(69597, 0.92796256)
(227184, 0.92796256)
(385600, 0.92795568)
(187926, 0.92795568)
(400442, 0.92687717)
(201132, 0.92687717)
(216611, 0.92687012)
(309096, 0.92687012)
(273727, 0.92687012)
(221345, 0.92686316)
(364568, 0.92686316)
(82026, 0.92686316)
(399553, 0.92686316)
(78749, 0.92686316)
(258438, 0.92686316)
(313493, 0.92686316)
(134109, 0.92686316)
(310824, 0.92686316)
(19976, 0.92686308)
(107316, 0.92686308)
(276868, 0.92686308)
(250597, 0.9268562)
(51655, 0.9268562)
(151636, 0.9268562)
(56164, 0.9268562)
(215612, 0.9268562)
(87350, 0.9268562)
(250835, 0.9268562)
(222667, 0.9268562)
(371932, 0.9268562)
(344233, 0.9268562)
(101241, 0.9268562)
(93727, 0.92685612)
(116096, 0.92685612)
(344063, 0.92685612)
(43637, 0.92685612)
(85345, 0.92685612)
(403354, 0.92685612)
(273017, 0.92685612)
(38122, 0.92685612)
(184197, 0.92684924)
(396353, 0.92684924)
(226749, 0.92684924)
(269739, 0.92684924)
(76990, 0.92684924)
(105243, 0.92684924)
(383423, 0.92684924)
(106289, 0.92684924)
(251959, 0.92684915)
(221416, 0.92684915)
(327100, 0.92684915)
(269141, 0.92684915)
(54729, 0.92684915)
(226996, 0.92684915)
(188420, 0.92684915)
(242934, 0.92684915)
(96378, 0.92684915)
(137245, 0.92684915)
(48973, 0.92684915)
(314786, 0.92684915)
(113786, 0.92684915)
(152334, 0.92684915)
(256942, 0.92684915)
(226987, 0.92684915)
(221812, 0.92684907)
(244686, 0.92684907)
(70475, 0.92684907)
(387042, 0.92684907)
(281040, 0.92684907)
(207362, 0.92684228)
(371883, 0.92684228)
(331045, 0.92684228)
(268953, 0.92684228)
(259770, 0.92684228)
(100575, 0.92684228)
(278790, 0.92684228)
(235669, 0.92684228)
(152169, 0.92684219)
(177453, 0.92684219)
(371901, 0.92684219)
(289374, 0.92684219)
(43671, 0.92684219)
(252085, 0.92684219)
(84087, 0.92684219)
(75281, 0.92684219)
(287570, 0.92684219)
(267204, 0.92684219)
(282239, 0.92684219)
(82247, 0.92684219)
(245492, 0.92684219)
(178829, 0.92684219)
(333315, 0.92684219)
(225889, 0.92684219)
(410582, 0.92684219)
(36620, 0.92684219)
(94699, 0.92684219)
(662, 0.92684219)
(126184, 0.92684219)
(73478, 0.92684219)
(113718, 0.92684219)
(284051, 0.92684219)
(107845, 0.92684219)
(368550, 0.92684219)
(120751, 0.92684219)
(114208, 0.92684219)
(100877, 0.92684219)
(41441, 0.92684219)
(91900, 0.92684211)
(31938, 0.92684211)
(21734, 0.92684211)
(155274, 0.92684211)
(414937, 0.92684211)
(63008, 0.92684211)
(325229, 0.92684211)
(314468, 0.92684211)
(60759, 0.92684211)
(195063, 0.92684211)
(49064, 0.92684211)
(18161, 0.92683531)
(412587, 0.92683531)
(374795, 0.92683531)
(22398, 0.92683531)
(2693, 0.92683523)
(395312, 0.92683523)
(403709, 0.92683523)
(179850, 0.92683523)
(206032, 0.92683523)
(371490, 0.92683523)
(418421, 0.92683523)
(259378, 0.92683523)
(331503, 0.92683523)
(270622, 0.92683523)
(73051, 0.92683523)
(20738, 0.92683523)
(147185, 0.92683523)
(367073, 0.92683523)
(200295, 0.92683523)
(310466, 0.92683523)
(143017, 0.92683523)
(240297, 0.92683523)
(303881, 0.92683523)
(302725, 0.92683515)
(156298, 0.92683515)
(49185, 0.92683515)
(286932, 0.92683515)
(295893, 0.92683515)
(200925, 0.92683515)
(22319, 0.92683515)
(368257, 0.92683515)
(53322, 0.92683515)
(304055, 0.92683515)
(84367, 0.92683515)
(342074, 0.92683515)
(90673, 0.92683515)
(344396, 0.92683515)
(312687, 0.92683515)
(204982, 0.92683515)
(49038, 0.92683515)
(166520, 0.92683515)
(304336, 0.92683515)
(239965, 0.92683515)
(338560, 0.92683515)
(139457, 0.92683515)
(110744, 0.92683515)
(118830, 0.92683515)
(300220, 0.92683515)
(175808, 0.92683515)
(328128, 0.92683515)
(21690, 0.92683507)
(135040, 0.92683507)
(393018, 0.92683507)
(23211, 0.92683507)
(245501, 0.92682835)
(71582, 0.92682827)
(37630, 0.92682827)
(357011, 0.92682827)
(210096, 0.92682827)
(254613, 0.92682827)
(33071, 0.92682827)
(274001, 0.92682827)
(398211, 0.92682827)
(128762, 0.92682827)
(160713, 0.92682827)
(343261, 0.92682827)
(347803, 0.92682827)
(151020, 0.92682819)
(75741, 0.92682819)
(216609, 0.92682819)
(223425, 0.92682819)
(200798, 0.92682819)
(182306, 0.92682819)
(108004, 0.92682819)
(170854, 0.92682819)
(356759, 0.92682819)
(53340, 0.92682819)
(110969, 0.92682819)
(315444, 0.92682819)
(425, 0.92682819)
(96007, 0.92682819)
(185076, 0.92682819)
(17227, 0.92682819)
(340515, 0.92682819)
(308956, 0.92682819)
(406274, 0.92682819)
(335587, 0.92682819)
(271148, 0.92682819)
(227437, 0.92682819)
(257896, 0.92682819)
(231711, 0.92682819)
(186406, 0.92682819)
(361610, 0.92682819)
(247797, 0.92682819)
(103047, 0.92682819)
(50645, 0.92682819)
(161495, 0.92682819)
(376770, 0.92682819)
(339939, 0.9268281)
(298072, 0.9268281)
(92057, 0.9268281)
(253874, 0.9268281)
(344263, 0.9268281)
(92289, 0.9268281)
(379857, 0.9268281)
(101034, 0.9268281)
(258953, 0.9268281)
(378706, 0.9268281)
(311151, 0.9268281)
(350344, 0.9268281)
(55799, 0.9268281)
(242376, 0.9268281)
(313056, 0.9268281)
(127666, 0.92682802)
(114348, 0.92682802)
(265884, 0.92682131)
(273422, 0.92682131)
(322198, 0.92682131)
(56212, 0.92682131)
(22936, 0.92682131)
(384015, 0.92682131)
(55591, 0.92682123)
(365671, 0.92682123)
(324926, 0.92682123)
(167765, 0.92682123)
(321682, 0.92682123)
(150606, 0.92682123)
(3361, 0.92682123)
(300716, 0.92682123)
(2146, 0.92682123)
(7071, 0.92682123)
(311275, 0.92682123)
(357339, 0.92682123)
(309683, 0.92682123)
(94020, 0.92682123)
(264020, 0.92682123)
(260208, 0.92682123)
(255392, 0.92682123)
(124640, 0.92682123)
(193217, 0.92682123)
(157295, 0.92682123)
(311445, 0.92682123)
(262045, 0.92682123)
(338936, 0.92682123)
(335593, 0.92682123)
(412873, 0.92682114)
(367710, 0.92682114)
(138608, 0.92682114)
(31995, 0.92682114)
(54461, 0.92682114)
(280042, 0.92682114)
(360527, 0.92682114)
(145967, 0.92682114)
(92201, 0.92682114)
(317658, 0.92682114)
(228102, 0.92682114)
(237890, 0.92682114)
(371197, 0.92682114)
(191061, 0.92682114)
(8515, 0.92682114)
(43820, 0.92682114)
(34220, 0.92682114)
(396837, 0.92682114)
(5830, 0.92682114)
(115595, 0.92682114)
(84313, 0.92682114)
(58034, 0.92682106)
(134239, 0.92682106)
(11576, 0.92682106)
(183130, 0.92682106)
(214763, 0.92681435)
(52220, 0.92681426)
(2982, 0.92681426)
(377554, 0.92681426)
(250323, 0.92681426)
(5344, 0.92681426)
(24278, 0.92681426)
(411474, 0.92681426)
(7926, 0.92681426)
(70147, 0.92681426)
(335297, 0.92681426)
(394120, 0.92681426)
(145680, 0.92681426)
(15600, 0.92681426)
(382407, 0.92681426)
(251610, 0.92681426)
(410560, 0.92681426)
(356468, 0.92681418)
(168397, 0.92681418)
(87106, 0.92681418)
(180365, 0.92681418)
(248308, 0.92681418)
(294844, 0.92681418)
(84274, 0.92681418)
(215519, 0.92681418)
(262970, 0.92681418)
(266680, 0.92681418)
(266799, 0.92681418)
(353184, 0.92681418)
(82727, 0.92681418)
(37575, 0.92681418)
(10131, 0.92681418)
(161851, 0.92681418)
(249108, 0.92681418)
(224607, 0.92681418)
(108309, 0.92681418)
(45873, 0.92681418)
(57528, 0.92681418)
(20356, 0.92681418)
(98805, 0.92681418)
(171683, 0.92681418)
(261293, 0.92681418)
(256671, 0.92681418)
(105066, 0.9268141)
(188387, 0.9268141)
(370899, 0.9268141)
(25751, 0.9268141)
(288454, 0.9268141)
(316795, 0.9268141)
(161807, 0.9268141)
(414060, 0.9268073)
(257128, 0.9268073)
(367545, 0.92680722)
(328410, 0.92680722)
(142446, 0.92680722)
(65319, 0.92680722)
(400955, 0.92680722)
(371794, 0.92680722)
(36854, 0.92680722)
(379400, 0.92680722)
(252928, 0.92680722)
(320619, 0.92680722)
(322978, 0.92680722)
(407952, 0.92680722)
(398644, 0.92680722)
(21788, 0.92680722)
(69543, 0.92680722)
(298291, 0.92680722)
(197051, 0.92680722)
(385209, 0.92680722)
(410433, 0.92680722)
(208055, 0.92680722)
(263389, 0.92680722)
(85242, 0.92680714)
(352223, 0.92680714)
(147697, 0.92680714)
(161572, 0.92680714)
(111447, 0.92680714)
(44675, 0.92680714)
(363740, 0.92680714)
(175346, 0.92680714)
(69566, 0.92680714)
(403801, 0.92680714)
(351649, 0.92680714)
(374431, 0.92680714)
(118398, 0.92680714)
(41641, 0.92680714)
(338942, 0.92680714)
(333199, 0.92680705)
(410627, 0.92680705)
(78975, 0.92680034)
(48513, 0.92680034)
(245190, 0.92680026)
(295247, 0.92680026)
(406257, 0.92680026)
(240520, 0.92680026)
(242212, 0.92680018)
(145086, 0.92680018)
(138386, 0.92680018)
(105540, 0.92680018)
(270995, 0.92680018)
(312311, 0.92680009)
(330855, 0.92680009)
(86703, 0.92680009)
(385608, 0.92679321)
(364229, 0.92679321)
(53830, 0.92679313)
(8261, 0.92679313)
(357962, 0.92679313)
(332881, 0.92679313)
(34460, 0.92679313)
(160134, 0.92679313)
(76374, 0.92678617)
(420085, 0.92678609)
(179253, 0.92677913)
(321910, 0.92677913)
(173943, 0.92677225)
(328107, 0.92569373)
(78351, 0.92569365)
(217026, 0.92569365)
(238561, 0.92568669)
(333545, 0.92568669)
(300257, 0.92568669)
(216401, 0.92568669)
(162809, 0.92568669)
(390626, 0.92568661)
(8076, 0.92568661)
(94905, 0.92567973)
(87693, 0.92567973)
(165198, 0.92567973)
(341870, 0.92567973)
(270075, 0.92567973)
(355293, 0.92567973)
(74895, 0.92567964)
(154171, 0.92567964)
(395700, 0.92567964)
(274619, 0.92567964)
(252096, 0.92567964)
(358589, 0.92567964)
(12260, 0.92567964)
(362990, 0.92567964)
(228925, 0.92567964)
(273947, 0.92567964)
(263191, 0.92567964)
(327200, 0.92567277)
(54740, 0.92567277)
(171409, 0.92567277)
(284414, 0.92567277)
(386612, 0.92567268)
(143410, 0.92567268)
(287464, 0.92567268)
(250707, 0.92567268)
(204975, 0.92567268)
(209527, 0.92567268)
(407459, 0.92567268)
(137166, 0.92567268)
(341295, 0.9256726)
(57152, 0.9256726)
(223554, 0.9256726)
(161137, 0.9256658)
(350635, 0.9256658)
(398588, 0.9256658)
(297845, 0.9256658)
(102725, 0.9256658)
(5475, 0.92566572)
(3959, 0.92566572)
(83349, 0.92566572)
(81131, 0.92566572)
(212652, 0.92566572)
(83019, 0.92566572)
(347763, 0.92566572)
(402598, 0.92566572)
(18648, 0.92566572)
(10187, 0.92566572)
(91270, 0.92566572)
(227607, 0.92566572)
(347256, 0.92566572)
(330581, 0.92566572)
(74647, 0.92566572)
(271811, 0.92566572)
(391182, 0.92566572)
(209470, 0.92566564)
(275308, 0.92566564)
(392301, 0.92566564)
(356533, 0.92566564)
(354420, 0.92566564)
(228885, 0.92566564)
(236146, 0.92566564)
(195402, 0.92566564)
(344457, 0.92566564)
(56416, 0.92566564)
(228814, 0.92565884)
(261416, 0.92565884)
(233837, 0.92565876)
(88003, 0.92565876)
(70461, 0.92565876)
(251559, 0.92565876)
(156417, 0.92565876)
(32530, 0.92565876)
(252876, 0.92565876)
(56915, 0.92565876)
(304511, 0.92565876)
(105459, 0.92565876)
(305482, 0.92565876)
(327021, 0.92565876)
(69137, 0.92565876)
(325466, 0.92565876)
(183093, 0.92565876)
(330639, 0.92565876)
(280167, 0.92565876)
(165079, 0.92565868)
(11972, 0.92565868)
(9017, 0.92565868)
(375830, 0.92565868)
(233962, 0.92565868)
(373214, 0.92565868)
(137232, 0.92565868)
(18124, 0.92565868)
(190594, 0.92565868)
(120870, 0.92565868)
(348691, 0.92565868)
(11056, 0.92565868)
(166376, 0.92565868)
(319549, 0.92565868)
(89130, 0.92565868)
(2923, 0.92565868)
(59595, 0.92565868)
(17126, 0.92565868)
(330944, 0.92565868)
(115969, 0.92565868)
(144543, 0.92565868)
(210935, 0.92565868)
(235665, 0.92565868)
(190294, 0.92565868)
(411368, 0.92565868)
(75869, 0.92565868)
(322012, 0.92565868)
(254062, 0.92565859)
(111486, 0.92565859)
(159756, 0.92565859)
(68349, 0.92565859)
(399332, 0.92565859)
(73099, 0.92565188)
(259058, 0.9256518)
(104684, 0.9256518)
(229615, 0.9256518)
(271217, 0.9256518)
(359729, 0.9256518)
(173038, 0.9256518)
(227439, 0.9256518)
(348390, 0.9256518)
(5479, 0.9256518)
(341143, 0.9256518)
(248506, 0.92565172)
(348322, 0.92565172)
(377897, 0.92565172)
(260715, 0.92565172)
(59172, 0.92565172)
(150734, 0.92565172)
(287344, 0.92565172)
(255264, 0.92565172)
(174906, 0.92565172)
(25222, 0.92565172)
(268941, 0.92565172)
(32592, 0.92565172)
(239067, 0.92565172)
(325578, 0.92565172)
(118416, 0.92565172)
(24532, 0.92565172)
(31825, 0.92565172)
(108987, 0.92565172)
(286794, 0.92565172)
(302892, 0.92565172)
(216887, 0.92565172)
(233774, 0.92565172)
(275807, 0.92565172)
(115427, 0.92565172)
(378881, 0.92565172)
(17381, 0.92565172)
(182857, 0.92565172)
(125962, 0.92565172)
(292679, 0.92565172)
(32900, 0.92565172)
(342884, 0.92565172)
(310859, 0.92565163)
(384213, 0.92565163)
(11802, 0.92565163)
(316533, 0.92565163)
(222306, 0.92565163)
(294491, 0.92565163)
(155796, 0.92565163)
(367289, 0.92565163)
(66993, 0.92565163)
(35889, 0.92565163)
(373522, 0.92565163)
(203987, 0.92564484)
(419929, 0.92564484)
(6032, 0.92564484)
(85891, 0.92564484)
(41531, 0.92564475)
(208043, 0.92564475)
(229361, 0.92564475)
(183792, 0.92564475)
(173740, 0.92564475)
(360356, 0.92564475)
(151696, 0.92564475)
(90694, 0.92564475)
(63898, 0.92564475)
(91677, 0.92564475)
(10939, 0.92564475)
(204453, 0.92564475)
(76346, 0.92564475)
(27939, 0.92564475)
(303784, 0.92564475)
(184111, 0.92564475)
(346674, 0.92564475)
(246720, 0.92564475)
(312408, 0.92564475)
(316315, 0.92564475)
(22823, 0.92564475)
(153709, 0.92564475)
(72953, 0.92564475)
(205538, 0.92564467)
(352953, 0.92564467)
(324439, 0.92564467)
(394154, 0.92564467)
(47774, 0.92564467)
(181494, 0.92564467)
(210463, 0.92564467)
(117873, 0.92564467)
(30464, 0.92564467)
(294143, 0.92564467)
(106880, 0.92564467)
(366119, 0.92564467)
(105372, 0.92564467)
(399130, 0.92564467)
(253414, 0.92564467)
(143053, 0.92564467)
(383930, 0.92564459)
(186558, 0.92564459)
(34515, 0.92563788)
(79762, 0.92563779)
(396103, 0.92563779)
(406696, 0.92563779)
(413903, 0.92563779)
(282637, 0.92563779)
(257830, 0.92563779)
(221727, 0.92563779)
(87578, 0.92563779)
(281170, 0.92563779)
(354972, 0.92563779)
(71777, 0.92563779)
(345368, 0.92563779)
(157365, 0.92563779)
(238506, 0.92563779)
(396977, 0.92563779)
(24749, 0.92563771)
(70362, 0.92563771)
(76926, 0.92563771)
(52974, 0.92563771)
(116612, 0.92563771)
(272011, 0.92563771)
(277233, 0.92563771)
(195678, 0.92563771)
(370284, 0.92563771)
(418525, 0.92563771)
(188556, 0.92563771)
(98963, 0.92563771)
(128654, 0.92563771)
(91446, 0.92563771)
(273454, 0.92563771)
(56113, 0.92563771)
(176657, 0.92563771)
(3612, 0.92563771)
(82479, 0.92563771)
(398520, 0.92563771)
(60713, 0.92563771)
(420347, 0.92563771)
(322555, 0.92563771)
(138317, 0.92563771)
(26671, 0.92563771)
(299372, 0.92563771)
(418408, 0.92563763)
(150129, 0.92563763)
(337174, 0.92563763)
(228628, 0.92563763)
(417217, 0.92563763)
(106654, 0.92563763)
(296380, 0.92563763)
(333756, 0.92563763)
(390427, 0.92563763)
(266030, 0.92563083)
(411099, 0.92563083)
(295919, 0.92563083)
(61333, 0.92563083)
(49264, 0.92563083)
(169461, 0.92563075)
(279653, 0.92563075)
(250056, 0.92563075)
(308240, 0.92563075)
(233215, 0.92563075)
(296778, 0.92563075)
(380720, 0.92563075)
(373010, 0.92563075)
(408167, 0.92563075)
(387244, 0.92563075)
(286973, 0.92563075)
(159830, 0.92563075)
(21462, 0.92563075)
(94438, 0.92563075)
(144999, 0.92563075)
(319534, 0.92563075)
(288767, 0.92563075)
(98787, 0.92563075)
(335108, 0.92563075)
(30057, 0.92563075)
(51189, 0.92563067)
(333424, 0.92563067)
(312234, 0.92563067)
(219309, 0.92563067)
(26951, 0.92563067)
(387807, 0.92563067)
(277186, 0.92563067)
(137804, 0.92563067)
(53030, 0.92563067)
(185217, 0.92563067)
(15992, 0.92563067)
(394626, 0.92563067)
(52065, 0.92563067)
(88836, 0.92563067)
(216828, 0.92563067)
(208298, 0.92563067)
(378225, 0.92562387)
(119252, 0.92562379)
(204791, 0.92562379)
(74990, 0.92562371)
(415110, 0.92562371)
(357633, 0.92562371)
(253628, 0.92562371)
(112309, 0.92562371)
(420314, 0.92562371)
(316129, 0.92562371)
(56397, 0.92562371)
(296339, 0.92562371)
(237072, 0.92562371)
(248856, 0.92562371)
(414399, 0.92562371)
(57171, 0.92562371)
(393871, 0.92562362)
(55008, 0.92562362)
(107798, 0.92561691)
(194733, 0.92561683)
(259217, 0.92561674)
(13010, 0.92561674)
(224787, 0.92561674)
(95937, 0.92561674)
(209691, 0.92561674)
(188847, 0.92561674)
(204355, 0.92561674)
(90209, 0.92561666)
(151067, 0.92561666)
(28539, 0.92561666)
(364720, 0.92561666)
(350669, 0.92561666)
(204300, 0.92561666)
(208673, 0.92560987)
(409587, 0.92560978)
(100716, 0.9256097)
(305945, 0.9256097)
(52558, 0.9256097)
(166772, 0.9256097)
(345098, 0.92560282)
(339035, 0.92560282)
(139145, 0.92560282)
(58595, 0.92560274)
(124702, 0.92560274)
(356010, 0.92560274)
(173073, 0.92559578)
(236748, 0.92451718)
(357871, 0.92451022)
(35103, 0.92451022)
(75732, 0.92451022)
(299578, 0.92451014)
(204947, 0.92451014)
(362520, 0.92450326)
(399675, 0.92450326)
(229794, 0.92450326)
(398102, 0.92450326)
(19857, 0.92450326)
(207232, 0.92450317)
(291968, 0.9244963)
(191783, 0.9244963)
(360413, 0.9244963)
(190926, 0.9244963)
(89519, 0.9244963)
(322684, 0.9244963)
(336281, 0.9244963)
(264371, 0.92449621)
(295420, 0.92449621)
(251747, 0.92449621)
(267268, 0.92449621)
(45789, 0.92449621)
(339855, 0.92449621)
(260849, 0.92449621)
(396820, 0.92449621)
(85799, 0.92449621)
(386308, 0.92449621)
(2574, 0.92449621)
(249541, 0.92448933)
(87386, 0.92448933)
(112949, 0.92448933)
(361758, 0.92448933)
(297730, 0.92448933)
(293390, 0.92448933)
(313161, 0.92448933)
(250768, 0.92448925)
(136965, 0.92448925)
(51473, 0.92448925)
(271093, 0.92448925)
(336338, 0.92448925)
(245247, 0.92448925)
(255532, 0.92448925)
(256001, 0.92448925)
(61800, 0.92448925)
(327295, 0.92448925)
(315218, 0.92448925)
(78990, 0.92448917)
(93743, 0.92448917)
(389574, 0.92448917)
(113991, 0.92448917)
(122949, 0.92448237)
(305839, 0.92448237)
(376101, 0.92448229)
(268437, 0.92448229)
(229382, 0.92448229)
(144463, 0.92448229)
(13260, 0.92448229)
(305042, 0.92448229)
(355195, 0.92448229)
(46595, 0.92448229)
(257017, 0.92448229)
(129050, 0.92448229)
(145813, 0.92448229)
(125192, 0.92448229)
(82764, 0.92448229)
(194867, 0.92448229)
(199158, 0.92448229)
(419425, 0.92448229)
(347227, 0.92448229)
(322256, 0.92448229)
(358066, 0.92448229)
(282666, 0.92448229)
(98263, 0.92448221)
(385035, 0.92448221)
(77353, 0.92448221)
(314996, 0.92448221)
(104315, 0.92448221)
(323501, 0.92448221)
(214864, 0.92448221)
(362192, 0.92448221)
(69635, 0.92448221)
(50587, 0.92448221)
(227835, 0.92448221)
(231618, 0.92448221)
(105911, 0.92448221)
(311846, 0.92448221)
(3311, 0.92448221)
(95329, 0.92448221)
(385633, 0.92448221)
(43848, 0.92448221)
(341673, 0.92448221)
(300369, 0.92448221)
(281850, 0.92448221)
(200127, 0.92448221)
(44324, 0.92448212)
(191876, 0.92448212)
(373851, 0.92448212)
(334084, 0.92447541)
(212271, 0.92447533)
(412781, 0.92447533)
(23654, 0.92447533)
(54696, 0.92447533)
(299103, 0.92447533)
(276055, 0.92447533)
(110623, 0.92447533)
(392290, 0.92447533)
(328782, 0.92447533)
(272535, 0.92447533)
(239161, 0.92447525)
(221357, 0.92447525)
(390204, 0.92447525)
(97841, 0.92447525)
(369582, 0.92447525)
(35181, 0.92447525)
(220791, 0.92447525)
(288202, 0.92447525)
(81383, 0.92447525)
(36035, 0.92447525)
(205243, 0.92447525)
(102999, 0.92447525)
(383866, 0.92447525)
(218023, 0.92447525)
(254494, 0.92447525)
(133773, 0.92447525)
(190574, 0.92447525)
(12975, 0.92447525)
(111962, 0.92447525)
(418997, 0.92447525)
(334513, 0.92447525)
(356122, 0.92447525)
(110940, 0.92447525)
(413011, 0.92447525)
(244618, 0.92447525)
(18656, 0.92447516)
(293649, 0.92447516)
(130816, 0.92447516)
(150183, 0.92447516)
(150222, 0.92447516)
(345442, 0.92447516)
(83873, 0.92447516)
(25503, 0.92447516)
(272859, 0.92447516)
(40304, 0.92447516)
(159299, 0.92447516)
(332672, 0.92447516)
(388125, 0.92447516)
(378612, 0.92447508)
(127870, 0.92446837)
(56241, 0.92446837)
(366313, 0.92446837)
(219994, 0.92446837)
(265203, 0.92446837)
(130258, 0.92446837)
(400122, 0.92446837)
(3253, 0.92446828)
(198445, 0.92446828)
(345010, 0.92446828)
(296175, 0.92446828)
(344949, 0.92446828)
(158507, 0.92446828)
(366874, 0.92446828)
(384782, 0.92446828)
(179234, 0.92446828)
(20084, 0.92446828)
(223243, 0.92446828)
(1371, 0.92446828)
(7618, 0.92446828)
(28999, 0.92446828)
(84280, 0.92446828)
(149954, 0.92446828)
(10151, 0.92446828)
(348876, 0.92446828)
(98192, 0.92446828)
(32441, 0.9244682)
(163359, 0.9244682)
(163323, 0.9244682)
(170196, 0.9244682)
(108361, 0.9244682)
(6280, 0.9244682)
(107770, 0.9244682)
(416978, 0.9244682)
(37740, 0.9244682)
(152580, 0.9244682)
(174044, 0.9244682)
(232649, 0.9244682)
(417986, 0.9244682)
(97696, 0.9244682)
(109969, 0.9244682)
(417529, 0.9244682)
(407728, 0.92446812)
(189950, 0.92446812)
(315467, 0.92446812)
(234832, 0.92446141)
(146638, 0.92446141)
(240513, 0.92446141)
(360144, 0.92446132)
(269506, 0.92446132)
(176391, 0.92446132)
(157651, 0.92446132)
(10510, 0.92446132)
(258632, 0.92446132)
(190097, 0.92446132)
(213668, 0.92446132)
(26531, 0.92446132)
(261864, 0.92446132)
(181626, 0.92446132)
(110513, 0.92446132)
(189920, 0.92446132)
(160269, 0.92446132)
(240860, 0.92446132)
(239415, 0.92446124)
(328647, 0.92446124)
(323673, 0.92446124)
(56531, 0.92446124)
(326240, 0.92446124)
(276447, 0.92446124)
(119668, 0.92446124)
(205711, 0.92446124)
(85031, 0.92446124)
(171454, 0.92446124)
(90966, 0.92446124)
(234392, 0.92446124)
(100929, 0.92446124)
(206450, 0.92446124)
(65819, 0.92446124)
(72350, 0.92446124)
(7718, 0.92446124)
(193743, 0.92446124)
(115331, 0.92446124)
(89928, 0.92446124)
(216033, 0.92446124)
(310929, 0.92446124)
(213705, 0.92446124)
(235912, 0.92446124)
(209394, 0.92446124)
(193370, 0.92446116)
(199832, 0.92446116)
(402630, 0.92446116)
(25321, 0.92446116)
(95871, 0.92445444)
(347805, 0.92445444)
(208310, 0.92445436)
(260994, 0.92445436)
(333736, 0.92445436)
(238798, 0.92445436)
(78355, 0.92445436)
(163906, 0.92445436)
(186142, 0.92445428)
(51875, 0.92445428)
(254538, 0.92445428)
(296028, 0.92445428)
(396449, 0.92445428)
(207538, 0.92445428)
(208519, 0.92445428)
(198995, 0.92445428)
(124449, 0.92445428)
(291501, 0.92445428)
(64987, 0.92445428)
(75539, 0.92445428)
(19616, 0.92445428)
(374177, 0.92445428)
(98492, 0.92445428)
(17038, 0.92445428)
(89129, 0.92445428)
(269174, 0.92445428)
(253267, 0.92445428)
(118369, 0.9244542)
(215937, 0.9244542)
(46580, 0.9244542)
(342453, 0.9244542)
(415105, 0.9244542)
(151513, 0.9244542)
(140269, 0.9244542)
(306974, 0.9244542)
(150049, 0.9244542)
(418974, 0.92445411)
(133649, 0.92444748)
(64435, 0.9244474)
(223969, 0.92444732)
(318327, 0.92444732)
(320234, 0.92444732)
(313104, 0.92444732)
(120206, 0.92444732)
(234178, 0.92444732)
(211310, 0.92444732)
(133008, 0.92444732)
(117155, 0.92444723)
(336199, 0.92444723)
(354482, 0.92444723)
(251785, 0.92444723)
(275731, 0.92444723)
(200997, 0.92444723)
(323366, 0.92444723)
(365242, 0.92444723)
(282812, 0.92444723)
(260770, 0.92444723)
(18973, 0.92444723)
(72803, 0.92444723)
(271099, 0.92444723)
(96888, 0.92444723)
(97639, 0.92444715)
(182234, 0.92444715)
(157831, 0.92444715)
(254123, 0.92444715)
(131415, 0.92444707)
(254905, 0.92444044)
(175088, 0.92444036)
(217407, 0.92444036)
(66414, 0.92444036)
(372849, 0.92444027)
(256399, 0.92444027)
(399037, 0.92444027)
(226356, 0.92444027)
(396872, 0.92444027)
(22108, 0.92444027)
(21599, 0.92444027)
(147835, 0.92444027)
(309246, 0.92444027)
(17060, 0.92444027)
(371568, 0.92444027)
(162747, 0.92444027)
(367674, 0.92444027)
(146371, 0.92444019)
(106607, 0.92444019)
(226095, 0.92444019)
(92101, 0.92444019)
(236052, 0.92444019)
(31505, 0.92444019)
(234583, 0.92443331)
(294884, 0.92443331)
(229722, 0.92443331)
(44594, 0.92443323)
(136318, 0.92443323)
(242571, 0.92443323)
(365687, 0.92443323)
(37706, 0.92443315)
(43154, 0.92442627)
(305516, 0.92442627)
(44491, 0.92442618)
(366940, 0.92442618)
(267516, 0.92442618)
(153260, 0.92442618)
(412600, 0.92442618)
(262705, 0.92441939)
(120971, 0.92441939)
(391394, 0.92441931)
(222019, 0.92441931)
(99403, 0.92441226)
(313477, 0.92441226)
(17308, 0.92441218)
(299395, 0.92334767)
(368351, 0.92333375)
(349151, 0.92333366)
(146062, 0.92332679)
(319983, 0.92332679)
(102055, 0.92332679)
(396161, 0.92332679)
(141436, 0.9233267)
(273022, 0.9233267)
(98839, 0.9233267)
(144674, 0.9233267)
(93581, 0.9233267)
(257309, 0.92332662)
(201489, 0.92331982)
(284026, 0.92331982)
(398820, 0.92331982)
(45787, 0.92331974)
(264292, 0.92331974)
(360840, 0.92331974)
(134532, 0.92331974)
(392919, 0.92331974)
(391600, 0.92331974)
(89747, 0.92331974)
(187736, 0.92331974)
(81369, 0.92331974)
(374358, 0.92331966)
(80680, 0.92331966)
(323957, 0.92331286)
(95170, 0.92331278)
(188158, 0.92331278)
(285771, 0.92331278)
(275107, 0.92331278)
(64902, 0.92331278)
(160398, 0.92331278)
(330214, 0.92331278)
(59908, 0.92331278)
(270666, 0.9233127)
(110066, 0.9233127)
(297122, 0.9233127)
(156065, 0.92331261)
(65923, 0.9233059)
(357693, 0.9233059)
(10785, 0.92330582)
(296320, 0.92330582)
(110260, 0.92330582)
(168897, 0.92330582)
(96646, 0.92330582)
(413139, 0.92330582)
(159388, 0.92330582)
(369084, 0.92330582)
(338805, 0.92330582)
(296466, 0.92330582)
(214161, 0.92330582)
(326199, 0.92330582)
(391262, 0.92330582)
(321992, 0.92330574)
(201806, 0.92330574)
(17570, 0.92330574)
(203839, 0.92330574)
(30848, 0.92330574)
(342767, 0.92330574)
(368051, 0.92330574)
(117560, 0.92330574)
(86192, 0.92330574)
(259784, 0.92330574)
(11207, 0.92330574)
(361817, 0.92330565)
(297630, 0.92329894)
(216852, 0.92329886)
(221111, 0.92329886)
(302641, 0.92329886)
(143851, 0.92329886)
(373268, 0.92329886)
(301118, 0.92329886)
(417975, 0.92329886)
(73446, 0.92329886)
(302988, 0.92329886)
(326775, 0.92329886)
(88971, 0.92329886)
(391204, 0.92329886)
(133114, 0.92329886)
(352916, 0.92329886)
(46071, 0.92329878)
(36435, 0.92329878)
(152222, 0.92329878)
(279765, 0.92329878)
(365095, 0.92329878)
(253029, 0.92329878)
(111105, 0.92329878)
(201418, 0.92329878)
(11046, 0.92329878)
(163267, 0.92329878)
(210589, 0.92329878)
(294943, 0.92329878)
(329515, 0.92329878)
(226602, 0.92329878)
(9268, 0.92329878)
(272658, 0.92329878)
(305098, 0.92329878)
(20497, 0.92329878)
(73023, 0.92329878)
(364781, 0.92329878)
(130312, 0.92329878)
(226732, 0.92329878)
(203708, 0.92329878)
(343701, 0.92329878)
(173013, 0.92329869)
(332300, 0.92329869)
(405035, 0.92329869)
(210795, 0.92329869)
(197408, 0.92329198)
(160676, 0.9232919)
(288655, 0.9232919)
(361079, 0.9232919)
(54348, 0.9232919)
(61394, 0.9232919)
(402734, 0.9232919)
(67650, 0.92329181)
(107539, 0.92329181)
(320015, 0.92329181)
(89913, 0.92329181)
(191075, 0.92329181)
(180924, 0.92329181)
(201394, 0.92329181)
(264353, 0.92329181)
(369735, 0.92329181)
(122541, 0.92329181)
(169882, 0.92329181)
(365629, 0.92329181)
(335732, 0.92329181)
(153763, 0.92329181)
(38862, 0.92329181)
(76119, 0.92329181)
(96881, 0.92329181)
(53034, 0.92329181)
(394803, 0.92329181)
(67083, 0.92329181)
(118575, 0.92329173)
(128928, 0.92329173)
(220318, 0.92329173)
(372457, 0.92329173)
(253365, 0.92329173)
(81472, 0.92329173)
(412126, 0.92329173)
(18276, 0.92329173)
(173590, 0.92329173)
(378890, 0.92329173)
(16305, 0.92329173)
(327669, 0.92329173)
(394077, 0.92329173)
(390248, 0.92329173)
(397259, 0.92329173)
(79046, 0.92329165)
(63968, 0.92329165)
(161887, 0.92329165)
(100450, 0.92329165)
(98099, 0.92328485)
(210850, 0.92328485)
(115764, 0.92328485)
(348495, 0.92328485)
(24939, 0.92328485)
(386453, 0.92328485)
(382144, 0.92328485)
(380763, 0.92328485)
(114401, 0.92328485)
(342931, 0.92328485)
(221760, 0.92328485)
(90599, 0.92328485)
(175462, 0.92328485)
(315312, 0.92328477)
(383797, 0.92328477)
(346848, 0.92328477)
(72313, 0.92328477)
(263397, 0.92328477)
(244808, 0.92328477)
(345132, 0.92328477)
(153615, 0.92328477)
(110152, 0.92328477)
(361146, 0.92328477)
(274633, 0.92328477)
(387064, 0.92328477)
(142901, 0.92328477)
(145820, 0.92328477)
(351775, 0.92328477)
(367402, 0.92328477)
(407314, 0.92328469)
(52411, 0.92328469)
(11474, 0.92328469)
(271689, 0.92328469)
(124349, 0.92328469)
(319250, 0.92328469)
(107561, 0.92328469)
(250796, 0.92328469)
(234844, 0.92328469)
(133029, 0.92327797)
(13344, 0.92327789)
(355834, 0.92327789)
(104254, 0.92327789)
(138523, 0.92327789)
(327793, 0.92327789)
(194356, 0.92327781)
(71040, 0.92327781)
(29872, 0.92327781)
(335933, 0.92327781)
(315806, 0.92327781)
(51388, 0.92327781)
(76222, 0.92327781)
(24842, 0.92327781)
(349722, 0.92327781)
(301821, 0.92327781)
(331422, 0.92327781)
(319679, 0.92327781)
(412232, 0.92327781)
(301307, 0.92327781)
(413889, 0.92327781)
(169733, 0.92327781)
(372466, 0.92327781)
(371685, 0.92327781)
(123963, 0.92327781)
(265796, 0.92327773)
(290361, 0.92327773)
(127535, 0.92327773)
(353847, 0.92327773)
(414397, 0.92327773)
(320372, 0.92327773)
(197420, 0.92327773)
(262960, 0.92327773)
(106664, 0.92327773)
(79411, 0.92327773)
(217324, 0.92327773)
(105072, 0.92327773)
(215746, 0.92327101)
(229588, 0.92327101)
(280474, 0.92327093)
(148578, 0.92327093)
(81979, 0.92327093)
(75017, 0.92327093)
(131681, 0.92327085)
(49608, 0.92327085)
(98520, 0.92327085)
(40339, 0.92327085)
(115714, 0.92327085)
(235990, 0.92327085)
(324434, 0.92327085)
(254745, 0.92327085)
(339550, 0.92327085)
(200199, 0.92327085)
(350193, 0.92327076)
(393946, 0.92327076)
(316670, 0.92327076)
(156611, 0.92327076)
(144479, 0.92327076)
(346611, 0.92327076)
(56271, 0.92327076)
(142886, 0.92327076)
(72916, 0.92327076)
(29582, 0.92327076)
(312811, 0.92327076)
(147541, 0.92327068)
(168423, 0.92327068)
(114510, 0.92327068)
(76634, 0.92327068)
(214439, 0.92327068)
(92129, 0.92327068)
(179055, 0.92326397)
(103998, 0.92326389)
(357572, 0.92326389)
(399363, 0.92326389)
(117507, 0.92326389)
(193736, 0.92326389)
(146392, 0.92326389)
(114595, 0.9232638)
(6479, 0.9232638)
(415411, 0.9232638)
(408329, 0.9232638)
(407448, 0.9232638)
(303557, 0.9232638)
(416267, 0.9232638)
(247568, 0.9232638)
(302885, 0.9232638)
(147744, 0.9232638)
(162152, 0.92326372)
(110592, 0.92326372)
(319653, 0.92326372)
(259991, 0.92326372)
(61689, 0.92326372)
(347753, 0.92326372)
(375782, 0.92325684)
(278267, 0.92325684)
(49289, 0.92325676)
(416825, 0.92325676)
(386973, 0.92325676)
(372265, 0.92324988)
(392613, 0.92324988)
(411493, 0.9232498)
(304352, 0.92324971)
(374869, 0.92324292)
(354090, 0.92324284)
(28821, 0.92324284)
(408545, 0.92324284)
(325869, 0.92324284)
(32070, 0.92324284)
(8937, 0.92324284)
(187885, 0.92323579)
(407721, 0.92322883)
(150633, 0.92322883)
(212601, 0.92322179)
(135371, 0.92215719)
(250620, 0.92215023)
(141306, 0.92215023)
(248502, 0.92215023)
(122602, 0.92214335)
(337060, 0.92214335)
(133993, 0.92214335)
(291703, 0.92214335)
(334228, 0.92214335)
(112586, 0.92214327)
(105732, 0.92214327)
(370442, 0.92214327)
(274646, 0.92214327)
(397806, 0.92213639)
(286853, 0.92213631)
(54714, 0.92213631)
(333039, 0.92213631)
(201960, 0.92213631)
(258362, 0.92213631)
(267224, 0.92213623)
(382003, 0.92213623)
(46446, 0.92213623)
(112992, 0.92213614)
(363814, 0.92213614)
(52561, 0.92212935)
(76555, 0.92212935)
(161672, 0.92212935)
(261526, 0.92212935)
(10748, 0.92212935)
(27859, 0.92212935)
(196357, 0.92212927)
(50028, 0.92212927)
(299900, 0.92212927)
(182640, 0.92212927)
(177502, 0.92212927)
(284591, 0.92212927)
(18569, 0.92212927)
(236398, 0.92212927)
(146356, 0.92212927)
(364979, 0.92212918)
(244223, 0.92212918)
(235677, 0.92212239)
(370751, 0.92212239)
(204031, 0.92212239)
(27438, 0.92212239)
(4899, 0.92212239)
(118293, 0.92212239)
(78296, 0.92212239)
(51794, 0.92212239)
(311049, 0.92212239)
(196858, 0.92212239)
(69350, 0.9221223)
(324365, 0.9221223)
(169426, 0.9221223)
(169422, 0.9221223)
(332628, 0.9221223)
(26964, 0.9221223)
(128242, 0.9221223)
(100191, 0.9221223)
(122610, 0.9221223)
(391148, 0.9221223)
(390876, 0.9221223)
(63636, 0.9221223)
(409894, 0.9221223)
(55501, 0.9221223)
(355929, 0.9221223)
(245704, 0.9221223)
(4646, 0.9221223)
(266994, 0.9221223)
(158354, 0.9221223)
(121027, 0.92212222)
(239538, 0.92212222)
(375933, 0.92212222)
(186476, 0.92212222)
(116599, 0.92212222)
(387737, 0.92211543)
(139752, 0.92211543)
(122299, 0.92211543)
(285199, 0.92211543)
(51834, 0.92211543)
(291609, 0.92211543)
(284618, 0.92211534)
(374695, 0.92211534)
(94006, 0.92211534)
(367541, 0.92211534)
(404104, 0.92211534)
(170996, 0.92211534)
(132200, 0.92211534)
(186754, 0.92211526)
(380725, 0.92211526)
(257652, 0.92211526)
(82286, 0.92211526)
(236021, 0.92211526)
(29999, 0.92211526)
(5260, 0.92211526)
(128788, 0.92211526)
(419050, 0.92210846)
(145791, 0.92210838)
(54212, 0.92210838)
(297460, 0.92210838)
(281075, 0.92210838)
(160082, 0.92210838)
(301775, 0.92210838)
(57135, 0.92210838)
(400231, 0.92210838)
(265685, 0.92210838)
(96585, 0.92210838)
(42216, 0.92210838)
(307769, 0.92210838)
(392280, 0.92210838)
(86407, 0.9221083)
(225991, 0.9221083)
(408056, 0.9221083)
(105318, 0.9221083)
(293657, 0.9221083)
(334664, 0.9221083)
(272479, 0.9221083)
(339944, 0.9221083)
(365684, 0.9221083)
(81129, 0.9221083)
(114064, 0.9221083)
(176335, 0.9221083)
(273822, 0.9221083)
(201382, 0.9221083)
(235893, 0.9221083)
(231983, 0.92210822)
(86734, 0.92210822)
(229494, 0.92210822)
(177222, 0.9221015)
(95466, 0.9221015)
(117154, 0.92210142)
(416649, 0.92210142)
(318721, 0.92210142)
(131308, 0.92210142)
(337393, 0.92210134)
(201424, 0.92210134)
(223228, 0.92210134)
(262935, 0.92210134)
(141669, 0.92210134)
(9561, 0.92210134)
(28547, 0.92210134)
(137684, 0.92210134)
(389406, 0.92210134)
(271762, 0.92210134)
(346105, 0.92210134)
(352026, 0.92210134)
(302329, 0.92210134)
(49915, 0.92210134)
(418178, 0.92210134)
(322464, 0.92210134)
(378283, 0.92210125)
(128706, 0.92210125)
(135096, 0.92210125)
(212575, 0.92210125)
(301688, 0.92210125)
(272710, 0.92210125)
(26830, 0.92210125)
(150741, 0.92210125)
(157590, 0.92210125)
(74371, 0.92210125)
(27045, 0.92210117)
(244700, 0.92210117)
(92826, 0.92210117)
(52697, 0.92209446)
(60867, 0.92209446)
(250485, 0.92209446)
(300655, 0.92209438)
(143994, 0.92209438)
(334080, 0.92209438)
(274281, 0.92209438)
(289069, 0.92209438)
(261660, 0.92209438)
(283001, 0.92209438)
(95997, 0.92209438)
(131545, 0.92209438)
(80643, 0.92209438)
(417097, 0.92209438)
(386549, 0.92209438)
(248885, 0.92209438)
(401972, 0.92209429)
(321351, 0.92209429)
(318177, 0.92209429)
(278413, 0.92209429)
(317643, 0.92209429)
(95503, 0.92209429)
(337765, 0.92209429)
(314750, 0.92209429)
(253041, 0.92209429)
(199497, 0.92209429)
(241182, 0.92209429)
(239361, 0.92209429)
(81829, 0.92209429)
(3526, 0.92209429)
(368123, 0.92209429)
(159569, 0.92209429)
(284704, 0.92209429)
(314095, 0.92209421)
(380904, 0.92209421)
(325886, 0.9220875)
(179230, 0.92208741)
(369319, 0.92208741)
(361032, 0.92208741)
(19041, 0.92208741)
(57600, 0.92208733)
(246205, 0.92208733)
(224875, 0.92208733)
(50594, 0.92208733)
(122576, 0.92208733)
(374889, 0.92208733)
(332113, 0.92208733)
(11042, 0.92208733)
(346973, 0.92208733)
(87724, 0.92208733)
(386492, 0.92208725)
(24031, 0.92208725)
(415997, 0.92208725)
(357415, 0.92208725)
(45431, 0.92208725)
(305979, 0.92208717)
(156966, 0.92208717)
(380803, 0.92208045)
(303293, 0.92208045)
(266290, 0.92208045)
(327011, 0.92208037)
(380866, 0.92208037)
(373759, 0.92208037)
(33362, 0.92208037)
(206017, 0.92208029)
(26407, 0.92208029)
(143649, 0.92208029)
(274443, 0.92207341)
(77314, 0.92207341)
(363325, 0.92207341)
(297087, 0.92207333)
(329021, 0.92207333)
(10169, 0.92207333)
(368288, 0.92207333)
(284752, 0.92207333)
(244538, 0.92207333)
(261666, 0.92207324)
(378307, 0.92207324)
(129726, 0.92206637)
(146844, 0.92206637)
(44882, 0.92206637)
(174669, 0.92206637)
(12264, 0.92206637)
(252753, 0.92206637)
(73063, 0.92206628)
(274856, 0.92205932)
(92610, 0.92205924)
(324132, 0.92205244)
(256153, 0.92205236)
(128401, 0.92205236)
(79312, 0.92203827)
(247290, 0.92098081)
(158043, 0.92097385)
(213829, 0.92097376)
(306015, 0.92096688)
(264941, 0.9209668)
(328418, 0.9209668)
(197642, 0.9209668)
(354734, 0.9209668)
(116230, 0.9209668)
(237874, 0.92095992)
(68571, 0.92095984)
(347537, 0.92095984)
(273998, 0.92095984)
(116129, 0.92095984)
(227592, 0.92095984)
(317386, 0.92095984)
(99591, 0.92095976)
(318195, 0.92095976)
(155884, 0.92095976)
(230994, 0.92095976)
(173956, 0.92095967)
(21626, 0.92095296)
(73470, 0.92095288)
(243138, 0.92095288)
(231065, 0.92095288)
(337029, 0.92095288)
(313601, 0.92095288)
(316909, 0.92095288)
(35084, 0.92095288)
(127984, 0.9209528)
(385616, 0.9209528)
(299329, 0.9209528)
(244935, 0.9209528)
(400530, 0.9209528)
(213128, 0.92095271)
(53658, 0.92094592)
(369535, 0.92094592)
(115316, 0.92094592)
(398173, 0.92094592)
(166034, 0.92094592)
(251617, 0.92094583)
(360606, 0.92094583)
(78488, 0.92094583)
(208709, 0.92094575)
(184664, 0.92094575)
(300546, 0.92094575)
(108453, 0.92094567)
(283094, 0.92093896)
(86749, 0.92093896)
(396947, 0.92093887)
(127938, 0.92093887)
(407606, 0.92093887)
(161922, 0.92093887)
(76964, 0.92093887)
(17269, 0.92093887)
(392339, 0.92093887)
(83673, 0.92093887)
(353193, 0.92093879)
(218291, 0.92093879)
(230775, 0.92093879)
(136671, 0.92093879)
(317753, 0.92093879)
(371359, 0.92093879)
(56806, 0.92093879)
(336784, 0.92093879)
(50312, 0.92093879)
(102347, 0.92093879)
(270187, 0.92093879)
(34690, 0.92093879)
(218754, 0.92093199)
(18540, 0.92093191)
(273417, 0.92093191)
(363349, 0.92093191)
(349934, 0.92093191)
(202975, 0.92093191)
(176503, 0.92093191)
(6620, 0.92093183)
(91332, 0.92093183)
(65334, 0.92093183)
(325677, 0.92093183)
(308416, 0.92093183)
(274548, 0.92093183)
(267882, 0.92093183)
(237959, 0.92093183)
(175052, 0.92093183)
(138336, 0.92093183)
(340528, 0.92093183)
(183362, 0.92093183)
(91467, 0.92093183)
(23919, 0.92093175)
(118622, 0.92093175)
(167567, 0.92093175)
(328476, 0.92093175)
(166382, 0.92092503)
(238609, 0.92092495)
(192663, 0.92092495)
(100104, 0.92092495)
(357256, 0.92092495)
(381239, 0.92092487)
(326544, 0.92092487)
(361442, 0.92092487)
(318637, 0.92092487)
(8927, 0.92092487)
(86396, 0.92092487)
(151940, 0.92092487)
(396403, 0.92092487)
(4050, 0.92092487)
(148251, 0.92092487)
(363373, 0.92092487)
(318865, 0.92092487)
(38620, 0.92092487)
(305588, 0.92092487)
(342823, 0.92092478)
(18038, 0.92092478)
(266247, 0.92092478)
(295889, 0.92092478)
(292233, 0.92092478)
(57497, 0.92092478)
(391798, 0.92092478)
(82034, 0.9209247)
(90468, 0.92091799)
(212566, 0.92091799)
(197723, 0.92091799)
(382689, 0.92091799)
(26214, 0.92091799)
(188582, 0.92091791)
(136472, 0.92091791)
(388416, 0.92091791)
(21736, 0.92091791)
(65604, 0.92091791)
(361386, 0.92091791)
(42691, 0.92091791)
(55662, 0.92091782)
(318396, 0.92091782)
(288277, 0.92091782)
(71045, 0.92091782)
(113497, 0.92091774)
(82989, 0.92091774)
(340185, 0.92091094)
(369573, 0.92091094)
(228468, 0.92091086)
(229275, 0.92091086)
(91648, 0.92091086)
(140355, 0.92091086)
(176757, 0.92091086)
(17486, 0.92091086)
(156247, 0.92091086)
(340838, 0.92091086)
(202220, 0.92091086)
(372408, 0.92091078)
(21890, 0.92091078)
(77205, 0.92091078)
(111629, 0.92091078)
(410995, 0.9209107)
(419182, 0.92090398)
(264078, 0.92090398)
(39758, 0.92090398)
(399195, 0.9209039)
(200545, 0.9209039)
(322146, 0.9209039)
(44772, 0.9209039)
(146690, 0.9209039)
(285376, 0.9209039)
(199117, 0.9209039)
(242689, 0.9209039)
(302054, 0.92090382)
(166098, 0.92090382)
(41495, 0.92090382)
(19739, 0.92090382)
(123861, 0.92090373)
(357229, 0.92089694)
(202169, 0.92089694)
(99746, 0.92089694)
(2211, 0.92089694)
(88137, 0.92089686)
(356622, 0.92089686)
(101626, 0.92089677)
(322860, 0.92089677)
(348942, 0.92089677)
(378975, 0.92089006)
(376656, 0.92088998)
(214932, 0.92088998)
(352717, 0.92088989)
(311449, 0.92088989)
(360079, 0.92088989)
(216292, 0.92088989)
(386086, 0.92088981)
(112505, 0.92088302)
(339293, 0.92088293)
(205545, 0.92088293)
(26253, 0.92088293)
(313199, 0.92088285)
(309331, 0.92088268)
(148384, 0.92087589)
(255404, 0.92087581)
(316838, 0.92086884)
(442, 0.92086884)
(47973, 0.92086884)
(223205, 0.92084788)
(224671, 0.91979721)
(148548, 0.91979033)
(47168, 0.91979033)
(64886, 0.91979033)
(103625, 0.91979025)
(343593, 0.91978345)
(295595, 0.91978337)
(159030, 0.91978337)
(310727, 0.91978337)
(23541, 0.91978329)
(246748, 0.91978329)
(79304, 0.91978329)
(386265, 0.91978329)
(328950, 0.91977641)
(62557, 0.91977641)
(402909, 0.91977641)
(416697, 0.91977641)
(359871, 0.91977641)
(292166, 0.91977641)
(366810, 0.91977641)
(340700, 0.91977632)
(58218, 0.91977632)
(95551, 0.91977632)
(176840, 0.91977632)
(218323, 0.91977632)
(196171, 0.91977632)
(113300, 0.91977632)
(358437, 0.91976945)
(163511, 0.91976945)
(227149, 0.91976945)
(27350, 0.91976945)
(365773, 0.91976936)
(335114, 0.91976936)
(180540, 0.91976936)
(419448, 0.91976936)
(153197, 0.91976936)
(360300, 0.91976928)
(183610, 0.91976248)
(355911, 0.91976248)
(188658, 0.91976248)
(262048, 0.91976248)
(82119, 0.91976248)
(203416, 0.9197624)
(403973, 0.9197624)
(360956, 0.9197624)
(384130, 0.9197624)
(343571, 0.9197624)
(238564, 0.9197624)
(306105, 0.9197624)
(373315, 0.9197624)
(2136, 0.9197624)
(381435, 0.9197624)
(80352, 0.9197624)
(165886, 0.9197624)
(123075, 0.91976232)
(419714, 0.91976232)
(111670, 0.91976224)
(277507, 0.91975552)
(388579, 0.91975544)
(305535, 0.91975544)
(203317, 0.91975544)
(215837, 0.91975544)
(340986, 0.91975544)
(236950, 0.91975544)
(307661, 0.91975544)
(194992, 0.91975536)
(19297, 0.91975536)
(262566, 0.91975536)
(412887, 0.91975536)
(40705, 0.91975536)
(25847, 0.91975536)
(216271, 0.91975536)
(400259, 0.91975536)
(235623, 0.91975536)
(404330, 0.91975536)
(418264, 0.91975536)
(1058, 0.91975536)
(8564, 0.91975536)
(396023, 0.91975536)
(370163, 0.91975527)
(335169, 0.91975527)
(280125, 0.91974848)
(244896, 0.91974848)
(168661, 0.91974848)
(38250, 0.91974848)
(238272, 0.91974848)
(108219, 0.91974848)
(330248, 0.91974848)
(46620, 0.9197484)
(339784, 0.9197484)
(375985, 0.9197484)
(9968, 0.9197484)
(106895, 0.9197484)
(332227, 0.9197484)
(165175, 0.9197484)
(141184, 0.9197484)
(84746, 0.9197484)
(76238, 0.91974831)
(142885, 0.91974831)
(347513, 0.91974152)
(141972, 0.91974152)
(398955, 0.91974152)
(108596, 0.91974152)
(3990, 0.91974144)
(410810, 0.91974144)
(90276, 0.91974144)
(61761, 0.91974144)
(386940, 0.91974144)
(120858, 0.91974144)
(396810, 0.91974144)
(193241, 0.91974144)
(30567, 0.91974135)
(151521, 0.91974135)
(73161, 0.91974135)
(95978, 0.91974127)
(113510, 0.91974127)
(42444, 0.91974127)
(247024, 0.91973447)
(92804, 0.91973447)
(89243, 0.91973447)
(177189, 0.91973447)
(246351, 0.91973447)
(322826, 0.91973447)
(181033, 0.91973439)
(353846, 0.91973439)
(238846, 0.91973439)
(349106, 0.91973439)
(179761, 0.91973439)
(251942, 0.91973439)
(214753, 0.91973439)
(5469, 0.91973439)
(210835, 0.91973431)
(165171, 0.91973431)
(290535, 0.91973431)
(254980, 0.91973431)
(13238, 0.91973431)
(360953, 0.9197276)
(289115, 0.9197276)
(290004, 0.91972743)
(198663, 0.91972743)
(288995, 0.91972743)
(26199, 0.91972743)
(98154, 0.91972743)
(36371, 0.91972743)
(119130, 0.91972743)
(258776, 0.91972735)
(94972, 0.91972735)
(8102, 0.91972726)
(367224, 0.91972055)
(341882, 0.91972047)
(152010, 0.91972047)
(85063, 0.91972039)
(216584, 0.91972039)
(113744, 0.91972039)
(231903, 0.91972039)
(50449, 0.91972039)
(337897, 0.9197203)
(399370, 0.91971342)
(187264, 0.91971342)
(338652, 0.91971342)
(105502, 0.91971342)
(358709, 0.91971334)
(209763, 0.91971334)
(418320, 0.91971326)
(387301, 0.91970655)
(136453, 0.91970646)
(135974, 0.91970638)
(159067, 0.9197063)
(311234, 0.9197063)
(111565, 0.91969942)
(381483, 0.91969942)
(360148, 0.91969934)
(140846, 0.91969237)
(150256, 0.91969229)
(73125, 0.9196855)
(105711, 0.9186069)
(207797, 0.91860682)
(271168, 0.91860002)
(69001, 0.91859994)
(361702, 0.91859994)
(58747, 0.91859985)
(19241, 0.91859985)
(318618, 0.91859977)
(342335, 0.91859298)
(353113, 0.91859298)
(58193, 0.91859289)
(10050, 0.91859289)
(332521, 0.91859289)
(222887, 0.91859289)
(25861, 0.91859289)
(412547, 0.91859281)
(250123, 0.91858601)
(322100, 0.91858593)
(32780, 0.91858593)
(59454, 0.91858593)
(153855, 0.91858593)
(202884, 0.91858593)
(40728, 0.91858585)
(277661, 0.91858585)
(154702, 0.91858585)
(302500, 0.91858585)
(69899, 0.91857905)
(184008, 0.91857897)
(41537, 0.91857897)
(138591, 0.91857897)
(23786, 0.91857889)
(12577, 0.91857889)
(126089, 0.91857889)
(57386, 0.91857889)
(401663, 0.91857889)
(149798, 0.91857889)
(281448, 0.91857889)
(330947, 0.91857889)
(77974, 0.9185788)
(67026, 0.9185788)
(92232, 0.9185788)
(416189, 0.91857201)
(172827, 0.91857201)
(214885, 0.91857201)
(152231, 0.91857193)
(141308, 0.91857193)
(367399, 0.91857193)
(89900, 0.91857193)
(276745, 0.91857193)
(45452, 0.91857193)
(152280, 0.91857193)
(48828, 0.91857184)
(168210, 0.91857176)
(98832, 0.91856505)
(40857, 0.91856505)
(197186, 0.91856505)
(87722, 0.91856496)
(43969, 0.91856496)
(384804, 0.91856496)
(185753, 0.91856496)
(167815, 0.91856496)
(290979, 0.91856496)
(232450, 0.91856496)
(154915, 0.91856496)
(73654, 0.91856496)
(318694, 0.91856496)
(159804, 0.91856488)
(378826, 0.91856488)
(338754, 0.91856488)
(265025, 0.91856488)
(366339, 0.91856488)
(206940, 0.9185648)
(392346, 0.9185648)
(149978, 0.918558)
(242562, 0.918558)
(11904, 0.918558)
(37776, 0.918558)
(222752, 0.918558)
(33311, 0.918558)
(388007, 0.918558)
(375955, 0.91855792)
(64107, 0.91855792)
(384982, 0.91855792)
(90893, 0.91855792)
(330672, 0.91855792)
(241224, 0.91855792)
(13678, 0.91855792)
(111087, 0.91855792)
(355087, 0.91855792)
(121934, 0.91855792)
(115069, 0.91855792)
(301599, 0.91855792)
(295890, 0.91855784)
(390000, 0.91855775)
(414008, 0.91855112)
(284121, 0.91855104)
(339455, 0.91855104)
(171944, 0.91855104)
(245737, 0.91855104)
(390145, 0.91855096)
(97774, 0.91855096)
(289195, 0.91855096)
(303495, 0.91855096)
(120276, 0.91855096)
(27878, 0.91855088)
(386355, 0.91855088)
(40082, 0.91855088)
(396481, 0.91854408)
(310063, 0.91854408)
(248785, 0.918544)
(351796, 0.918544)
(82280, 0.91854391)
(291672, 0.91854391)
(55925, 0.91854391)
(35523, 0.91854383)
(262634, 0.91853704)
(272949, 0.91853695)
(221200, 0.91853695)
(90995, 0.91853695)
(42188, 0.91853687)
(131273, 0.91853679)
(256246, 0.91853016)
(843, 0.91852999)
(373799, 0.91852999)
(307689, 0.91852999)
(167924, 0.91852991)
(323108, 0.91852991)
(276874, 0.91852991)
(60858, 0.91852311)
(153092, 0.91852303)
(296176, 0.91852303)
(81954, 0.91852303)
(269435, 0.91852295)
(365338, 0.9185159)
(56418, 0.91850902)
(212848, 0.91849485)
(330225, 0.91848798)
(179898, 0.91743739)
(166421, 0.91742347)
(49656, 0.91742338)
(124589, 0.91741651)
(278700, 0.91741651)
(354025, 0.91741651)
(134529, 0.91741651)
(339210, 0.91740946)
(185734, 0.91740946)
(332108, 0.91740938)
(55609, 0.91740938)
(417023, 0.91740938)
(280995, 0.9174093)
(407675, 0.9174093)
(284131, 0.9174025)
(153117, 0.9174025)
(283704, 0.9174025)
(83558, 0.91740242)
(389955, 0.91740242)
(225466, 0.91739562)
(221056, 0.91739554)
(243978, 0.91739554)
(203449, 0.91739546)
(43431, 0.91739546)
(281009, 0.91739546)
(288157, 0.91739537)
(233100, 0.91739537)
(132448, 0.91739537)
(223333, 0.91739537)
(118880, 0.91738866)
(182467, 0.91738849)
(205935, 0.91738849)
(244890, 0.91738849)
(371589, 0.91738849)
(212308, 0.91738841)
(102644, 0.91738841)
(298479, 0.91738841)
(346128, 0.91738153)
(400076, 0.91738153)
(246398, 0.91738145)
(307373, 0.91738145)
(393556, 0.91738145)
(317894, 0.91738145)
(259933, 0.91738145)
(390930, 0.91738145)
(318754, 0.91738137)
(150470, 0.91737457)
(257378, 0.91737457)
(310833, 0.91737457)
(270616, 0.91737457)
(233974, 0.91737449)
(45115, 0.91737449)
(324891, 0.91737449)
(186523, 0.91737441)
(41805, 0.91737441)
(23695, 0.91737441)
(90271, 0.91737441)
(199788, 0.91737441)
(52908, 0.91737432)
(321100, 0.91737432)
(131793, 0.91736753)
(327735, 0.91736753)
(229675, 0.91736753)
(405793, 0.91736753)
(384436, 0.91736753)
(264767, 0.91736753)
(146047, 0.91736744)
(310129, 0.91736744)
(157970, 0.91736744)
(243264, 0.91736744)
(82481, 0.91736744)
(147585, 0.91736736)
(88336, 0.91736057)
(216452, 0.91736048)
(198959, 0.91736048)
(126203, 0.91736048)
(173466, 0.9173604)
(82009, 0.9173604)
(132506, 0.9173604)
(196146, 0.9173604)
(263227, 0.91736032)
(321122, 0.9173536)
(396888, 0.9173536)
(273052, 0.91735352)
(274695, 0.91735344)
(384150, 0.91735336)
(211059, 0.91734656)
(277670, 0.91734656)
(160926, 0.91734656)
(17837, 0.91734648)
(213106, 0.91734648)
(183688, 0.91733952)
(187909, 0.91733943)
(168909, 0.91733247)
(412461, 0.91732559)
(308699, 0.91732559)
(280506, 0.9173115)
(401608, 0.91730463)
(211863, 0.91626788)
(192934, 0.91624003)
(139648, 0.91623995)
(351677, 0.91623995)
(68033, 0.91623307)
(196066, 0.91623299)
(252554, 0.91623299)
(22540, 0.91623299)
(267184, 0.91623299)
(297902, 0.91623299)
(211490, 0.91623299)
(162858, 0.91623291)
(161286, 0.91623291)
(351191, 0.91623291)
(169056, 0.91622611)
(65579, 0.91622611)
(152238, 0.91622603)
(225374, 0.91622595)
(384506, 0.91622595)
(236773, 0.91622595)
(99244, 0.91622595)
(386364, 0.91622595)
(38760, 0.91621898)
(212866, 0.91621898)
(351219, 0.91621898)
(166619, 0.91621898)
(126853, 0.9162189)
(386645, 0.91621882)
(86633, 0.91621211)
(308635, 0.91621202)
(118972, 0.91621202)
(157169, 0.91621194)
(108613, 0.91621194)
(178590, 0.91620514)
(56293, 0.91620506)
(196623, 0.91620506)
(59088, 0.91620506)
(200588, 0.91620498)
(47966, 0.9162049)
(415390, 0.9161981)
(102461, 0.9161981)
(410625, 0.91619802)
(259318, 0.91619802)
(178826, 0.91619793)
(204739, 0.91619793)
(240881, 0.91619114)
(217763, 0.91619106)
(40584, 0.91619106)
(196179, 0.91619106)
(82323, 0.91619106)
(63159, 0.91619097)
(245850, 0.91619097)
(127270, 0.91619097)
(224981, 0.91619089)
(52382, 0.91619089)
(342261, 0.91618409)
(99303, 0.91618401)
(94173, 0.91618401)
(52562, 0.91617705)
(346146, 0.91617705)
(391896, 0.91617697)
(297777, 0.91617009)
(225853, 0.91617001)
(119589, 0.91617001)
(324874, 0.91617001)
(323994, 0.91616992)
(35611, 0.91616305)
(280734, 0.91616305)
(10779, 0.91616305)
(237692, 0.91616296)
(417622, 0.91616296)
(105118, 0.91616296)
(85477, 0.91616296)
(400262, 0.91616296)
(380759, 0.916156)
(190620, 0.916142)
(33210, 0.9150566)
(30596, 0.91505652)
(288144, 0.91505644)
(128076, 0.91504964)
(19125, 0.91504956)
(102595, 0.91504948)
(302586, 0.91504251)
(35950, 0.91504251)
(135965, 0.91504251)
(278378, 0.91504243)
(58482, 0.91503564)
(30399, 0.91503564)
(291895, 0.91503555)
(80681, 0.91503539)
(151754, 0.9150353)
(388887, 0.91502867)
(276568, 0.91502867)
(66006, 0.91502867)
(94888, 0.91502859)
(126032, 0.91502859)
(227264, 0.91502859)
(323446, 0.91502859)
(345203, 0.91502851)
(235578, 0.91502851)
(417885, 0.91502851)
(282293, 0.91502155)
(190140, 0.91502155)
(27945, 0.91502155)
(340967, 0.91502155)
(333495, 0.91502146)
(159858, 0.91502146)
(244953, 0.91502146)
(209809, 0.91501467)
(404744, 0.9150145)
(318632, 0.9150145)
(160467, 0.9150145)
(44070, 0.91500754)
(174435, 0.91500746)
(405307, 0.91500058)
(25665, 0.91499362)
(5393, 0.91499354)
(397200, 0.91497249)
(354825, 0.91390806)
(25342, 0.913873)
(412861, 0.913873)
(340021, 0.91386613)
(222964, 0.91386613)
(222574, 0.91386613)
(228902, 0.91386604)
(94250, 0.91386596)
(254739, 0.91385892)
(99786, 0.91385212)
(50452, 0.91385204)
(156431, 0.91384516)
(67606, 0.91384516)
(244649, 0.91384508)
(317112, 0.91384508)
(20787, 0.91383812)
(28701, 0.91383107)
(58065, 0.91383107)
(353700, 0.91382419)
(186496, 0.91382411)
(419394, 0.91381707)
(372196, 0.91381019)
(275469, 0.9138101)
(334653, 0.91381002)
(121608, 0.91380306)
(193257, 0.91269662)
(328094, 0.91268253)
(92230, 0.91268253)
(39955, 0.91267565)
(241779, 0.91266877)
(199443, 0.91266869)
(230818, 0.91266852)
(183967, 0.91266173)
(402323, 0.91266164)
(195265, 0.91265468)
(265310, 0.9126478)
(387230, 0.91264764)
(206382, 0.91264764)
(173377, 0.91264756)
(49990, 0.91264068)
(382967, 0.91152006)
(142770, 0.9115131)
(97830, 0.91150614)
(177533, 0.9114991)
(43874, 0.91149214)
(397801, 0.91149214)
(105261, 0.91148517)
(371755, 0.91148501)
(196795, 0.91147813)
(161489, 0.91147109)
(59679, 0.91145708)
(357949, 0.91142915)
(403437, 0.9103368)
(176861, 0.91033663)
(189871, 0.91033655)
(405605, 0.91032967)
(140599, 0.91032959)
(70344, 0.91031575)
(254825, 0.9103087)
(164585, 0.91030862)
(203442, 0.91030862)
(117850, 0.91029478)
(165912, 0.91027365)
(395141, 0.90914632)
(74763, 0.90913919)
(236, 0.90910439)
(391867, 0.90909726)
(226257, 0.90796968)
(69500, 0.90794872)
(352886, 0.90793488)
