(220533, 0.94336864)
(296340, 0.94336864)
(49140, 0.94335463)
(146520, 0.94219217)
(121390, 0.94219217)
(267757, 0.94219217)
(110990, 0.94219217)
(373926, 0.94218521)
(370005, 0.94218521)
(322497, 0.94218521)
(333916, 0.94217816)
(76383, 0.94217816)
(168173, 0.94217816)
(138454, 0.94217816)
(338025, 0.94217816)
(7363, 0.94217816)
(82239, 0.94217816)
(247093, 0.94217816)
(341425, 0.94217816)
(187732, 0.94217816)
(280570, 0.94217816)
(86058, 0.94217816)
(310812, 0.94217816)
(43274, 0.94217816)
(116402, 0.94217816)
(63106, 0.94217816)
(53905, 0.94217816)
(20878, 0.94217816)
(253061, 0.94217816)
(110353, 0.94217816)
(159337, 0.94217816)
(259813, 0.94217816)
(338571, 0.94217816)
(211157, 0.94217816)
(389643, 0.94217816)
(388249, 0.94217816)
(362595, 0.94217816)
(157162, 0.94217816)
(6893, 0.94217816)
(272871, 0.94217816)
(223458, 0.94217816)
(147575, 0.94217816)
(214940, 0.94217816)
(212556, 0.94217816)
(254637, 0.94217816)
(187840, 0.94217816)
(251610, 0.94217816)
(263304, 0.94217816)
(126073, 0.94217816)
(67892, 0.94217816)
(231711, 0.9421712)
(38800, 0.9421712)
(7895, 0.9410157)
(374613, 0.9410157)
(260811, 0.9410157)
(45137, 0.9410157)
(245443, 0.9410157)
(372756, 0.9410157)
(247248, 0.9410157)
(364068, 0.9410157)
(118398, 0.9410157)
(109570, 0.9410157)
(71905, 0.9410157)
(156516, 0.94100873)
(24187, 0.94100873)
(216871, 0.94100873)
(130659, 0.94100873)
(184318, 0.94100873)
(217152, 0.94100873)
(54303, 0.94100873)
(297576, 0.94100865)
(354223, 0.94100177)
(396178, 0.94100169)
(205433, 0.94100169)
(270252, 0.94100169)
(338001, 0.94100169)
(340418, 0.94100169)
(92507, 0.94100169)
(203150, 0.94100169)
(340701, 0.94100169)
(26983, 0.94100169)
(249692, 0.94100169)
(279030, 0.94100169)
(153079, 0.94100169)
(314785, 0.94100169)
(157944, 0.94100169)
(59451, 0.94100169)
(143963, 0.94100169)
(25885, 0.94100169)
(28692, 0.94100169)
(126179, 0.94100169)
(379792, 0.94100169)
(92017, 0.94100169)
(375499, 0.94100169)
(323050, 0.94100169)
(413225, 0.94100169)
(401507, 0.94100169)
(336440, 0.94100169)
(125626, 0.94100169)
(164680, 0.94100169)
(354482, 0.94100169)
(349260, 0.94100169)
(51111, 0.94100169)
(161450, 0.94100169)
(185792, 0.94100169)
(343800, 0.94100169)
(268236, 0.94100169)
(214172, 0.94100169)
(318001, 0.94100169)
(309304, 0.94100169)
(153518, 0.94100169)
(124899, 0.94100169)
(334952, 0.94100169)
(416834, 0.94100169)
(95756, 0.94100169)
(180008, 0.94100169)
(107861, 0.94100169)
(343694, 0.94100169)
(188578, 0.94100169)
(148592, 0.94100169)
(19923, 0.94100169)
(186632, 0.94100169)
(15679, 0.94100169)
(93384, 0.94100169)
(317550, 0.94100169)
(79603, 0.94100169)
(336687, 0.94100169)
(258547, 0.94100169)
(130156, 0.94100169)
(74419, 0.94100169)
(403031, 0.94100169)
(39308, 0.94100169)
(343333, 0.94100169)
(165342, 0.94100169)
(346480, 0.94100169)
(34780, 0.94100169)
(30584, 0.94100169)
(395544, 0.94100169)
(81693, 0.94100169)
(17513, 0.94100169)
(108498, 0.94100169)
(333754, 0.94100169)
(288767, 0.94100169)
(412943, 0.94100169)
(359164, 0.94100169)
(17101, 0.94100169)
(386932, 0.94100169)
(182452, 0.94100169)
(274285, 0.94100169)
(167673, 0.94100169)
(292089, 0.94100169)
(334762, 0.94100169)
(391568, 0.94100169)
(301474, 0.94100169)
(203348, 0.94100169)
(182329, 0.94100169)
(394026, 0.94100169)
(177195, 0.94100169)
(13567, 0.94099473)
(307388, 0.94099473)
(31334, 0.94099473)
(299304, 0.94099473)
(215573, 0.94099473)
(96330, 0.94099473)
(248224, 0.94099473)
(322639, 0.94099473)
(318731, 0.94099473)
(334328, 0.94099473)
(326964, 0.94099473)
(345704, 0.94099473)
(23894, 0.94099473)
(169116, 0.94099473)
(92895, 0.94099473)
(21915, 0.94099473)
(292264, 0.94099473)
(242366, 0.94099473)
(287824, 0.94098777)
(210474, 0.94098769)
(394537, 0.94098769)
(279432, 0.94098769)
(247772, 0.94098769)
(242217, 0.94098769)
(5572, 0.94098769)
(208002, 0.94098769)
(273918, 0.94098769)
(292232, 0.94098769)
(395051, 0.94098769)
(317241, 0.94098769)
(98184, 0.94098769)
(152668, 0.94098769)
(148939, 0.94098769)
(395289, 0.94098769)
(382420, 0.94098072)
(340478, 0.94098072)
(335905, 0.94098072)
(339879, 0.94098072)
(117252, 0.94098072)
(156565, 0.94098072)
(193723, 0.94097368)
(243947, 0.93983923)
(212624, 0.93983923)
(152992, 0.93983923)
(159952, 0.93983226)
(21117, 0.93983226)
(137245, 0.93983226)
(377295, 0.93983226)
(48163, 0.93983226)
(123327, 0.9398253)
(95421, 0.9398253)
(71586, 0.9398253)
(193634, 0.93982522)
(157058, 0.93982522)
(278793, 0.93982522)
(54018, 0.93982522)
(112687, 0.93982522)
(320481, 0.93982522)
(141921, 0.93982522)
(299649, 0.93982522)
(405749, 0.93982522)
(100821, 0.93982522)
(112158, 0.93982522)
(371045, 0.93982522)
(417745, 0.93982522)
(176110, 0.93982522)
(276816, 0.93982522)
(66011, 0.93982522)
(234068, 0.93982522)
(291430, 0.93982522)
(148155, 0.93982522)
(417542, 0.93982522)
(93734, 0.93982522)
(182054, 0.93982522)
(374661, 0.93982522)
(294473, 0.93982522)
(413035, 0.93982522)
(315726, 0.93982522)
(284276, 0.93982522)
(289769, 0.93982522)
(210445, 0.93982522)
(346223, 0.93982522)
(205004, 0.93982522)
(333446, 0.93982522)
(50108, 0.93982522)
(282271, 0.93982522)
(73951, 0.93982522)
(286339, 0.93982522)
(377142, 0.93982522)
(257719, 0.93982522)
(106562, 0.93982522)
(191564, 0.93982522)
(321535, 0.93982522)
(148683, 0.93982522)
(122323, 0.93982522)
(210674, 0.93982522)
(96050, 0.93982522)
(249481, 0.93982522)
(410737, 0.93982522)
(77851, 0.93982522)
(15144, 0.93982522)
(157272, 0.93982522)
(30633, 0.93982522)
(371389, 0.93982522)
(187220, 0.93982522)
(156231, 0.93982522)
(309125, 0.93982522)
(392113, 0.93982522)
(154347, 0.93982522)
(63519, 0.93982522)
(334780, 0.93982522)
(265149, 0.93982522)
(13998, 0.93982522)
(180194, 0.93982522)
(326257, 0.93982522)
(200969, 0.93982522)
(279779, 0.93982522)
(130710, 0.93982522)
(296610, 0.93982522)
(234801, 0.93982522)
(52055, 0.93982522)
(49038, 0.93982522)
(171173, 0.93982522)
(300163, 0.93982522)
(393106, 0.93982522)
(393086, 0.93982522)
(184960, 0.93982522)
(266565, 0.93982522)
(410295, 0.93982522)
(224202, 0.93982522)
(257618, 0.93982522)
(220784, 0.93982522)
(189536, 0.93982522)
(409007, 0.93982522)
(344279, 0.93982522)
(202139, 0.93982522)
(321194, 0.93982522)
(51715, 0.93982522)
(286267, 0.93982522)
(159656, 0.93982522)
(23055, 0.93982522)
(154741, 0.93982522)
(12537, 0.93982522)
(154381, 0.93982522)
(34659, 0.93982522)
(180556, 0.93982522)
(277207, 0.93982522)
(304689, 0.93982522)
(47588, 0.93982522)
(330561, 0.93982522)
(102252, 0.93981826)
(352275, 0.93981826)
(67194, 0.93981826)
(365671, 0.93981826)
(88333, 0.93981826)
(400305, 0.93981826)
(149295, 0.93981826)
(110650, 0.93981826)
(33470, 0.93981826)
(83775, 0.93981826)
(146277, 0.93981826)
(87769, 0.93981826)
(166502, 0.93981826)
(321682, 0.93981826)
(406343, 0.93981826)
(117218, 0.93981826)
(35670, 0.93981826)
(220399, 0.93981826)
(252667, 0.93981826)
(416442, 0.93981826)
(338866, 0.93981826)
(379643, 0.93981826)
(171479, 0.93981826)
(370636, 0.93981826)
(353184, 0.93981826)
(361511, 0.93981826)
(208728, 0.93981826)
(56212, 0.93981826)
(355773, 0.93981826)
(362082, 0.93981826)
(158795, 0.93981826)
(304053, 0.93981826)
(96732, 0.93981826)
(250948, 0.93981826)
(316461, 0.93981826)
(17227, 0.93981826)
(403899, 0.93981826)
(254102, 0.93981826)
(94438, 0.93981826)
(26764, 0.93981826)
(48042, 0.93981826)
(15592, 0.93981826)
(283800, 0.93981826)
(179990, 0.93981826)
(357740, 0.93981826)
(347246, 0.93981826)
(234083, 0.93981826)
(165280, 0.93981826)
(169193, 0.93981826)
(341607, 0.93981826)
(306460, 0.93981826)
(408658, 0.93981826)
(48031, 0.93981826)
(143032, 0.93981826)
(109520, 0.93981826)
(44787, 0.93981826)
(295667, 0.93981826)
(98240, 0.93981826)
(32848, 0.93981826)
(288468, 0.93981826)
(109212, 0.93981826)
(106296, 0.93981826)
(333905, 0.93981826)
(256827, 0.93981826)
(294904, 0.93981826)
(57353, 0.93981826)
(128190, 0.93981826)
(45508, 0.93981826)
(194670, 0.93981826)
(358943, 0.93981826)
(165028, 0.93981826)
(261084, 0.93981826)
(166085, 0.93981826)
(122874, 0.93981826)
(123302, 0.93981818)
(39167, 0.9398113)
(305147, 0.9398113)
(393044, 0.9398113)
(285679, 0.9398113)
(73927, 0.9398113)
(114455, 0.9398113)
(91616, 0.93981121)
(121636, 0.93981121)
(253676, 0.93981121)
(224518, 0.93981121)
(145642, 0.93981121)
(32592, 0.93981121)
(135001, 0.93981121)
(162284, 0.93981121)
(63934, 0.93981121)
(231355, 0.93981121)
(377480, 0.93981121)
(343564, 0.93981121)
(84406, 0.93981121)
(320619, 0.93981121)
(145502, 0.93981121)
(350836, 0.93981121)
(115190, 0.93981121)
(290094, 0.93981121)
(415170, 0.93981121)
(290932, 0.93981121)
(187384, 0.93981121)
(400780, 0.93981121)
(153291, 0.93981121)
(308736, 0.93981121)
(299834, 0.93981121)
(291220, 0.93981121)
(127721, 0.93981121)
(49284, 0.93981121)
(240092, 0.93981121)
(50344, 0.93980425)
(114637, 0.93980425)
(15375, 0.93980425)
(291856, 0.93980425)
(395977, 0.93980425)
(260046, 0.93980425)
(148990, 0.93980425)
(244227, 0.93980425)
(156166, 0.93980425)
(338967, 0.93980425)
(24708, 0.93980425)
(340104, 0.93980425)
(90481, 0.93980417)
(282717, 0.93980417)
(48189, 0.93979729)
(86679, 0.93979729)
(33795, 0.93979729)
(37273, 0.93979721)
(349901, 0.93979721)
(371107, 0.93979721)
(280787, 0.93979721)
(406606, 0.93979721)
(198343, 0.93866276)
(25847, 0.93866276)
(332677, 0.93866276)
(56679, 0.93866276)
(328107, 0.93866276)
(370990, 0.93865579)
(299183, 0.93865579)
(378762, 0.93865579)
(291809, 0.93865579)
(364014, 0.93865579)
(142802, 0.93865579)
(530, 0.93865571)
(341143, 0.93865571)
(272932, 0.93864883)
(8080, 0.93864883)
(248256, 0.93864883)
(257446, 0.93864883)
(7071, 0.93864883)
(221345, 0.93864875)
(239525, 0.93864875)
(2078, 0.93864875)
(403433, 0.93864875)
(254383, 0.93864875)
(34644, 0.93864875)
(240706, 0.93864875)
(39946, 0.93864875)
(202477, 0.93864875)
(205713, 0.93864875)
(24180, 0.93864875)
(378431, 0.93864875)
(217714, 0.93864875)
(187178, 0.93864875)
(130291, 0.93864875)
(150964, 0.93864875)
(5649, 0.93864875)
(306486, 0.93864875)
(194979, 0.93864875)
(401383, 0.93864875)
(182651, 0.93864875)
(40961, 0.93864875)
(267204, 0.93864875)
(305947, 0.93864875)
(124771, 0.93864875)
(225304, 0.93864875)
(275244, 0.93864875)
(371347, 0.93864875)
(237096, 0.93864875)
(315314, 0.93864875)
(185050, 0.93864875)
(320708, 0.93864875)
(70147, 0.93864875)
(97067, 0.93864875)
(255882, 0.93864875)
(232030, 0.93864875)
(174190, 0.93864875)
(216908, 0.93864875)
(191284, 0.93864875)
(162689, 0.93864875)
(98208, 0.93864875)
(10309, 0.93864875)
(155466, 0.93864875)
(406857, 0.93864875)
(263396, 0.93864875)
(248786, 0.93864875)
(273947, 0.93864875)
(331512, 0.93864875)
(112352, 0.93864875)
(137553, 0.93864875)
(117641, 0.93864875)
(116168, 0.93864875)
(116497, 0.93864875)
(96920, 0.93864875)
(359587, 0.93864875)
(388466, 0.93864875)
(186207, 0.93864875)
(148897, 0.93864875)
(63630, 0.93864875)
(208060, 0.93864875)
(280434, 0.93864875)
(167678, 0.93864875)
(179603, 0.93864875)
(283132, 0.93864875)
(207151, 0.93864875)
(149451, 0.93864179)
(76803, 0.93864179)
(62827, 0.93864179)
(300231, 0.93864179)
(250414, 0.93864179)
(154733, 0.93864179)
(318486, 0.93864179)
(373637, 0.93864179)
(157040, 0.93864179)
(208043, 0.93864179)
(67232, 0.93864179)
(151745, 0.93864179)
(201300, 0.93864179)
(376506, 0.93864179)
(392162, 0.93864179)
(395312, 0.93864179)
(76291, 0.93864179)
(261526, 0.93864179)
(150606, 0.93864179)
(79749, 0.93864179)
(184075, 0.93864179)
(367627, 0.93864179)
(360527, 0.93864179)
(403598, 0.93864179)
(146245, 0.93864179)
(40182, 0.93864179)
(5349, 0.93864179)
(45617, 0.93864179)
(87852, 0.93864179)
(213261, 0.93864179)
(44436, 0.93864179)
(243979, 0.93864179)
(269787, 0.93864179)
(296630, 0.93864179)
(314484, 0.93864179)
(163639, 0.93864179)
(51306, 0.93864179)
(54439, 0.93864179)
(39750, 0.93864179)
(384554, 0.93864179)
(158305, 0.93864179)
(244066, 0.93864179)
(317587, 0.93864179)
(407952, 0.93864179)
(358956, 0.93864179)
(170814, 0.93864179)
(212000, 0.93864179)
(331374, 0.93864179)
(60025, 0.93864179)
(103231, 0.93864179)
(379533, 0.93864179)
(297683, 0.93864179)
(279483, 0.93864179)
(190972, 0.93864179)
(85122, 0.93864179)
(312305, 0.93864179)
(345780, 0.93864179)
(81510, 0.93864179)
(385997, 0.93864179)
(221033, 0.93864179)
(61116, 0.93864179)
(282647, 0.93864179)
(292246, 0.93864179)
(259770, 0.93864179)
(347146, 0.93864179)
(401096, 0.93864179)
(385461, 0.93864179)
(261669, 0.93864179)
(182561, 0.93864179)
(152188, 0.93864179)
(48844, 0.93864179)
(275773, 0.93864179)
(334815, 0.93864179)
(108497, 0.93864179)
(177856, 0.93864179)
(51622, 0.93864179)
(171683, 0.93864179)
(251733, 0.93864179)
(171495, 0.93864179)
(9460, 0.93864179)
(308084, 0.93864179)
(203839, 0.93864171)
(86347, 0.93864171)
(328247, 0.93863491)
(65078, 0.93863483)
(197040, 0.93863483)
(329676, 0.93863483)
(30755, 0.93863483)
(356497, 0.93863483)
(31010, 0.93863483)
(124972, 0.93863483)
(340146, 0.93863483)
(99930, 0.93863483)
(150332, 0.93863483)
(183761, 0.93863483)
(48668, 0.93863483)
(99668, 0.93863483)
(334810, 0.93863483)
(239239, 0.93863483)
(116889, 0.93863483)
(3974, 0.93863483)
(234117, 0.93863483)
(223403, 0.93863483)
(369542, 0.93863483)
(379261, 0.93863483)
(125123, 0.93863483)
(232299, 0.93863483)
(88154, 0.93863483)
(352146, 0.93863483)
(29778, 0.93863483)
(10676, 0.93863483)
(48151, 0.93863483)
(323112, 0.93863483)
(208863, 0.93863483)
(100310, 0.93863474)
(292375, 0.93863474)
(386469, 0.93863474)
(244681, 0.93863474)
(76173, 0.93863474)
(200790, 0.93863474)
(337463, 0.93863474)
(408426, 0.93863474)
(229090, 0.93863474)
(390051, 0.93863474)
(198610, 0.93863474)
(391717, 0.93863474)
(156112, 0.93863474)
(309540, 0.93863474)
(188630, 0.93863474)
(383349, 0.93863474)
(298610, 0.93863474)
(415493, 0.93863474)
(206960, 0.93863474)
(195369, 0.93863474)
(275100, 0.93863474)
(180577, 0.93863474)
(412326, 0.93863474)
(331293, 0.93863474)
(81643, 0.93863474)
(416159, 0.93863474)
(100293, 0.93863474)
(94792, 0.93863474)
(94902, 0.93863474)
(409681, 0.93863474)
(184550, 0.93863474)
(298396, 0.93863474)
(46426, 0.93863474)
(352465, 0.93863474)
(259378, 0.93862787)
(414060, 0.93862787)
(322198, 0.93862787)
(115047, 0.93862787)
(233837, 0.93862778)
(369107, 0.93862778)
(402035, 0.93862778)
(328410, 0.93862778)
(240610, 0.93862778)
(333042, 0.93862778)
(74037, 0.93862778)
(362920, 0.93862778)
(274946, 0.93862778)
(264883, 0.93862778)
(92404, 0.93862778)
(117159, 0.93862778)
(304511, 0.93862778)
(264347, 0.93862778)
(109381, 0.93862778)
(265658, 0.93862778)
(176690, 0.93862778)
(2146, 0.93862778)
(395405, 0.93862778)
(220327, 0.93862778)
(200434, 0.93862778)
(363914, 0.93862778)
(144843, 0.93862778)
(379429, 0.93862778)
(139845, 0.93862778)
(45552, 0.93862778)
(101678, 0.93862778)
(216149, 0.93862778)
(326005, 0.93862778)
(363666, 0.93862778)
(336348, 0.93862778)
(123550, 0.93862778)
(283141, 0.93862778)
(19901, 0.93862778)
(168170, 0.93862778)
(47958, 0.93862778)
(335593, 0.93862778)
(64992, 0.93862778)
(218023, 0.9386277)
(3361, 0.9386209)
(239896, 0.93862082)
(130656, 0.93862082)
(41584, 0.93862082)
(171853, 0.93862082)
(401826, 0.93862082)
(370457, 0.93862082)
(180377, 0.93862082)
(316040, 0.93862082)
(165015, 0.93862082)
(59346, 0.93862082)
(173226, 0.93862074)
(238208, 0.93862074)
(307428, 0.93862074)
(309246, 0.93862074)
(281745, 0.93862074)
(29718, 0.93862074)
(177828, 0.93862074)
(89928, 0.93862074)
(354585, 0.93861378)
(311099, 0.93861378)
(376853, 0.93861378)
(138523, 0.93861378)
(365747, 0.93861378)
(335232, 0.93860682)
(280490, 0.93860673)
(357871, 0.93748628)
(407326, 0.93748628)
(135879, 0.93748628)
(60862, 0.93747932)
(178767, 0.93747932)
(312849, 0.93747932)
(412587, 0.93747932)
(37799, 0.93747932)
(139457, 0.93747932)
(150144, 0.93747932)
(196100, 0.93747932)
(94511, 0.93747236)
(239364, 0.93747236)
(196871, 0.93747228)
(32022, 0.93747228)
(405663, 0.93747228)
(265884, 0.93747228)
(1533, 0.93747228)
(358193, 0.93747228)
(195925, 0.93747228)
(375892, 0.93747228)
(54290, 0.93747228)
(310897, 0.93747228)
(284968, 0.93747228)
(377593, 0.93747228)
(29613, 0.93747228)
(374406, 0.93747228)
(6196, 0.93747228)
(243, 0.93747228)
(309781, 0.93747228)
(87602, 0.93747228)
(221727, 0.93747228)
(105978, 0.93747228)
(79091, 0.93747228)
(101442, 0.93747228)
(412313, 0.93747228)
(39517, 0.93747228)
(273751, 0.93747228)
(164765, 0.93747228)
(331233, 0.93747228)
(216611, 0.93747228)
(248711, 0.93747228)
(309096, 0.93747228)
(229029, 0.93747228)
(181363, 0.93747228)
(346956, 0.93747228)
(186406, 0.93747228)
(83702, 0.93747228)
(284845, 0.93747228)
(120751, 0.93747228)
(186200, 0.93747228)
(386489, 0.93747228)
(220177, 0.93747228)
(56915, 0.9374654)
(55776, 0.93746532)
(18161, 0.93746532)
(159537, 0.93746532)
(294212, 0.93746532)
(245608, 0.93746532)
(77802, 0.93746532)
(21658, 0.93746532)
(402151, 0.93746532)
(354490, 0.93746532)
(270334, 0.93746532)
(76441, 0.93746532)
(116096, 0.93746532)
(372932, 0.93746532)
(112043, 0.93746532)
(191646, 0.93746532)
(117567, 0.93746532)
(279454, 0.93746532)
(401717, 0.93746532)
(110356, 0.93746532)
(174906, 0.93746532)
(294770, 0.93746532)
(60356, 0.93746532)
(349202, 0.93746532)
(380970, 0.93746532)
(316379, 0.93746532)
(296618, 0.93746532)
(87121, 0.93746532)
(178829, 0.93746532)
(340014, 0.93746532)
(269739, 0.93746532)
(143999, 0.93746532)
(64198, 0.93746532)
(270343, 0.93746532)
(184971, 0.93746532)
(383046, 0.93746532)
(239555, 0.93746532)
(309792, 0.93746532)
(9268, 0.93746532)
(324334, 0.93746532)
(303580, 0.93746532)
(79988, 0.93746532)
(246692, 0.93746532)
(261416, 0.93746532)
(338938, 0.93746532)
(83309, 0.93746532)
(258237, 0.93746532)
(14923, 0.93746532)
(408114, 0.93746532)
(412357, 0.93746532)
(288354, 0.93746532)
(357084, 0.93746532)
(330140, 0.93746532)
(267209, 0.93746532)
(402828, 0.93746532)
(202835, 0.93746532)
(250780, 0.93746532)
(113285, 0.93746532)
(50645, 0.93746532)
(361949, 0.93746532)
(295139, 0.93746532)
(364167, 0.93746532)
(396977, 0.93746532)
(193984, 0.93746532)
(258855, 0.93746532)
(369982, 0.93746532)
(212746, 0.93746532)
(9145, 0.93746523)
(158008, 0.93746523)
(102391, 0.93746523)
(300067, 0.93745836)
(126739, 0.93745836)
(212660, 0.93745836)
(398288, 0.93745836)
(81487, 0.93745836)
(94414, 0.93745836)
(320128, 0.93745836)
(296922, 0.93745836)
(198796, 0.93745836)
(73051, 0.93745836)
(7769, 0.93745836)
(42801, 0.93745836)
(98620, 0.93745836)
(206280, 0.93745836)
(133884, 0.93745836)
(188259, 0.93745836)
(345511, 0.93745836)
(378577, 0.93745836)
(113718, 0.93745836)
(157289, 0.93745836)
(300345, 0.93745836)
(33700, 0.93745836)
(76538, 0.93745836)
(92825, 0.93745836)
(85196, 0.93745836)
(157295, 0.93745836)
(184393, 0.93745836)
(181933, 0.93745836)
(245169, 0.93745836)
(251092, 0.93745836)
(356214, 0.93745836)
(121549, 0.93745836)
(267324, 0.93745836)
(25313, 0.93745827)
(136411, 0.93745827)
(286882, 0.93745827)
(131716, 0.93745827)
(55008, 0.93745827)
(257533, 0.93745827)
(110348, 0.93745827)
(33273, 0.93745827)
(67026, 0.93745827)
(345909, 0.93745827)
(19239, 0.93745827)
(378062, 0.93745827)
(88506, 0.93745827)
(89391, 0.93745827)
(58581, 0.93745827)
(169729, 0.93745827)
(662, 0.93745827)
(340515, 0.93745827)
(106350, 0.93745827)
(406274, 0.93745827)
(94000, 0.93745827)
(326237, 0.93745827)
(172755, 0.93745827)
(3576, 0.93745827)
(335214, 0.93745827)
(328606, 0.93745827)
(414443, 0.93745827)
(262988, 0.93745827)
(191381, 0.93745139)
(66863, 0.93745139)
(68720, 0.93745139)
(147011, 0.93745139)
(85045, 0.93745139)
(160753, 0.93745139)
(58279, 0.93745139)
(383342, 0.93745139)
(18835, 0.93745139)
(185309, 0.93745139)
(23258, 0.93745139)
(34515, 0.93745139)
(321761, 0.93745139)
(47304, 0.93745131)
(412440, 0.93745131)
(405883, 0.93745131)
(256547, 0.93745131)
(51310, 0.93745131)
(369038, 0.93745131)
(226046, 0.93745131)
(416478, 0.93745131)
(186706, 0.93745131)
(90668, 0.93745131)
(285918, 0.93745131)
(190255, 0.93745131)
(41119, 0.93745131)
(372616, 0.93745131)
(381301, 0.93745131)
(392315, 0.93745131)
(379865, 0.93745131)
(118416, 0.93745131)
(33071, 0.93745131)
(295004, 0.93745131)
(78583, 0.93745131)
(102408, 0.93745131)
(327021, 0.93745131)
(90673, 0.93745131)
(184027, 0.93745131)
(356577, 0.93745131)
(268953, 0.93745131)
(9856, 0.93745131)
(232691, 0.93745131)
(45516, 0.93745131)
(252770, 0.93745131)
(110940, 0.93745131)
(160269, 0.93745131)
(252186, 0.93745131)
(132588, 0.93745131)
(77633, 0.93745131)
(44851, 0.93745131)
(305041, 0.93745131)
(131688, 0.93745131)
(16935, 0.93745131)
(161130, 0.93744443)
(331234, 0.93744435)
(364788, 0.93744435)
(314326, 0.93744435)
(381228, 0.93744435)
(204791, 0.93744435)
(286395, 0.93744435)
(267778, 0.93744435)
(19064, 0.93744435)
(378072, 0.93744435)
(379443, 0.93744435)
(56667, 0.93744435)
(158995, 0.93744435)
(25110, 0.93744435)
(234620, 0.93744435)
(407032, 0.93744435)
(337663, 0.93744435)
(208188, 0.93744435)
(407459, 0.93744435)
(94082, 0.93744435)
(26808, 0.93744435)
(297072, 0.93744427)
(350208, 0.93744427)
(362938, 0.93744427)
(205874, 0.93744427)
(92168, 0.93744427)
(287679, 0.93744427)
(406157, 0.93744427)
(101034, 0.93744427)
(356178, 0.93744427)
(260208, 0.93744427)
(288454, 0.93744427)
(139534, 0.93744427)
(147826, 0.93744427)
(73933, 0.93744427)
(418898, 0.93743739)
(55591, 0.93743731)
(405326, 0.93743731)
(155228, 0.93743731)
(188281, 0.93743731)
(228340, 0.93743731)
(120502, 0.93743731)
(382594, 0.93743731)
(210711, 0.93743731)
(66240, 0.93743731)
(114897, 0.93743731)
(309037, 0.93743731)
(309683, 0.93743731)
(351606, 0.93743731)
(315621, 0.93743731)
(46539, 0.93743722)
(149501, 0.93743043)
(310135, 0.93743034)
(274837, 0.93743026)
(158791, 0.93743026)
(317419, 0.93743026)
(310604, 0.93743026)
(340565, 0.93743026)
(312241, 0.93743026)
(384878, 0.93742338)
(100716, 0.9374233)
(374924, 0.93630285)
(172965, 0.93630285)
(179997, 0.93630285)
(155403, 0.93629589)
(11468, 0.93629589)
(347256, 0.93629589)
(226987, 0.93629589)
(106345, 0.93629589)
(268437, 0.93629581)
(87693, 0.93629581)
(292962, 0.93629581)
(256358, 0.93629581)
(291968, 0.93629581)
(112122, 0.93629581)
(247393, 0.93629581)
(94085, 0.93629581)
(121429, 0.93629581)
(299900, 0.93629581)
(226428, 0.93629581)
(395640, 0.93629581)
(250280, 0.93629581)
(74854, 0.93629581)
(162259, 0.93629581)
(215532, 0.93629581)
(338138, 0.93629581)
(322147, 0.93629581)
(258438, 0.93629581)
(401714, 0.93629581)
(81433, 0.93629581)
(257293, 0.93629581)
(91630, 0.93629581)
(325025, 0.93629581)
(418426, 0.93629581)
(26895, 0.93629581)
(318819, 0.93629581)
(78524, 0.93629581)
(386968, 0.93629581)
(180369, 0.93628893)
(229381, 0.93628893)
(202752, 0.93628885)
(152169, 0.93628885)
(88003, 0.93628885)
(102257, 0.93628885)
(262306, 0.93628885)
(284866, 0.93628885)
(394577, 0.93628885)
(293650, 0.93628885)
(341318, 0.93628885)
(168906, 0.93628885)
(38555, 0.93628885)
(43268, 0.93628885)
(218057, 0.93628885)
(120121, 0.93628885)
(272747, 0.93628885)
(313649, 0.93628885)
(142633, 0.93628885)
(84087, 0.93628885)
(384806, 0.93628885)
(395851, 0.93628885)
(116080, 0.93628885)
(38608, 0.93628885)
(22936, 0.93628885)
(305482, 0.93628885)
(393105, 0.93628885)
(278633, 0.93628885)
(168160, 0.93628885)
(49181, 0.93628885)
(79479, 0.93628885)
(97129, 0.93628885)
(250930, 0.93628885)
(66703, 0.93628885)
(230863, 0.93628885)
(212314, 0.93628885)
(30271, 0.93628885)
(412624, 0.93628885)
(354164, 0.93628885)
(163098, 0.93628885)
(399971, 0.93628885)
(63274, 0.93628885)
(151615, 0.93628885)
(287443, 0.93628885)
(57683, 0.93628885)
(257569, 0.93628885)
(161013, 0.93628885)
(192826, 0.93628885)
(161298, 0.93628885)
(304410, 0.93628885)
(12026, 0.93628885)
(274646, 0.93628876)
(317041, 0.93628197)
(55047, 0.93628197)
(243860, 0.93628189)
(275308, 0.93628189)
(87087, 0.93628189)
(180365, 0.93628189)
(59780, 0.93628189)
(418408, 0.93628189)
(227208, 0.93628189)
(376618, 0.93628189)
(179850, 0.93628189)
(389553, 0.93628189)
(225361, 0.93628189)
(294091, 0.93628189)
(351923, 0.93628189)
(272640, 0.93628189)
(324649, 0.93628189)
(59978, 0.93628189)
(328557, 0.93628189)
(250731, 0.93628189)
(395970, 0.93628189)
(109474, 0.93628189)
(378161, 0.93628189)
(192470, 0.93628189)
(207362, 0.93628189)
(256691, 0.93628189)
(319679, 0.93628189)
(92834, 0.93628189)
(6668, 0.93628189)
(285442, 0.93628189)
(247797, 0.93628189)
(126175, 0.93628189)
(66797, 0.93628189)
(368398, 0.93628189)
(211788, 0.93628189)
(311015, 0.9362818)
(195129, 0.9362818)
(168802, 0.9362818)
(394372, 0.9362818)
(412126, 0.9362818)
(376430, 0.9362818)
(10354, 0.9362818)
(315075, 0.9362818)
(4701, 0.9362818)
(192710, 0.9362818)
(172147, 0.9362818)
(50764, 0.9362818)
(271148, 0.9362818)
(110166, 0.9362818)
(249470, 0.9362818)
(110744, 0.9362818)
(196921, 0.9362818)
(409261, 0.9362818)
(341589, 0.9362818)
(237373, 0.93627492)
(397330, 0.93627492)
(36949, 0.93627492)
(184197, 0.93627492)
(225086, 0.93627492)
(112299, 0.93627492)
(250323, 0.93627492)
(235658, 0.93627492)
(245501, 0.93627492)
(200295, 0.93627492)
(325473, 0.93627492)
(14127, 0.93627492)
(44086, 0.93627492)
(356344, 0.93627492)
(7257, 0.93627492)
(42584, 0.93627484)
(69079, 0.93627484)
(77353, 0.93627484)
(221416, 0.93627484)
(360587, 0.93627484)
(336788, 0.93627484)
(336326, 0.93627484)
(419132, 0.93627484)
(407203, 0.93627484)
(355834, 0.93627484)
(56856, 0.93627484)
(41116, 0.93627484)
(408610, 0.93627484)
(345010, 0.93627484)
(221576, 0.93627484)
(164436, 0.93627484)
(131442, 0.93627484)
(18294, 0.93627484)
(67954, 0.93627484)
(12045, 0.93627484)
(344058, 0.93627484)
(114955, 0.93627484)
(36035, 0.93627484)
(161913, 0.93627484)
(61170, 0.93627484)
(15972, 0.93627484)
(288235, 0.93627484)
(96007, 0.93627484)
(324296, 0.93627484)
(13714, 0.93627484)
(78468, 0.93627484)
(225878, 0.93627484)
(286794, 0.93627484)
(325770, 0.93627484)
(56800, 0.93627484)
(394852, 0.93627484)
(62171, 0.93627484)
(115969, 0.93627484)
(118807, 0.93627484)
(294169, 0.93627484)
(315389, 0.93627484)
(23044, 0.93627484)
(260006, 0.93627484)
(379091, 0.93627484)
(36367, 0.93627484)
(100575, 0.93627484)
(100375, 0.93627484)
(274436, 0.93627484)
(166665, 0.93627484)
(361321, 0.93627484)
(346853, 0.93627484)
(341257, 0.93627484)
(17038, 0.93627484)
(312408, 0.93627484)
(12171, 0.93627484)
(262970, 0.93627476)
(87386, 0.93626805)
(84213, 0.93626796)
(110394, 0.93626796)
(380301, 0.93626796)
(22398, 0.93626796)
(221814, 0.93626788)
(270329, 0.93626788)
(134469, 0.93626788)
(79383, 0.93626788)
(26024, 0.93626788)
(27356, 0.93626788)
(258348, 0.93626788)
(115722, 0.93626788)
(359377, 0.93626788)
(304646, 0.93626788)
(138300, 0.93626788)
(366874, 0.93626788)
(37575, 0.93626788)
(35805, 0.93626788)
(156974, 0.93626788)
(331630, 0.93626788)
(76497, 0.93626788)
(284051, 0.93626788)
(31213, 0.93626788)
(258318, 0.93626788)
(50547, 0.93626788)
(405965, 0.93626788)
(303663, 0.93626788)
(162747, 0.93626788)
(230567, 0.93626788)
(64405, 0.93626788)
(259517, 0.93626788)
(235596, 0.93626788)
(105066, 0.9362678)
(411218, 0.9362678)
(194820, 0.9362678)
(2145, 0.9362678)
(73916, 0.9362678)
(417221, 0.9362678)
(146048, 0.9362678)
(373010, 0.9362678)
(73732, 0.9362678)
(105459, 0.9362678)
(79366, 0.9362678)
(352002, 0.9362678)
(181948, 0.9362678)
(273429, 0.9362678)
(320044, 0.9362678)
(57446, 0.9362678)
(144537, 0.9362678)
(49697, 0.9362678)
(379403, 0.9362678)
(32701, 0.93626092)
(116464, 0.93626092)
(245454, 0.93626092)
(218976, 0.93626092)
(230718, 0.93626092)
(311445, 0.93626092)
(335108, 0.93626092)
(67917, 0.93626084)
(175942, 0.93626084)
(402710, 0.93626084)
(233215, 0.93626084)
(167765, 0.93626084)
(357633, 0.93626084)
(132924, 0.93626084)
(375550, 0.93626084)
(221200, 0.93626084)
(98611, 0.93626084)
(170854, 0.93626084)
(167085, 0.93626084)
(321984, 0.93626084)
(166158, 0.93626084)
(234941, 0.93626084)
(297592, 0.93626084)
(11426, 0.93626084)
(52065, 0.93626084)
(240851, 0.93626084)
(167920, 0.93626084)
(310447, 0.93626084)
(84582, 0.93626084)
(367629, 0.93626084)
(64973, 0.93626084)
(381244, 0.93626084)
(18036, 0.93626084)
(265300, 0.93625396)
(189300, 0.93625396)
(195460, 0.93625396)
(248308, 0.93625387)
(306425, 0.93625387)
(392335, 0.93625387)
(351972, 0.93625387)
(257830, 0.93625387)
(71161, 0.93625387)
(338983, 0.93625387)
(305262, 0.93625387)
(107328, 0.93625387)
(146223, 0.93625387)
(152567, 0.93625387)
(124640, 0.93625387)
(374869, 0.93625379)
(350193, 0.93625379)
(260715, 0.93625379)
(401259, 0.93625379)
(94556, 0.93625379)
(84286, 0.93625379)
(150020, 0.93625379)
(175346, 0.93625379)
(344856, 0.93625379)
(340911, 0.93625379)
(55506, 0.93625379)
(415365, 0.93624691)
(409587, 0.93624683)
(220791, 0.93624683)
(285720, 0.93624683)
(344949, 0.93624683)
(370899, 0.93624683)
(221379, 0.93624683)
(108081, 0.93624683)
(332881, 0.93624683)
(114197, 0.93624683)
(334825, 0.93624683)
(95937, 0.93624683)
(112466, 0.93623987)
(79746, 0.93623987)
(208103, 0.93623987)
(406257, 0.93623987)
(119668, 0.93623979)
(67895, 0.93623979)
(79213, 0.93623979)
(333756, 0.93623979)
(8937, 0.93622586)
(216401, 0.93512638)
(105911, 0.93511942)
(335112, 0.93511942)
(155274, 0.93511934)
(206490, 0.93511934)
(167917, 0.93511934)
(311304, 0.93511934)
(225118, 0.93511934)
(110969, 0.93511934)
(120874, 0.93511934)
(19301, 0.93511934)
(36134, 0.93511934)
(247350, 0.93511934)
(209346, 0.93511934)
(257896, 0.93511934)
(209527, 0.93511934)
(100817, 0.93511934)
(89139, 0.93511925)
(88971, 0.93511246)
(217065, 0.93511238)
(403308, 0.93511238)
(179658, 0.93511238)
(42649, 0.93511238)
(32530, 0.93511238)
(302387, 0.93511238)
(199163, 0.93511238)
(390626, 0.93511238)
(10682, 0.93511238)
(412707, 0.93511238)
(78749, 0.93511238)
(330094, 0.93511238)
(96585, 0.93511238)
(89921, 0.93511238)
(356703, 0.93511238)
(326390, 0.93511238)
(305996, 0.93511238)
(122811, 0.93511238)
(247274, 0.93511238)
(387667, 0.93511238)
(94905, 0.93511229)
(302725, 0.93510541)
(156062, 0.93510541)
(417861, 0.93510541)
(383656, 0.93510541)
(205243, 0.93510541)
(90019, 0.93510541)
(285001, 0.93510541)
(129860, 0.93510541)
(222267, 0.93510541)
(53111, 0.93510541)
(265203, 0.93510541)
(400231, 0.93510541)
(305884, 0.93510541)
(105802, 0.93510541)
(65672, 0.93510541)
(171762, 0.93510533)
(139646, 0.93510533)
(140409, 0.93510533)
(189881, 0.93510533)
(270235, 0.93510533)
(373341, 0.93510533)
(411906, 0.93510533)
(216093, 0.93510533)
(399553, 0.93510533)
(278364, 0.93510533)
(389941, 0.93510533)
(51162, 0.93510533)
(256942, 0.93510533)
(406080, 0.93510533)
(204975, 0.93510533)
(45873, 0.93510533)
(300011, 0.93510533)
(170443, 0.93510533)
(253414, 0.93510533)
(273300, 0.93510533)
(144313, 0.93509845)
(20069, 0.93509845)
(114223, 0.93509845)
(19854, 0.93509845)
(296175, 0.93509845)
(210800, 0.93509845)
(149430, 0.93509845)
(233774, 0.93509845)
(4383, 0.93509845)
(162941, 0.93509845)
(233931, 0.93509845)
(341829, 0.93509845)
(216787, 0.93509837)
(385035, 0.93509837)
(9017, 0.93509837)
(333946, 0.93509837)
(412046, 0.93509837)
(272861, 0.93509837)
(348062, 0.93509837)
(337060, 0.93509837)
(252096, 0.93509837)
(158690, 0.93509837)
(143851, 0.93509837)
(399654, 0.93509837)
(128489, 0.93509837)
(207570, 0.93509837)
(88180, 0.93509837)
(172274, 0.93509837)
(304055, 0.93509837)
(377202, 0.93509837)
(294460, 0.93509837)
(400855, 0.93509837)
(410582, 0.93509837)
(274001, 0.93509837)
(232150, 0.93509837)
(119331, 0.93509837)
(277504, 0.93509837)
(302190, 0.93509837)
(200351, 0.93509837)
(319864, 0.93509837)
(246261, 0.93509837)
(29048, 0.93509837)
(230296, 0.93509837)
(104468, 0.93509837)
(54308, 0.93509837)
(136774, 0.93509837)
(419448, 0.93509837)
(353035, 0.93509837)
(151646, 0.93509829)
(170686, 0.93509149)
(368653, 0.93509149)
(380720, 0.93509149)
(247613, 0.93509149)
(226749, 0.93509149)
(304832, 0.93509149)
(204009, 0.93509149)
(310981, 0.93509149)
(279653, 0.93509141)
(132211, 0.93509141)
(55818, 0.93509141)
(274421, 0.93509141)
(312311, 0.93509141)
(278332, 0.93509141)
(409651, 0.93509141)
(214558, 0.93509141)
(416766, 0.93509141)
(161699, 0.93509141)
(77806, 0.93509141)
(147185, 0.93509141)
(361239, 0.93509141)
(94020, 0.93509141)
(244688, 0.93509141)
(10187, 0.93509141)
(69137, 0.93509141)
(65799, 0.93509141)
(99356, 0.93509141)
(65141, 0.93509141)
(299528, 0.93509141)
(18222, 0.93509141)
(255392, 0.93509141)
(394120, 0.93509141)
(7618, 0.93509141)
(41641, 0.93509141)
(29858, 0.93509141)
(8482, 0.93509141)
(13289, 0.93509141)
(10819, 0.93509141)
(79320, 0.93509141)
(349310, 0.93509141)
(63019, 0.93509141)
(143017, 0.93509141)
(412322, 0.93509141)
(92057, 0.93509133)
(375373, 0.93509133)
(150129, 0.93509133)
(242042, 0.93509133)
(160240, 0.93509133)
(314095, 0.93509133)
(265581, 0.93509133)
(206450, 0.93509133)
(312687, 0.93509133)
(271930, 0.93509133)
(127328, 0.93509133)
(328378, 0.93509133)
(125962, 0.93509133)
(72939, 0.93509133)
(77360, 0.93508453)
(215746, 0.93508453)
(56917, 0.93508453)
(225034, 0.93508453)
(403709, 0.93508445)
(344185, 0.93508445)
(400736, 0.93508445)
(371794, 0.93508445)
(163490, 0.93508445)
(353236, 0.93508445)
(301807, 0.93508445)
(63403, 0.93508445)
(64435, 0.93508445)
(150109, 0.93508445)
(145680, 0.93508445)
(220348, 0.93508445)
(103047, 0.93508445)
(141754, 0.93508445)
(248506, 0.93508437)
(226211, 0.93508437)
(43044, 0.93508437)
(158765, 0.93508437)
(253874, 0.93508437)
(301301, 0.93508437)
(368257, 0.93508437)
(32226, 0.93508437)
(297707, 0.93508437)
(52209, 0.93508437)
(332344, 0.93508437)
(340197, 0.93508437)
(339220, 0.93508437)
(91677, 0.93508437)
(92781, 0.93508437)
(294529, 0.93508437)
(204453, 0.93508437)
(336407, 0.93508437)
(75393, 0.93508437)
(234574, 0.93508437)
(193743, 0.93508437)
(305776, 0.93508437)
(180361, 0.93508437)
(219935, 0.93508437)
(98728, 0.93508437)
(85676, 0.93508437)
(99144, 0.93508437)
(8515, 0.93508437)
(69543, 0.93508437)
(120123, 0.93508437)
(191947, 0.93508437)
(351775, 0.93508437)
(164672, 0.93508437)
(275923, 0.93508428)
(159181, 0.93507749)
(261864, 0.93507749)
(392081, 0.93507749)
(56531, 0.9350774)
(221154, 0.9350774)
(326797, 0.9350774)
(297353, 0.9350774)
(100960, 0.9350774)
(240981, 0.9350774)
(105899, 0.9350774)
(296339, 0.9350774)
(331649, 0.9350774)
(89, 0.9350774)
(77042, 0.9350774)
(252928, 0.9350774)
(3105, 0.9350774)
(308956, 0.9350774)
(248542, 0.9350774)
(170856, 0.9350774)
(98437, 0.9350774)
(105540, 0.9350774)
(286087, 0.9350774)
(96229, 0.9350774)
(119563, 0.9350774)
(387519, 0.9350774)
(401167, 0.9350774)
(54169, 0.9350774)
(298072, 0.93507732)
(269000, 0.93507732)
(10510, 0.93507732)
(266680, 0.93507732)
(44675, 0.93507732)
(135096, 0.93507732)
(391636, 0.93507732)
(183130, 0.93507732)
(254123, 0.93507732)
(288338, 0.93507732)
(87106, 0.93507044)
(303583, 0.93507044)
(21996, 0.93507044)
(59989, 0.93507044)
(271093, 0.93507044)
(188387, 0.93507036)
(313250, 0.93507036)
(184697, 0.93507036)
(64712, 0.93507036)
(84274, 0.93507036)
(235765, 0.93507036)
(224576, 0.93507036)
(88171, 0.93507036)
(152040, 0.93507036)
(92526, 0.93507036)
(166772, 0.93507036)
(66993, 0.93507036)
(413903, 0.93506348)
(49264, 0.93506348)
(412873, 0.9350634)
(258649, 0.9350634)
(152580, 0.9350634)
(218353, 0.9350634)
(94799, 0.9350634)
(190046, 0.9350634)
(53030, 0.93506332)
(171269, 0.93506332)
(158931, 0.93506332)
(315594, 0.93506332)
(350669, 0.93506332)
(36760, 0.93505644)
(173943, 0.93505644)
(345368, 0.93505644)
(209546, 0.93504939)
(120841, 0.93504939)
(420085, 0.93504939)
(142886, 0.93504939)
(355047, 0.93504931)
(156693, 0.93504235)
(13010, 0.93503547)
(341372, 0.93395687)
(344063, 0.93394287)
(360413, 0.93394287)
(192498, 0.93394287)
(383866, 0.93394287)
(36620, 0.93394287)
(341870, 0.93394287)
(218890, 0.93393599)
(151020, 0.93393591)
(229382, 0.93393591)
(250056, 0.93393591)
(375735, 0.93393591)
(360678, 0.93393591)
(54463, 0.93393591)
(289374, 0.93393591)
(257652, 0.93393591)
(270491, 0.93393591)
(43637, 0.93393591)
(132581, 0.93393591)
(82247, 0.93393591)
(97434, 0.93393591)
(122299, 0.93393591)
(223139, 0.93393591)
(396820, 0.93393591)
(355293, 0.93393591)
(417301, 0.93393591)
(273017, 0.93393591)
(124920, 0.93392894)
(71883, 0.93392894)
(89366, 0.93392894)
(35604, 0.93392894)
(388834, 0.93392894)
(43969, 0.93392894)
(188420, 0.93392894)
(257017, 0.93392894)
(311455, 0.93392894)
(332620, 0.93392894)
(50612, 0.93392894)
(61800, 0.93392894)
(229711, 0.93392886)
(44838, 0.93392886)
(149009, 0.93392886)
(204947, 0.93392886)
(220772, 0.93392886)
(152334, 0.93392886)
(389574, 0.93392886)
(291655, 0.93392886)
(272281, 0.93392886)
(101444, 0.93392886)
(161807, 0.93392886)
(206948, 0.93392198)
(349621, 0.93392198)
(412781, 0.93392198)
(129050, 0.93392198)
(313100, 0.93392198)
(263754, 0.93392198)
(4039, 0.93392198)
(26531, 0.93392198)
(243444, 0.93392198)
(284244, 0.93392198)
(387064, 0.93392198)
(17381, 0.93392198)
(328774, 0.93392198)
(91777, 0.93392198)
(177203, 0.93392198)
(378823, 0.93392198)
(40304, 0.93392198)
(318253, 0.93392198)
(116476, 0.9339219)
(375830, 0.9339219)
(156417, 0.9339219)
(223228, 0.9339219)
(111486, 0.9339219)
(314786, 0.9339219)
(328138, 0.9339219)
(126940, 0.9339219)
(141263, 0.9339219)
(102217, 0.9339219)
(69798, 0.9339219)
(8076, 0.9339219)
(287465, 0.9339219)
(113195, 0.9339219)
(344457, 0.9339219)
(105450, 0.9339219)
(348876, 0.9339219)
(280125, 0.93391502)
(204031, 0.93391502)
(366313, 0.93391502)
(280844, 0.93391502)
(148578, 0.93391502)
(102803, 0.93391502)
(61333, 0.93391502)
(338969, 0.93391502)
(193087, 0.93391502)
(376770, 0.93391502)
(264995, 0.93391494)
(390763, 0.93391494)
(224848, 0.93391494)
(224875, 0.93391494)
(172785, 0.93391494)
(111836, 0.93391494)
(5998, 0.93391494)
(406439, 0.93391494)
(373214, 0.93391494)
(140499, 0.93391494)
(18276, 0.93391494)
(78647, 0.93391494)
(20738, 0.93391494)
(269146, 0.93391494)
(374795, 0.93391494)
(405035, 0.93391494)
(105181, 0.93391494)
(366198, 0.93391494)
(160983, 0.93391494)
(304336, 0.93391494)
(257859, 0.93391494)
(359997, 0.93391494)
(298291, 0.93391494)
(328782, 0.93391494)
(214161, 0.93391494)
(391182, 0.93391494)
(382834, 0.93391494)
(165079, 0.93391486)
(186820, 0.93391486)
(239430, 0.93391486)
(169985, 0.93391486)
(294491, 0.93391486)
(340537, 0.93391486)
(72127, 0.93390806)
(221357, 0.93390798)
(172616, 0.93390798)
(323862, 0.93390798)
(142446, 0.93390798)
(356484, 0.93390798)
(417764, 0.93390798)
(249541, 0.93390798)
(151696, 0.93390798)
(402374, 0.93390798)
(274910, 0.93390798)
(23654, 0.93390798)
(378276, 0.93390798)
(51034, 0.93390798)
(371883, 0.93390798)
(56113, 0.93390798)
(171670, 0.93390798)
(239965, 0.93390798)
(361610, 0.93390798)
(373195, 0.93390798)
(179207, 0.93390789)
(396103, 0.93390789)
(94561, 0.93390789)
(201576, 0.93390789)
(400715, 0.93390789)
(400484, 0.93390789)
(244686, 0.93390789)
(420314, 0.93390789)
(348691, 0.93390789)
(190452, 0.93390789)
(32333, 0.93390789)
(258953, 0.93390789)
(218723, 0.93390789)
(172739, 0.93390789)
(103347, 0.93390789)
(147319, 0.93390789)
(21788, 0.93390789)
(59011, 0.93390789)
(105243, 0.93390789)
(181626, 0.93390789)
(132200, 0.93390789)
(368051, 0.93390789)
(384579, 0.93390789)
(393018, 0.93390781)
(318662, 0.9339011)
(70362, 0.93390102)
(318327, 0.93390102)
(28474, 0.93390102)
(310466, 0.93390102)
(157365, 0.93390102)
(175462, 0.93390102)
(11972, 0.93390093)
(36985, 0.93390093)
(221111, 0.93390093)
(104754, 0.93390093)
(85018, 0.93390093)
(158455, 0.93390093)
(67227, 0.93390093)
(358230, 0.93390093)
(379400, 0.93390093)
(92201, 0.93390093)
(54696, 0.93390093)
(133773, 0.93390093)
(247568, 0.93390093)
(267264, 0.93390093)
(260434, 0.93390093)
(339374, 0.93390093)
(242376, 0.93390093)
(58034, 0.93390085)
(192231, 0.93390085)
(81541, 0.93390085)
(5367, 0.93390085)
(346611, 0.93390085)
(387042, 0.93390085)
(113726, 0.93390085)
(411368, 0.93390085)
(73023, 0.93390077)
(133649, 0.93389405)
(169481, 0.93389405)
(197288, 0.93389405)
(80528, 0.93389397)
(387244, 0.93389397)
(319512, 0.93389397)
(110436, 0.93389397)
(250723, 0.93389389)
(223425, 0.93389389)
(5123, 0.93389389)
(107770, 0.93389389)
(82727, 0.93389389)
(284006, 0.93389389)
(3677, 0.93389389)
(153868, 0.93389389)
(64987, 0.93389389)
(349746, 0.93389389)
(217407, 0.93389389)
(414399, 0.93389389)
(399598, 0.93389389)
(5260, 0.93389389)
(268891, 0.93389389)
(363857, 0.93388701)
(391409, 0.93388693)
(415411, 0.93388693)
(79714, 0.93388693)
(425, 0.93388693)
(282111, 0.93388693)
(249108, 0.93388693)
(130793, 0.93388693)
(13560, 0.93388693)
(371568, 0.93388693)
(197051, 0.93388693)
(270103, 0.93388684)
(117873, 0.93388684)
(8261, 0.93388684)
(89072, 0.93388684)
(311151, 0.93388684)
(204665, 0.93388684)
(190539, 0.93388005)
(89478, 0.93388005)
(78124, 0.93387997)
(65319, 0.93387997)
(33362, 0.93387997)
(133523, 0.93387997)
(97639, 0.93387988)
(114595, 0.93387988)
(226707, 0.93387988)
(171529, 0.93387988)
(346341, 0.93387988)
(216072, 0.93387988)
(153652, 0.93387988)
(301821, 0.93387988)
(127535, 0.9338798)
(246205, 0.933873)
(292653, 0.933873)
(246064, 0.93387292)
(125132, 0.93387292)
(135974, 0.93387292)
(53830, 0.93387284)
(17467, 0.93387284)
(132334, 0.93387284)
(142904, 0.93387284)
(234844, 0.93387284)
(286973, 0.93386604)
(44594, 0.93386588)
(352287, 0.933859)
(227184, 0.93385883)
(134532, 0.93276648)
(417975, 0.93276648)
(330870, 0.9327664)
(341295, 0.9327664)
(246014, 0.9327664)
(272859, 0.9327664)
(414544, 0.93275952)
(258618, 0.93275944)
(371490, 0.93275944)
(73854, 0.93275944)
(112949, 0.93275944)
(163535, 0.93275944)
(210630, 0.93275944)
(159388, 0.93275944)
(93753, 0.93275944)
(285199, 0.93275944)
(98263, 0.93275247)
(327200, 0.93275247)
(408056, 0.93275247)
(58218, 0.93275247)
(272479, 0.93275247)
(400870, 0.93275247)
(337029, 0.93275247)
(185076, 0.93275247)
(31041, 0.93275247)
(389414, 0.93275247)
(303729, 0.93275247)
(410259, 0.93275239)
(401527, 0.93275239)
(356533, 0.93275239)
(74997, 0.93275239)
(325677, 0.93275239)
(127984, 0.93275239)
(245492, 0.93275239)
(204982, 0.93275239)
(210795, 0.93275239)
(414214, 0.93275239)
(419425, 0.93275239)
(46595, 0.9327456)
(73470, 0.93274551)
(191208, 0.93274551)
(177453, 0.93274551)
(185866, 0.93274551)
(308636, 0.93274551)
(104684, 0.93274551)
(212652, 0.93274551)
(334084, 0.93274551)
(135215, 0.93274551)
(249379, 0.93274551)
(270622, 0.93274551)
(78355, 0.93274551)
(156027, 0.93274551)
(118843, 0.93274551)
(357339, 0.93274551)
(76990, 0.93274551)
(129721, 0.93274551)
(276055, 0.93274551)
(270075, 0.93274551)
(287020, 0.93274551)
(82119, 0.93274551)
(381699, 0.93274543)
(188158, 0.93274543)
(252085, 0.93274543)
(15754, 0.93274543)
(53340, 0.93274543)
(371359, 0.93274543)
(34665, 0.93274543)
(308883, 0.93274543)
(213279, 0.93274543)
(59454, 0.93274543)
(90712, 0.93274543)
(343444, 0.93274543)
(17126, 0.93274543)
(73678, 0.93274543)
(360606, 0.93274543)
(277507, 0.93273855)
(13344, 0.93273855)
(273417, 0.93273855)
(252876, 0.93273855)
(417194, 0.93273855)
(160676, 0.93273847)
(180769, 0.93273847)
(169422, 0.93273847)
(336915, 0.93273847)
(371901, 0.93273847)
(40421, 0.93273847)
(43671, 0.93273847)
(56359, 0.93273847)
(150957, 0.93273847)
(81383, 0.93273847)
(311846, 0.93273847)
(4334, 0.93273847)
(19754, 0.93273847)
(91270, 0.93273847)
(71777, 0.93273847)
(191255, 0.93273847)
(108545, 0.93273847)
(313161, 0.93273847)
(115714, 0.93273847)
(314465, 0.93273847)
(368351, 0.93273847)
(367109, 0.93273847)
(96216, 0.93273847)
(202975, 0.93273847)
(392290, 0.93273847)
(133114, 0.93273847)
(12161, 0.93273847)
(372849, 0.93273839)
(21734, 0.93273839)
(294844, 0.93273839)
(163267, 0.93273839)
(78547, 0.93273839)
(271689, 0.93273839)
(6280, 0.9327383)
(388887, 0.93273159)
(166382, 0.93273159)
(250314, 0.93273159)
(311275, 0.93273159)
(360144, 0.93273151)
(386612, 0.93273151)
(370751, 0.93273151)
(82026, 0.93273151)
(333465, 0.93273151)
(8927, 0.93273151)
(42414, 0.93273151)
(50374, 0.93273151)
(177712, 0.93273151)
(416267, 0.93273151)
(173038, 0.93273151)
(264353, 0.93273151)
(338936, 0.93273151)
(207645, 0.93273151)
(183093, 0.93273151)
(51875, 0.93273142)
(274116, 0.93273142)
(92101, 0.93273142)
(349623, 0.93273142)
(297484, 0.93273142)
(66218, 0.93273142)
(271762, 0.93273142)
(128754, 0.93273142)
(279816, 0.93273142)
(220767, 0.93273142)
(7718, 0.93273142)
(405534, 0.93273142)
(3612, 0.93273142)
(335587, 0.93273142)
(12975, 0.93273142)
(122702, 0.93273142)
(300369, 0.93273142)
(236379, 0.93273142)
(118830, 0.93273142)
(246597, 0.93273142)
(356574, 0.93272455)
(127870, 0.93272455)
(418421, 0.93272455)
(175088, 0.93272455)
(7926, 0.93272455)
(55924, 0.93272455)
(40339, 0.93272455)
(110513, 0.93272455)
(257128, 0.93272455)
(152222, 0.93272446)
(334387, 0.93272446)
(18540, 0.93272446)
(251959, 0.93272446)
(98099, 0.93272446)
(259058, 0.93272446)
(53057, 0.93272446)
(261507, 0.93272446)
(206032, 0.93272446)
(246114, 0.93272446)
(14647, 0.93272446)
(113179, 0.93272446)
(360356, 0.93272446)
(54212, 0.93272446)
(320234, 0.93272446)
(228142, 0.93272446)
(301775, 0.93272446)
(361706, 0.93272446)
(303784, 0.93272446)
(283001, 0.93272446)
(176657, 0.93272446)
(84280, 0.93272446)
(193241, 0.93272446)
(340528, 0.93272446)
(403320, 0.93272438)
(317810, 0.93272438)
(227973, 0.93272438)
(325229, 0.93272438)
(287570, 0.93272438)
(75539, 0.93272438)
(300220, 0.93272438)
(70475, 0.9327243)
(194733, 0.93271758)
(150734, 0.93271758)
(203987, 0.93271758)
(5344, 0.93271758)
(56943, 0.93271758)
(190730, 0.93271758)
(71582, 0.9327175)
(59172, 0.9327175)
(273422, 0.9327175)
(319597, 0.9327175)
(331503, 0.9327175)
(223969, 0.9327175)
(411474, 0.9327175)
(87578, 0.9327175)
(211757, 0.9327175)
(193217, 0.9327175)
(278749, 0.9327175)
(177189, 0.9327175)
(334513, 0.9327175)
(147744, 0.9327175)
(302054, 0.93271742)
(49289, 0.93271742)
(362192, 0.93271742)
(157856, 0.93271742)
(36854, 0.93271742)
(285771, 0.93271742)
(305516, 0.93271742)
(393901, 0.93271742)
(191061, 0.93271742)
(367289, 0.93271742)
(240489, 0.93271734)
(312234, 0.93271054)
(277186, 0.93271054)
(280474, 0.93271054)
(14033, 0.93271054)
(219994, 0.93271054)
(138386, 0.93271054)
(400955, 0.93271054)
(223243, 0.93271054)
(184111, 0.93271054)
(180783, 0.93271046)
(227582, 0.93271046)
(367545, 0.93271046)
(416948, 0.93271046)
(43154, 0.93271046)
(385608, 0.93271046)
(3245, 0.93271046)
(375041, 0.93271046)
(413564, 0.93271046)
(403801, 0.93271046)
(402630, 0.93271046)
(278306, 0.93271037)
(52583, 0.93271037)
(121376, 0.93271037)
(138929, 0.93271037)
(13457, 0.93271037)
(52411, 0.93271029)
(361584, 0.93270358)
(189920, 0.93270358)
(327011, 0.9327035)
(361442, 0.9327035)
(380803, 0.9327035)
(363740, 0.9327035)
(98963, 0.9327035)
(290127, 0.9327035)
(75037, 0.9327035)
(202536, 0.9327035)
(361386, 0.9327035)
(267161, 0.93270341)
(414937, 0.93270341)
(336199, 0.93270341)
(111447, 0.93270341)
(280042, 0.93270341)
(251785, 0.93270341)
(144267, 0.93270341)
(237072, 0.93270341)
(8708, 0.93270341)
(292966, 0.93270341)
(350340, 0.93270341)
(332113, 0.93270341)
(383338, 0.93269645)
(115042, 0.93269645)
(326240, 0.93269645)
(391394, 0.93269645)
(406696, 0.93269645)
(260770, 0.93269645)
(301307, 0.93269645)
(55799, 0.93269645)
(364720, 0.93269645)
(179253, 0.93269637)
(295889, 0.93269637)
(90209, 0.93269637)
(88551, 0.93269637)
(30848, 0.93269637)
(295919, 0.93268949)
(264030, 0.93268949)
(187926, 0.93268941)
(19739, 0.93268941)
(347753, 0.93268941)
(242571, 0.93268941)
(35423, 0.93268941)
(398454, 0.93268253)
(305945, 0.93268245)
(29187, 0.93268236)
(180643, 0.93267548)
(38862, 0.93159001)
(395700, 0.93158993)
(282239, 0.93158296)
(2923, 0.93158296)
(126184, 0.93158296)
(338805, 0.93158296)
(398102, 0.93158296)
(364568, 0.931576)
(400442, 0.931576)
(94699, 0.931576)
(352026, 0.931576)
(384130, 0.93157592)
(333545, 0.93157592)
(297328, 0.93157592)
(347537, 0.93157592)
(95329, 0.93157592)
(28999, 0.93157592)
(114348, 0.93157592)
(212292, 0.93156904)
(56241, 0.93156904)
(136965, 0.93156904)
(201132, 0.93156904)
(51655, 0.93156904)
(347763, 0.93156904)
(69494, 0.93156904)
(165198, 0.93156904)
(65604, 0.93156904)
(292679, 0.93156904)
(372594, 0.93156896)
(320015, 0.93156896)
(264941, 0.93156896)
(63008, 0.93156896)
(181494, 0.93156896)
(251747, 0.93156896)
(267268, 0.93156896)
(201489, 0.93156896)
(286857, 0.93156896)
(274548, 0.93156896)
(364781, 0.93156896)
(416145, 0.93156896)
(51455, 0.93156896)
(144306, 0.93156896)
(350635, 0.93156208)
(323574, 0.93156208)
(251559, 0.93156208)
(37630, 0.93156208)
(95466, 0.93156208)
(270107, 0.93156208)
(67437, 0.93156208)
(5475, 0.931562)
(394154, 0.931562)
(269141, 0.931562)
(390272, 0.931562)
(136653, 0.931562)
(250597, 0.931562)
(317376, 0.931562)
(24842, 0.931562)
(305535, 0.931562)
(215612, 0.931562)
(87350, 0.931562)
(45115, 0.931562)
(4707, 0.931562)
(256001, 0.931562)
(347227, 0.931562)
(160713, 0.931562)
(2574, 0.931562)
(45787, 0.93156191)
(122602, 0.93156191)
(218570, 0.93156191)
(155884, 0.93156191)
(275107, 0.93156191)
(297845, 0.93155512)
(53658, 0.93155504)
(403973, 0.93155504)
(110260, 0.93155504)
(347559, 0.93155504)
(168661, 0.93155504)
(227439, 0.93155504)
(73478, 0.93155504)
(132503, 0.93155504)
(369084, 0.93155504)
(249313, 0.93155504)
(391217, 0.93155504)
(26214, 0.93155504)
(52537, 0.93155504)
(368550, 0.93155504)
(403354, 0.93155504)
(413011, 0.93155504)
(112944, 0.93155495)
(326544, 0.93155495)
(395535, 0.93155495)
(253029, 0.93155495)
(255932, 0.93155495)
(190594, 0.93155495)
(173590, 0.93155495)
(3807, 0.93155495)
(354420, 0.93155495)
(317753, 0.93155495)
(248856, 0.93155495)
(180540, 0.93155495)
(110152, 0.93155495)
(81129, 0.93155495)
(213128, 0.93155495)
(413889, 0.93155495)
(144543, 0.93155495)
(235665, 0.93155495)
(356122, 0.93155495)
(222667, 0.93155495)
(416192, 0.93155495)
(226200, 0.93155495)
(302988, 0.93154816)
(52220, 0.93154807)
(248682, 0.93154807)
(73099, 0.93154807)
(158507, 0.93154807)
(297460, 0.93154807)
(227607, 0.93154807)
(316909, 0.93154807)
(9021, 0.93154807)
(324434, 0.93154807)
(239281, 0.93154807)
(296691, 0.93154799)
(67650, 0.93154799)
(390204, 0.93154799)
(376101, 0.93154799)
(364261, 0.93154799)
(6479, 0.93154799)
(334664, 0.93154799)
(266030, 0.93154799)
(53322, 0.93154799)
(417557, 0.93154799)
(291501, 0.93154799)
(325578, 0.93154799)
(83966, 0.93154799)
(352717, 0.93154799)
(7759, 0.93154799)
(190574, 0.93154799)
(194867, 0.93154799)
(221911, 0.93154799)
(108309, 0.93154799)
(273822, 0.93154799)
(45452, 0.93154799)
(351365, 0.93154799)
(284022, 0.93154791)
(310859, 0.93154791)
(195402, 0.93154791)
(415105, 0.93154791)
(56726, 0.93154791)
(341673, 0.93154791)
(68349, 0.93154791)
(23211, 0.93154791)
(157903, 0.9315412)
(117507, 0.93154111)
(114401, 0.93154111)
(128762, 0.93154111)
(214932, 0.93154111)
(29872, 0.93154103)
(262275, 0.93154103)
(253628, 0.93154103)
(396403, 0.93154103)
(191783, 0.93154103)
(388416, 0.93154103)
(20084, 0.93154103)
(72350, 0.93154103)
(144999, 0.93154103)
(28539, 0.93154103)
(60160, 0.93154103)
(166796, 0.93154103)
(366119, 0.93154103)
(117648, 0.93154103)
(179022, 0.93154103)
(212117, 0.93154103)
(24749, 0.93154095)
(355616, 0.93154095)
(418974, 0.93154095)
(79953, 0.93154095)
(407728, 0.93154095)
(323501, 0.93154095)
(310613, 0.93154095)
(372457, 0.93154095)
(47549, 0.93154095)
(145967, 0.93154095)
(11576, 0.93154095)
(229477, 0.93154095)
(251169, 0.93154095)
(88836, 0.93154095)
(216887, 0.93154095)
(165387, 0.93154095)
(77003, 0.93154095)
(9276, 0.93154095)
(239538, 0.93154095)
(63636, 0.93154095)
(350344, 0.93154095)
(375933, 0.93154095)
(159299, 0.93154095)
(130816, 0.93154086)
(49849, 0.93154086)
(130438, 0.93153407)
(288202, 0.93153407)
(76346, 0.93153407)
(274281, 0.93153407)
(259217, 0.93153399)
(216609, 0.93153399)
(105318, 0.93153399)
(337174, 0.93153399)
(200997, 0.93153399)
(100929, 0.93153399)
(313386, 0.93153399)
(315444, 0.93153399)
(194855, 0.93153399)
(168352, 0.93153399)
(176757, 0.93153399)
(367541, 0.93153399)
(337603, 0.93153399)
(316795, 0.93153399)
(382407, 0.93153399)
(333424, 0.9315339)
(47774, 0.9315339)
(162152, 0.9315339)
(366940, 0.9315339)
(83180, 0.9315339)
(83873, 0.9315339)
(107561, 0.9315339)
(208673, 0.93152711)
(38924, 0.93152711)
(152010, 0.93152711)
(41531, 0.93152703)
(190080, 0.93152703)
(378786, 0.93152703)
(408167, 0.93152703)
(58595, 0.93152703)
(257378, 0.93152703)
(213668, 0.93152703)
(166098, 0.93152703)
(102475, 0.93152703)
(346105, 0.93152703)
(390385, 0.93152703)
(103235, 0.93152703)
(88336, 0.93152703)
(352223, 0.93152694)
(233962, 0.93152694)
(147541, 0.93152694)
(193370, 0.93152694)
(227679, 0.93152694)
(247563, 0.93152694)
(371197, 0.93152694)
(290593, 0.93152006)
(146638, 0.93152006)
(193736, 0.93152006)
(3959, 0.93151998)
(31505, 0.93151998)
(179234, 0.93151998)
(398644, 0.93151998)
(224607, 0.93151998)
(363325, 0.93151998)
(246076, 0.93151998)
(239361, 0.93151998)
(20356, 0.93151998)
(97212, 0.93151998)
(6809, 0.93151998)
(356468, 0.9315199)
(134239, 0.9315199)
(188898, 0.9315199)
(260517, 0.9315199)
(317658, 0.9315199)
(294143, 0.9315199)
(131681, 0.9315131)
(74990, 0.93151302)
(116612, 0.93151302)
(416825, 0.93151302)
(18051, 0.93151302)
(69566, 0.93151302)
(340185, 0.93151302)
(335297, 0.93151302)
(197420, 0.93151302)
(169461, 0.93151294)
(251989, 0.93151294)
(228885, 0.93151294)
(384015, 0.93150614)
(274443, 0.93150606)
(62350, 0.93150606)
(192322, 0.93150606)
(290007, 0.93150606)
(262045, 0.93150606)
(337765, 0.93150598)
(267516, 0.93150598)
(350006, 0.93150598)
(284752, 0.9314991)
(69597, 0.93149901)
(313104, 0.93149901)
(173574, 0.93149893)
(59698, 0.93149893)
(353602, 0.93149893)
(153260, 0.93149893)
(76374, 0.93148501)
(191876, 0.93042042)
(86192, 0.93041354)
(397806, 0.93040649)
(250620, 0.93040649)
(156065, 0.93040649)
(273998, 0.93039953)
(121934, 0.93039953)
(320587, 0.93039953)
(159030, 0.93039953)
(355929, 0.93039953)
(315312, 0.93039945)
(254062, 0.93039945)
(382003, 0.93039945)
(369582, 0.93039257)
(111105, 0.93039257)
(331686, 0.93039257)
(158582, 0.93039257)
(383423, 0.93039257)
(202324, 0.93039249)
(226996, 0.93039249)
(300257, 0.93039249)
(328418, 0.93039249)
(402598, 0.93039249)
(236146, 0.93039249)
(383312, 0.93039249)
(175808, 0.93039249)
(70461, 0.93038561)
(2982, 0.93038561)
(161922, 0.93038561)
(48755, 0.93038561)
(297630, 0.93038561)
(102725, 0.93038561)
(116630, 0.93038553)
(374358, 0.93038553)
(92630, 0.93038553)
(51463, 0.93038553)
(324322, 0.93038553)
(335114, 0.93038553)
(122541, 0.93038553)
(89519, 0.93038553)
(85799, 0.93038553)
(336281, 0.93038553)
(89345, 0.93038544)
(141436, 0.93038544)
(53136, 0.93038544)
(364979, 0.93038544)
(75732, 0.93038544)
(115316, 0.93037865)
(381239, 0.93037857)
(262511, 0.93037857)
(387548, 0.93037857)
(165125, 0.93037857)
(121013, 0.93037857)
(188556, 0.93037857)
(395494, 0.93037857)
(177502, 0.93037857)
(118293, 0.93037857)
(346866, 0.93037857)
(158844, 0.93037857)
(281170, 0.93037857)
(177527, 0.93037857)
(378881, 0.93037857)
(30057, 0.93037857)
(53034, 0.93037857)
(266191, 0.93037848)
(107316, 0.93037848)
(85345, 0.93037848)
(189807, 0.93037848)
(48973, 0.93037848)
(228925, 0.93037848)
(418997, 0.93037848)
(235990, 0.93037848)
(172583, 0.93037848)
(182640, 0.9303784)
(355195, 0.93037169)
(327100, 0.9303716)
(258632, 0.9303716)
(269518, 0.9303716)
(10131, 0.9303716)
(355911, 0.9303716)
(17269, 0.9303716)
(384063, 0.9303716)
(346674, 0.9303716)
(145820, 0.9303716)
(239161, 0.93037152)
(117154, 0.93037152)
(209717, 0.93037152)
(104315, 0.93037152)
(286932, 0.93037152)
(89913, 0.93037152)
(13260, 0.93037152)
(170025, 0.93037152)
(21462, 0.93037152)
(56164, 0.93037152)
(284591, 0.93037152)
(374889, 0.93037152)
(105996, 0.93037152)
(263191, 0.93037152)
(250835, 0.93037152)
(358066, 0.93037152)
(55501, 0.93037152)
(392339, 0.93037152)
(74895, 0.93037144)
(270666, 0.93037144)
(58193, 0.93037144)
(80680, 0.93037144)
(273454, 0.93037144)
(23601, 0.93036464)
(234445, 0.93036464)
(264775, 0.93036464)
(234178, 0.93036464)
(182306, 0.93036456)
(86396, 0.93036456)
(49608, 0.93036456)
(239731, 0.93036456)
(207538, 0.93036456)
(287464, 0.93036456)
(323366, 0.93036456)
(281075, 0.93036456)
(10939, 0.93036456)
(111921, 0.93036456)
(232649, 0.93036456)
(250707, 0.93036456)
(241574, 0.93036456)
(189828, 0.93036456)
(372722, 0.93036456)
(110623, 0.93036456)
(419929, 0.93036456)
(106880, 0.93036456)
(105204, 0.93036456)
(305026, 0.93036448)
(241950, 0.93036448)
(239415, 0.93036448)
(26951, 0.93036448)
(318177, 0.93036448)
(135923, 0.93036448)
(150222, 0.93036448)
(210463, 0.93036448)
(364764, 0.93036448)
(174044, 0.93036448)
(361146, 0.93036448)
(390876, 0.93036448)
(115427, 0.93036448)
(244935, 0.93036448)
(275807, 0.93036439)
(229588, 0.93035776)
(162075, 0.93035768)
(352953, 0.9303576)
(375782, 0.9303576)
(51834, 0.9303576)
(1371, 0.9303576)
(68908, 0.9303576)
(98805, 0.9303576)
(97841, 0.93035752)
(242212, 0.93035752)
(229361, 0.93035752)
(263397, 0.93035752)
(333199, 0.93035752)
(7505, 0.93035752)
(239067, 0.93035752)
(163787, 0.93035752)
(378706, 0.93035752)
(49064, 0.93035752)
(111962, 0.93035752)
(55420, 0.93035752)
(170996, 0.93035752)
(96304, 0.93035752)
(325466, 0.93035752)
(32441, 0.93035743)
(95503, 0.93035743)
(11474, 0.93035743)
(333736, 0.93035064)
(359729, 0.93035064)
(398211, 0.93035064)
(295979, 0.93035064)
(80643, 0.93035064)
(328647, 0.93035055)
(339784, 0.93035055)
(419182, 0.93035055)
(390049, 0.93035055)
(56397, 0.93035055)
(173740, 0.93035055)
(159830, 0.93035055)
(334080, 0.93035055)
(322146, 0.93035055)
(385600, 0.93035055)
(42421, 0.93035055)
(44772, 0.93035055)
(322978, 0.93035055)
(192212, 0.93035055)
(205393, 0.93035055)
(369573, 0.93035055)
(55750, 0.93035055)
(142901, 0.93035055)
(238506, 0.93035055)
(271099, 0.93035055)
(110592, 0.93035047)
(266247, 0.93035047)
(182234, 0.93035047)
(236021, 0.93035047)
(86703, 0.93035047)
(98464, 0.93035047)
(114325, 0.93035039)
(254905, 0.93034368)
(208310, 0.93034359)
(118697, 0.93034359)
(218230, 0.93034359)
(299218, 0.93034359)
(294023, 0.93034359)
(339939, 0.93034351)
(51388, 0.93034351)
(230022, 0.93034351)
(346848, 0.93034351)
(197755, 0.93034351)
(156728, 0.93034351)
(142379, 0.93034351)
(257679, 0.93034351)
(186558, 0.93034351)
(412232, 0.93034351)
(306974, 0.93034351)
(42691, 0.93034351)
(216033, 0.93034351)
(85063, 0.93034343)
(123861, 0.93034343)
(247593, 0.93033671)
(39758, 0.93033663)
(219309, 0.93033655)
(128928, 0.93033655)
(415110, 0.93033655)
(83019, 0.93033655)
(303557, 0.93033655)
(231946, 0.93033655)
(217312, 0.93033655)
(106607, 0.93033647)
(201424, 0.93033647)
(54461, 0.93033647)
(214864, 0.93033647)
(146332, 0.93033647)
(415997, 0.93033647)
(267095, 0.93033647)
(322880, 0.93033647)
(29036, 0.93033647)
(386973, 0.93033647)
(98520, 0.93032967)
(338371, 0.93032959)
(345071, 0.9303295)
(244538, 0.9303295)
(393871, 0.93032942)
(442, 0.93032942)
(378225, 0.93032263)
(203660, 0.93032254)
(215519, 0.93032254)
(306279, 0.93032246)
(33638, 0.93032246)
(331688, 0.93032246)
(419740, 0.93032246)
(88543, 0.93032246)
(408545, 0.93031558)
(160134, 0.9303155)
(316129, 0.93030854)
(410627, 0.93030845)
(131094, 0.93030141)
(154171, 0.92923002)
(78351, 0.92923002)
(399675, 0.92923002)
(166520, 0.92923002)
(187736, 0.92922306)
(327295, 0.92922306)
(135040, 0.92922298)
(240513, 0.9292161)
(195253, 0.9292161)
(227592, 0.92921602)
(257309, 0.92921593)
(231065, 0.92920914)
(284026, 0.92920914)
(229794, 0.92920914)
(398588, 0.92920914)
(169733, 0.92920914)
(93727, 0.92920906)
(316533, 0.92920906)
(81472, 0.92920906)
(172827, 0.92920906)
(100191, 0.92920906)
(416978, 0.92920906)
(271811, 0.92920906)
(363814, 0.92920897)
(274633, 0.92920897)
(205538, 0.92920218)
(402734, 0.92920218)
(40664, 0.9292021)
(138996, 0.9292021)
(296466, 0.9292021)
(128788, 0.9292021)
(180199, 0.92920201)
(194992, 0.92920201)
(392301, 0.92920201)
(380725, 0.92920201)
(358589, 0.92920201)
(102999, 0.92920201)
(60759, 0.92920201)
(102306, 0.92920201)
(187762, 0.92920201)
(367402, 0.92920201)
(112992, 0.92920193)
(159756, 0.92920193)
(203416, 0.92919513)
(269506, 0.92919513)
(147433, 0.92919513)
(419050, 0.92919513)
(145813, 0.92919513)
(184224, 0.92919513)
(65923, 0.92919513)
(348390, 0.92919513)
(339455, 0.92919513)
(100104, 0.92919513)
(369807, 0.92919513)
(51189, 0.92919505)
(91900, 0.92919505)
(156298, 0.92919505)
(377897, 0.92919505)
(121027, 0.92919505)
(246748, 0.92919505)
(138608, 0.92919505)
(264371, 0.92919505)
(287344, 0.92919505)
(385616, 0.92919505)
(195678, 0.92919505)
(243978, 0.92919505)
(214753, 0.92919505)
(89129, 0.92919505)
(220318, 0.92919497)
(26964, 0.92919497)
(319462, 0.92919497)
(361758, 0.92918817)
(76119, 0.92918817)
(296778, 0.92918809)
(120870, 0.92918809)
(24278, 0.92918809)
(112479, 0.92918809)
(59595, 0.92918809)
(330944, 0.92918809)
(227437, 0.92918809)
(60713, 0.92918809)
(130312, 0.92918809)
(246351, 0.92918809)
(118575, 0.92918801)
(31938, 0.92918801)
(348495, 0.92918801)
(230689, 0.92918801)
(46580, 0.92918801)
(78990, 0.92918801)
(231618, 0.92918801)
(391148, 0.92918801)
(124349, 0.92918792)
(418178, 0.92918121)
(3253, 0.92918113)
(409823, 0.92918113)
(284121, 0.92918113)
(374695, 0.92918113)
(418525, 0.92918113)
(374177, 0.92918113)
(246720, 0.92918113)
(338754, 0.92918105)
(216852, 0.92918105)
(365773, 0.92918105)
(262935, 0.92918105)
(240874, 0.92918105)
(4050, 0.92918105)
(84367, 0.92918105)
(336177, 0.92918105)
(190140, 0.92918105)
(153763, 0.92918105)
(259318, 0.92918105)
(386308, 0.92918105)
(362669, 0.92918105)
(197408, 0.92917425)
(235677, 0.92917417)
(295893, 0.92917417)
(210096, 0.92917417)
(141972, 0.92917408)
(323673, 0.92917408)
(296028, 0.92917408)
(191075, 0.92917408)
(369319, 0.92917408)
(346128, 0.92917408)
(407448, 0.92917408)
(314468, 0.92917408)
(325972, 0.92917408)
(136318, 0.92917408)
(264020, 0.92917408)
(169882, 0.92917408)
(260849, 0.92917408)
(173060, 0.92917408)
(107845, 0.92917408)
(182857, 0.92917408)
(3526, 0.92917408)
(23786, 0.929174)
(344263, 0.929174)
(56211, 0.929174)
(16305, 0.929174)
(25159, 0.929174)
(140269, 0.929174)
(55662, 0.929174)
(167567, 0.92917392)
(114510, 0.92917392)
(48513, 0.92916721)
(30330, 0.92916712)
(260994, 0.92916712)
(238798, 0.92916712)
(271217, 0.92916712)
(199832, 0.92916712)
(336338, 0.92916712)
(120206, 0.92916712)
(15600, 0.92916712)
(12264, 0.92916712)
(21766, 0.92916704)
(18030, 0.92916704)
(22319, 0.92916704)
(201418, 0.92916704)
(296320, 0.92916704)
(266799, 0.92916704)
(242934, 0.92916704)
(137684, 0.92916704)
(394626, 0.92916704)
(307689, 0.92916704)
(151513, 0.92916704)
(209763, 0.92916704)
(344015, 0.92916696)
(56806, 0.92916696)
(98492, 0.92916024)
(117155, 0.92916016)
(285759, 0.92916016)
(327793, 0.92916016)
(81739, 0.92916008)
(357229, 0.92916008)
(145086, 0.92916008)
(396449, 0.92916008)
(245190, 0.92916008)
(252792, 0.92916008)
(389406, 0.92916008)
(319653, 0.92916008)
(108987, 0.92916008)
(376656, 0.92916008)
(241076, 0.92916008)
(36640, 0.92916)
(300026, 0.92916)
(210835, 0.92916)
(330855, 0.92916)
(37740, 0.92916)
(417622, 0.92916)
(319250, 0.92916)
(82989, 0.92916)
(159569, 0.92916)
(22108, 0.9291532)
(380866, 0.92915312)
(308240, 0.92915312)
(210850, 0.92915312)
(398955, 0.92915312)
(258776, 0.92915312)
(179761, 0.92915312)
(146844, 0.92915312)
(161572, 0.92915303)
(226356, 0.92915303)
(287972, 0.92915303)
(274856, 0.92915303)
(128281, 0.92915303)
(374431, 0.92915303)
(61827, 0.92915295)
(357962, 0.92915295)
(174435, 0.92915295)
(136472, 0.92914607)
(185217, 0.92914607)
(44491, 0.92914599)
(222019, 0.92914599)
(348942, 0.92914599)
(223205, 0.92913911)
(360148, 0.92913215)
(252753, 0.92913215)
(224787, 0.92913207)
(129726, 0.92913207)
(68571, 0.92805355)
(161672, 0.92804667)
(236263, 0.92804659)
(166421, 0.92804659)
(240580, 0.92804659)
(10050, 0.92804659)
(45789, 0.92804659)
(103625, 0.92804651)
(375005, 0.92803963)
(196066, 0.92803963)
(2693, 0.92803963)
(362520, 0.92803955)
(148548, 0.92803955)
(349151, 0.92803955)
(116230, 0.92803955)
(161137, 0.92803267)
(170196, 0.92803259)
(392919, 0.9280325)
(94250, 0.9280325)
(79762, 0.92802571)
(144463, 0.92802571)
(343593, 0.92802571)
(74647, 0.92802571)
(318637, 0.92802562)
(302641, 0.92802562)
(96378, 0.92802562)
(122610, 0.92802562)
(313601, 0.92802562)
(293390, 0.92802562)
(201960, 0.92802562)
(208709, 0.92802554)
(18038, 0.92802554)
(17570, 0.92802554)
(273022, 0.92802554)
(230775, 0.92802554)
(333315, 0.92802554)
(373315, 0.92802554)
(190294, 0.92802554)
(360300, 0.92802546)
(146062, 0.92801866)
(83349, 0.92801866)
(219576, 0.92801866)
(300716, 0.92801866)
(75281, 0.92801866)
(358614, 0.92801866)
(238561, 0.92801858)
(314996, 0.92801858)
(200925, 0.92801858)
(75998, 0.92801858)
(279615, 0.92801858)
(185753, 0.92801858)
(90694, 0.92801858)
(20559, 0.92801858)
(294943, 0.92801858)
(20497, 0.92801858)
(262048, 0.92801858)
(276745, 0.92801858)
(10151, 0.92801858)
(35889, 0.92801858)
(13678, 0.9280185)
(54740, 0.9280117)
(168897, 0.9280117)
(41537, 0.9280117)
(245247, 0.9280117)
(368838, 0.9280117)
(18656, 0.92801162)
(250768, 0.92801162)
(348322, 0.92801162)
(103998, 0.92801162)
(280272, 0.92801162)
(200798, 0.92801162)
(144479, 0.92801162)
(95997, 0.92801162)
(86749, 0.92801162)
(82286, 0.92801154)
(21002, 0.92801154)
(344396, 0.92801154)
(244223, 0.92801154)
(72916, 0.92801154)
(399130, 0.92801154)
(79411, 0.92801154)
(93743, 0.92801145)
(347513, 0.92800474)
(218754, 0.92800474)
(198995, 0.92800474)
(210589, 0.92800474)
(391204, 0.92800474)
(305042, 0.92800466)
(363349, 0.92800466)
(357011, 0.92800466)
(54714, 0.92800466)
(354972, 0.92800466)
(235623, 0.92800466)
(21133, 0.92800466)
(303495, 0.92800466)
(108219, 0.92800466)
(221760, 0.92800466)
(281850, 0.92800466)
(357136, 0.92800466)
(5598, 0.92800457)
(49185, 0.92800457)
(359497, 0.92800457)
(268941, 0.92800457)
(216584, 0.92800457)
(339944, 0.92800457)
(180924, 0.92800457)
(355087, 0.92800457)
(380763, 0.92800457)
(291609, 0.92800457)
(36435, 0.92800449)
(19976, 0.92800449)
(295420, 0.92800449)
(251008, 0.92800449)
(302829, 0.92800449)
(43848, 0.92800449)
(25503, 0.92800449)
(229615, 0.92799778)
(333897, 0.9279977)
(324439, 0.92799761)
(384213, 0.92799761)
(163359, 0.92799761)
(9968, 0.92799761)
(157651, 0.92799761)
(384982, 0.92799761)
(108004, 0.92799761)
(137232, 0.92799761)
(92289, 0.92799761)
(167815, 0.92799761)
(90966, 0.92799761)
(124449, 0.92799761)
(31825, 0.92799761)
(386940, 0.92799761)
(6901, 0.92799761)
(357693, 0.92799761)
(322826, 0.92799761)
(35181, 0.92799753)
(393556, 0.92799753)
(106895, 0.92799753)
(345442, 0.92799753)
(232450, 0.92799753)
(124702, 0.92799753)
(285376, 0.92799753)
(322464, 0.92799753)
(262960, 0.92799753)
(356622, 0.92799753)
(1058, 0.92799753)
(115331, 0.92799753)
(35523, 0.92799745)
(10785, 0.92799073)
(102461, 0.92799073)
(414008, 0.92799073)
(181033, 0.92799065)
(168397, 0.92799065)
(324926, 0.92799065)
(396353, 0.92799065)
(325869, 0.92799065)
(190926, 0.92799065)
(253041, 0.92799065)
(19616, 0.92799065)
(371685, 0.92799065)
(211310, 0.92799065)
(152231, 0.92799057)
(163323, 0.92799057)
(113497, 0.92799057)
(69635, 0.92799057)
(151521, 0.92799057)
(132506, 0.92799057)
(187264, 0.92799057)
(208298, 0.92799057)
(78975, 0.92798377)
(378975, 0.92798369)
(365242, 0.92798369)
(202169, 0.92798369)
(225220, 0.92798361)
(222306, 0.92798361)
(91648, 0.92798361)
(365629, 0.92798361)
(292551, 0.92798361)
(187885, 0.92798352)
(322860, 0.92798352)
(42188, 0.92798352)
(408329, 0.92798352)
(155796, 0.92798352)
(151067, 0.92798352)
(199497, 0.92798352)
(161495, 0.92798352)
(338942, 0.92798352)
(247024, 0.92797673)
(256399, 0.92797673)
(313477, 0.92797673)
(131308, 0.92797673)
(167924, 0.92797665)
(318721, 0.92797665)
(179230, 0.92797665)
(104254, 0.92797665)
(234583, 0.92797665)
(254494, 0.92797665)
(228102, 0.92797665)
(302892, 0.92797665)
(82479, 0.92797665)
(171944, 0.92797665)
(186754, 0.92797656)
(292233, 0.92797656)
(28821, 0.92797656)
(314750, 0.92797656)
(77974, 0.92797648)
(27045, 0.92797648)
(214439, 0.92797648)
(346973, 0.92796968)
(147697, 0.9279696)
(183792, 0.9279696)
(226602, 0.9279696)
(243264, 0.9279696)
(57171, 0.9279696)
(269435, 0.92796952)
(189950, 0.92796952)
(414397, 0.92796952)
(412600, 0.92796952)
(182467, 0.92796264)
(186142, 0.92796264)
(21599, 0.92796264)
(368288, 0.92796264)
(146371, 0.92796256)
(73063, 0.92796256)
(25751, 0.92796256)
(24375, 0.92796256)
(267391, 0.92796256)
(92610, 0.92796247)
(101626, 0.9279556)
(99403, 0.9279556)
(18973, 0.9279556)
(85031, 0.92795551)
(131415, 0.92795551)
(337897, 0.92795551)
(345098, 0.92794864)
(119252, 0.92794864)
(308349, 0.92794864)
(324132, 0.92794167)
(256153, 0.92793455)
(105711, 0.92689805)
(354825, 0.92689109)
(326199, 0.9268702)
(11802, 0.92687012)
(404330, 0.92687012)
(299395, 0.92687004)
(307661, 0.92686316)
(12260, 0.92686308)
(362990, 0.92686308)
(151636, 0.9268562)
(80352, 0.9268562)
(47168, 0.92685612)
(160398, 0.92685612)
(271168, 0.92685612)
(186518, 0.92684915)
(221812, 0.92684907)
(318195, 0.92684907)
(221056, 0.92684907)
(160082, 0.92684228)
(323957, 0.92684219)
(61394, 0.92684219)
(47849, 0.92684219)
(313493, 0.92684219)
(5525, 0.92684219)
(299103, 0.92684219)
(378283, 0.92684211)
(207232, 0.92684211)
(65334, 0.92684211)
(9561, 0.92684211)
(11056, 0.92684211)
(148251, 0.92684211)
(65819, 0.92684211)
(102595, 0.92684211)
(176335, 0.92684211)
(237890, 0.92684211)
(318865, 0.92684211)
(215937, 0.92684203)
(5479, 0.92683531)
(361079, 0.92683523)
(183610, 0.92683523)
(254613, 0.92683523)
(128654, 0.92683523)
(419394, 0.92683515)
(136671, 0.92683515)
(50312, 0.92683515)
(84616, 0.92683515)
(322256, 0.92683515)
(237874, 0.92683515)
(198445, 0.92683507)
(50028, 0.92683507)
(238272, 0.92682827)
(283094, 0.92682819)
(3990, 0.92682819)
(278267, 0.92682819)
(377554, 0.92682819)
(143410, 0.92682819)
(360435, 0.92682819)
(308416, 0.92682819)
(322555, 0.92682819)
(12577, 0.9268281)
(218291, 0.9268281)
(118622, 0.9268281)
(57386, 0.9268281)
(91446, 0.9268281)
(18648, 0.9268281)
(344020, 0.9268281)
(184664, 0.92682802)
(399370, 0.92682123)
(63898, 0.92682123)
(133029, 0.92682123)
(78296, 0.92682123)
(67606, 0.92682123)
(141184, 0.92682123)
(342931, 0.92682123)
(372466, 0.92682123)
(153197, 0.92682123)
(216292, 0.92682123)
(288655, 0.92682114)
(27438, 0.92682114)
(150183, 0.92682114)
(166376, 0.92682114)
(319549, 0.92682114)
(353847, 0.92682114)
(351677, 0.92682114)
(242689, 0.92682114)
(140846, 0.92682114)
(283704, 0.92682114)
(29999, 0.92682114)
(302885, 0.92682114)
(407314, 0.92682106)
(324365, 0.92682106)
(44324, 0.92682106)
(30464, 0.92682106)
(327669, 0.92682106)
(311449, 0.92682106)
(73161, 0.92682106)
(383930, 0.92682098)
(702, 0.92681426)
(254745, 0.92681426)
(60867, 0.92681426)
(194356, 0.92681418)
(297087, 0.92681418)
(386453, 0.92681418)
(346146, 0.92681418)
(317643, 0.92681418)
(272658, 0.92681418)
(261660, 0.92681418)
(342767, 0.92681418)
(409894, 0.92681418)
(289115, 0.92681418)
(253365, 0.9268141)
(165171, 0.9268141)
(55609, 0.9268141)
(331422, 0.9268141)
(372103, 0.9268141)
(23695, 0.9268141)
(92129, 0.9268141)
(11046, 0.92681402)
(291672, 0.92681402)
(416649, 0.9268073)
(31995, 0.92680722)
(339293, 0.92680722)
(382144, 0.92680722)
(237618, 0.92680722)
(289069, 0.92680722)
(139145, 0.92680722)
(420347, 0.92680722)
(42216, 0.92680722)
(163511, 0.92680722)
(98154, 0.92680722)
(15992, 0.92680714)
(333039, 0.92680714)
(168210, 0.92680705)
(21690, 0.92680705)
(228628, 0.92680705)
(244808, 0.92680705)
(342074, 0.92680705)
(360953, 0.92680034)
(71040, 0.92680018)
(52561, 0.92680018)
(228468, 0.92680018)
(199117, 0.92680018)
(29582, 0.92680018)
(318694, 0.92680018)
(312811, 0.92680018)
(75741, 0.92680009)
(275819, 0.92680009)
(86734, 0.92680009)
(356759, 0.92680009)
(296380, 0.92680009)
(210935, 0.92680009)
(72803, 0.92680009)
(26407, 0.92680009)
(52908, 0.92680001)
(305979, 0.92680001)
(418320, 0.92680001)
(212575, 0.92680001)
(256246, 0.92679338)
(26199, 0.92679321)
(302329, 0.92679321)
(90995, 0.92679321)
(329021, 0.92679313)
(356010, 0.92679313)
(76222, 0.92678625)
(115764, 0.92678625)
(295247, 0.92678625)
(339035, 0.92678625)
(240520, 0.92678625)
(393946, 0.92678617)
(357572, 0.92678617)
(225889, 0.92678617)
(349722, 0.92678617)
(47696, 0.92678617)
(338147, 0.92678617)
(94912, 0.92678617)
(316670, 0.92678609)
(147835, 0.92678609)
(369735, 0.92677921)
(99746, 0.92677921)
(17060, 0.92677921)
(118369, 0.92677913)
(112505, 0.92677233)
(52558, 0.92677216)
(153321, 0.92677216)
(380759, 0.92677208)
(411493, 0.92675824)
(34460, 0.92675111)
(274619, 0.92570757)
(93581, 0.92570061)
(328476, 0.92568661)
(319983, 0.92567973)
(306015, 0.92567964)
(340700, 0.92567956)
(133993, 0.92567277)
(185734, 0.92567268)
(153855, 0.92567268)
(57497, 0.9256726)
(90468, 0.92566572)
(139752, 0.92566572)
(369535, 0.92566572)
(355415, 0.92566572)
(286853, 0.92566564)
(297122, 0.92566564)
(334228, 0.92566564)
(150049, 0.92566564)
(23919, 0.92566556)
(310063, 0.92565876)
(49915, 0.92565876)
(73446, 0.92565876)
(149954, 0.92565876)
(388579, 0.92565868)
(62557, 0.92565868)
(80051, 0.92565868)
(25222, 0.92565868)
(184008, 0.92565868)
(141306, 0.92565868)
(18569, 0.92565868)
(353193, 0.92565859)
(332108, 0.92565859)
(24939, 0.92565859)
(40728, 0.92565859)
(89243, 0.9256518)
(56293, 0.92565172)
(264292, 0.92565172)
(255264, 0.92565172)
(28547, 0.92565172)
(250123, 0.92565172)
(94006, 0.92565172)
(201382, 0.92565172)
(33210, 0.92565172)
(214855, 0.92565172)
(159804, 0.92565163)
(154543, 0.92565163)
(54729, 0.92565163)
(128242, 0.92565163)
(161851, 0.92565163)
(339855, 0.92565163)
(251942, 0.92565163)
(149798, 0.92565163)
(270187, 0.92565163)
(106664, 0.92565163)
(81369, 0.92565163)
(198663, 0.92564475)
(76964, 0.92564475)
(265685, 0.92564475)
(199158, 0.92564475)
(322684, 0.92564475)
(66414, 0.92564475)
(188582, 0.92564467)
(396872, 0.92564467)
(11904, 0.92564467)
(190097, 0.92564467)
(305098, 0.92564467)
(5469, 0.92564467)
(305588, 0.92564467)
(342335, 0.92564459)
(276868, 0.92564459)
(94173, 0.92564459)
(162858, 0.92564459)
(405793, 0.92563779)
(411099, 0.92563779)
(278790, 0.92563779)
(91635, 0.92563771)
(128706, 0.92563771)
(212566, 0.92563771)
(234392, 0.92563771)
(329515, 0.92563771)
(351796, 0.92563771)
(11042, 0.92563771)
(394803, 0.92563771)
(57600, 0.92563763)
(50594, 0.92563763)
(409139, 0.92563763)
(3311, 0.92563763)
(57528, 0.92563763)
(82481, 0.92563763)
(100450, 0.92563754)
(220067, 0.92563075)
(390145, 0.92563075)
(127938, 0.92563075)
(272949, 0.92563075)
(415390, 0.92563075)
(198959, 0.92563075)
(27939, 0.92563075)
(27859, 0.92563075)
(131545, 0.92563075)
(88137, 0.92563067)
(173466, 0.92563067)
(315806, 0.92563067)
(112309, 0.92563067)
(378890, 0.92563067)
(303293, 0.92563067)
(367073, 0.92563067)
(122576, 0.92563067)
(113744, 0.92563067)
(231903, 0.92563067)
(318632, 0.92563067)
(81829, 0.92563067)
(105372, 0.92563067)
(74763, 0.92563067)
(385209, 0.92563067)
(167435, 0.92563058)
(410995, 0.92563058)
(206017, 0.92563058)
(332300, 0.92563058)
(413671, 0.92562379)
(6620, 0.92562371)
(414732, 0.92562371)
(76238, 0.92562371)
(205711, 0.92562371)
(141669, 0.92562371)
(275731, 0.92562371)
(227835, 0.92562371)
(413139, 0.92562371)
(334653, 0.92562371)
(176391, 0.92562362)
(419714, 0.92562362)
(398520, 0.92562362)
(41805, 0.92562362)
(390248, 0.92562362)
(138591, 0.92562362)
(224981, 0.92562354)
(361817, 0.92562354)
(310833, 0.92561683)
(225466, 0.92561683)
(242562, 0.92561674)
(399363, 0.92561674)
(405307, 0.92561674)
(231983, 0.92561666)
(290004, 0.92561666)
(76926, 0.92561666)
(123075, 0.92561666)
(108361, 0.92561666)
(216828, 0.92561666)
(367710, 0.92561658)
(261666, 0.92561658)
(301688, 0.92561658)
(272710, 0.92561658)
(174669, 0.92560978)
(354090, 0.9256097)
(82034, 0.9256097)
(387807, 0.92560962)
(365338, 0.92560962)
(186980, 0.92560282)
(10169, 0.92560274)
(327735, 0.92560266)
(226095, 0.92560266)
(293649, 0.92560257)
(372408, 0.92560257)
(211059, 0.92559578)
(128401, 0.92559578)
(169426, 0.92559569)
(238846, 0.92559569)
(276874, 0.92559569)
(105118, 0.92559569)
(321910, 0.92559569)
(219674, 0.92559553)
(401608, 0.92558882)
(35611, 0.92558873)
(47973, 0.92558865)
(316838, 0.92558169)
(273052, 0.92558169)
(351649, 0.92557464)
(313199, 0.92556768)
(35103, 0.92452414)
(391600, 0.92451022)
(98839, 0.92451014)
(243138, 0.92450326)
(125192, 0.92450326)
(295595, 0.92450317)
(64902, 0.92450317)
(207797, 0.92450309)
(398820, 0.9244963)
(328950, 0.92449621)
(69899, 0.92449621)
(89130, 0.92449613)
(64886, 0.92449613)
(214885, 0.92448933)
(345132, 0.92448925)
(301118, 0.92448925)
(317386, 0.92448925)
(209470, 0.92448917)
(196357, 0.92448917)
(108613, 0.92448917)
(144674, 0.92448917)
(385633, 0.92448917)
(2136, 0.92448917)
(171409, 0.92448917)
(378612, 0.92448909)
(349934, 0.92448229)
(76555, 0.92448221)
(153117, 0.92448221)
(90276, 0.92448221)
(384782, 0.92448221)
(117560, 0.92448221)
(407606, 0.92447533)
(188658, 0.92447525)
(319534, 0.92447525)
(19857, 0.92447525)
(330581, 0.92447525)
(244618, 0.92447525)
(360840, 0.92447516)
(154915, 0.92447516)
(161887, 0.92447516)
(332521, 0.92447516)
(196171, 0.92447516)
(340967, 0.92447516)
(152280, 0.92447516)
(58747, 0.92447508)
(79304, 0.92447508)
(20787, 0.92446837)
(65579, 0.92446837)
(387737, 0.92446828)
(212271, 0.92446828)
(52697, 0.92446828)
(124589, 0.92446828)
(108596, 0.92446828)
(321351, 0.9244682)
(284131, 0.9244682)
(47966, 0.9244682)
(146047, 0.9244682)
(412887, 0.9244682)
(238609, 0.9244682)
(179898, 0.9244682)
(267224, 0.92446812)
(375985, 0.92446812)
(153615, 0.92446812)
(116599, 0.92446812)
(56416, 0.92446812)
(365095, 0.92446132)
(38250, 0.92446132)
(335732, 0.92446132)
(36371, 0.92446132)
(212308, 0.92446124)
(373268, 0.92446124)
(216271, 0.92446124)
(120276, 0.92446124)
(297902, 0.92446124)
(89747, 0.92446116)
(325886, 0.92445436)
(244896, 0.92445428)
(353700, 0.92445428)
(61761, 0.92445428)
(357256, 0.92445428)
(342823, 0.9244542)
(284618, 0.9244542)
(82280, 0.9244542)
(332628, 0.9244542)
(412861, 0.9244542)
(120858, 0.9244542)
(102347, 0.9244542)
(235893, 0.9244542)
(175052, 0.9244542)
(119589, 0.9244542)
(242133, 0.92445411)
(143994, 0.92444732)
(192663, 0.92444732)
(96881, 0.92444732)
(26253, 0.92444732)
(201806, 0.92444723)
(27480, 0.92444723)
(353846, 0.92444723)
(288995, 0.92444723)
(52974, 0.92444723)
(138336, 0.92444723)
(163906, 0.92444723)
(119130, 0.92444723)
(307373, 0.92444715)
(241224, 0.92444715)
(365684, 0.92444715)
(156611, 0.92444715)
(321437, 0.92444715)
(259991, 0.92444715)
(281040, 0.92444715)
(127666, 0.92444707)
(397259, 0.92444707)
(2211, 0.92444036)
(91332, 0.92444019)
(137804, 0.92444019)
(171454, 0.92444019)
(370284, 0.92444019)
(146690, 0.92444019)
(173013, 0.92444011)
(149978, 0.92443339)
(843, 0.92443331)
(296176, 0.92443331)
(126089, 0.92443323)
(52562, 0.92443323)
(77205, 0.92443323)
(330672, 0.92443323)
(360079, 0.92443323)
(90599, 0.92443323)
(341882, 0.92443323)
(147585, 0.92443315)
(254980, 0.92443315)
(179055, 0.92442635)
(146392, 0.92442635)
(200545, 0.92442627)
(229675, 0.92442627)
(98787, 0.92442627)
(244700, 0.92442618)
(309331, 0.9244261)
(77314, 0.92441931)
(241182, 0.92441922)
(168423, 0.92441914)
(364229, 0.92441914)
(50449, 0.92441914)
(243214, 0.92441906)
(198576, 0.92441226)
(208519, 0.92441226)
(97774, 0.92441218)
(236052, 0.92440522)
(397200, 0.92439817)
(148384, 0.92438425)
(49656, 0.92334767)
(370442, 0.92334063)
(222887, 0.9233267)
(99591, 0.92331974)
(57135, 0.92331974)
(338560, 0.92331974)
(361702, 0.92331974)
(112586, 0.92331966)
(353113, 0.92331278)
(102055, 0.92331278)
(267882, 0.9233127)
(134109, 0.9233127)
(299578, 0.92331261)
(69350, 0.92330582)
(68033, 0.92330582)
(51473, 0.92330582)
(22540, 0.92330574)
(40705, 0.92330574)
(10748, 0.92330574)
(366339, 0.92330574)
(135371, 0.92330565)
(234832, 0.92329894)
(46620, 0.92329878)
(402909, 0.92329878)
(145791, 0.92329878)
(122949, 0.92329878)
(82764, 0.92329869)
(332672, 0.92329869)
(228814, 0.9232919)
(95170, 0.92329181)
(363373, 0.92329181)
(21736, 0.92329181)
(311049, 0.92329181)
(43431, 0.92329173)
(18124, 0.92329173)
(332227, 0.92329173)
(32780, 0.92329173)
(116129, 0.92329173)
(97830, 0.92329173)
(277233, 0.92329165)
(54348, 0.92328494)
(236, 0.92328494)
(66006, 0.92328485)
(326775, 0.92328485)
(370163, 0.92328469)
(392346, 0.92328469)
(63968, 0.92328469)
(417986, 0.92328469)
(226732, 0.92328469)
(288157, 0.9232846)
(250796, 0.9232846)
(396481, 0.92327789)
(382689, 0.92327789)
(236773, 0.92327781)
(282637, 0.92327781)
(410810, 0.92327781)
(156247, 0.92327781)
(417097, 0.92327781)
(123963, 0.92327781)
(335933, 0.92327773)
(92804, 0.92327773)
(399037, 0.92327773)
(265025, 0.92327773)
(375955, 0.92327773)
(72313, 0.92327773)
(30567, 0.92327773)
(157970, 0.92327773)
(157831, 0.92327773)
(82009, 0.92327764)
(379857, 0.92327764)
(290535, 0.92327764)
(40584, 0.92327085)
(297730, 0.92327085)
(73654, 0.92327085)
(387230, 0.92327085)
(85242, 0.92327076)
(321992, 0.92327076)
(254538, 0.92327076)
(276447, 0.92327076)
(17486, 0.92327076)
(301599, 0.92327076)
(401972, 0.92327068)
(21890, 0.92327068)
(349106, 0.92327068)
(132448, 0.92327068)
(417023, 0.92327068)
(320372, 0.9232638)
(245704, 0.9232638)
(384804, 0.92326372)
(141308, 0.92326372)
(272011, 0.92326372)
(384150, 0.92326364)
(106654, 0.92326364)
(131273, 0.92326364)
(380904, 0.92326364)
(95871, 0.92325692)
(75017, 0.92325692)
(197723, 0.92325684)
(203317, 0.92325684)
(81979, 0.92325684)
(215837, 0.92325676)
(233974, 0.92325676)
(288277, 0.92325668)
(92232, 0.92325668)
(246398, 0.92324971)
(63159, 0.92324971)
(237959, 0.92324971)
(173377, 0.92324963)
(384436, 0.92324284)
(373759, 0.92324275)
(280734, 0.92324275)
(187909, 0.92324267)
(156966, 0.92324267)
(386492, 0.92324259)
(205545, 0.92323596)
(107798, 0.92323587)
(317894, 0.92323579)
(44882, 0.92323579)
(278413, 0.92323571)
(159067, 0.92323571)
(140355, 0.92322875)
(168909, 0.92322875)
(150633, 0.92322875)
(237692, 0.92322179)
(32070, 0.92322179)
(56418, 0.92320786)
(354734, 0.92215023)
(230994, 0.92214327)
(177533, 0.92213631)
(113786, 0.92213631)
(46071, 0.92213623)
(383797, 0.92213623)
(127270, 0.92213623)
(278378, 0.92213614)
(307769, 0.92212935)
(30596, 0.92212927)
(50587, 0.92212927)
(176840, 0.92212927)
(92826, 0.92212918)
(83558, 0.9221223)
(114064, 0.9221223)
(251617, 0.92212222)
(412547, 0.92212222)
(98832, 0.92211534)
(201394, 0.92211534)
(279765, 0.92211526)
(322100, 0.92211526)
(38620, 0.92211526)
(79046, 0.92211518)
(222964, 0.92210838)
(336784, 0.92210838)
(358437, 0.92210838)
(396947, 0.9221083)
(265796, 0.9221083)
(113991, 0.9221083)
(165175, 0.9221083)
(381435, 0.9221083)
(150741, 0.92210822)
(183477, 0.92210813)
(131793, 0.92210134)
(205935, 0.92210134)
(96646, 0.92210134)
(323446, 0.92210134)
(203449, 0.92210125)
(50452, 0.92210125)
(290361, 0.92210125)
(342453, 0.92210125)
(60858, 0.92209454)
(87722, 0.92209438)
(248785, 0.92209438)
(40857, 0.92209438)
(19297, 0.92209429)
(64107, 0.92209429)
(306105, 0.92209429)
(24532, 0.92209429)
(195063, 0.92209429)
(41495, 0.92209421)
(418264, 0.92209421)
(236398, 0.92209421)
(209809, 0.92208741)
(225991, 0.92208733)
(99303, 0.92208733)
(217763, 0.92208733)
(404104, 0.92208725)
(298479, 0.92208717)
(113510, 0.92208717)
(330947, 0.92208717)
(160926, 0.92208037)
(49990, 0.92208037)
(107539, 0.92208029)
(212866, 0.92208029)
(323994, 0.92208029)
(178826, 0.9220802)
(318754, 0.9220802)
(10779, 0.92207341)
(86407, 0.92207333)
(216452, 0.92207333)
(44070, 0.92207333)
(282812, 0.92207333)
(90893, 0.92207324)
(318396, 0.92207324)
(412461, 0.92205949)
(338652, 0.92205924)
(334193, 0.92205236)
(337393, 0.92205228)
(81954, 0.9220454)
(417217, 0.92203819)
(381483, 0.92202435)
(291703, 0.9209668)
(197642, 0.92095984)
(4899, 0.92095296)
(23541, 0.9209528)
(252554, 0.9209528)
(255532, 0.9209528)
(318618, 0.92095263)
(169056, 0.92094592)
(30399, 0.92094592)
(238564, 0.92094583)
(140599, 0.92094575)
(235578, 0.92094575)
(158043, 0.92094575)
(339210, 0.92093879)
(139648, 0.92093879)
(382967, 0.92093879)
(359871, 0.92093879)
(241779, 0.92093199)
(35950, 0.92093191)
(360956, 0.92093183)
(99786, 0.92093183)
(300546, 0.92093183)
(293657, 0.92093175)
(211863, 0.92093175)
(331045, 0.92092495)
(345203, 0.92092487)
(86633, 0.92092487)
(372196, 0.92092487)
(400259, 0.92092487)
(281448, 0.92092487)
(157169, 0.92092478)
(254739, 0.92092478)
(94888, 0.92092478)
(200588, 0.92092478)
(196179, 0.92092478)
(108453, 0.9209247)
(263227, 0.9209247)
(111087, 0.92091791)
(51794, 0.92091791)
(300655, 0.92091782)
(196623, 0.92091782)
(397801, 0.92091782)
(126032, 0.92091782)
(333495, 0.92091782)
(110066, 0.92091782)
(244953, 0.92091774)
(264078, 0.92091094)
(95551, 0.92091086)
(407721, 0.92091086)
(343571, 0.92091078)
(262566, 0.92091078)
(105732, 0.92091078)
(17837, 0.92091078)
(159858, 0.92091078)
(126853, 0.92091078)
(204739, 0.92091078)
(186476, 0.92091078)
(206940, 0.9209107)
(396810, 0.92090398)
(340986, 0.9209039)
(199788, 0.92090382)
(402323, 0.92090382)
(229275, 0.92089694)
(368123, 0.92089686)
(133008, 0.92089686)
(358709, 0.92089677)
(90271, 0.92089677)
(280995, 0.92089669)
(8102, 0.92089669)
(274695, 0.92088989)
(61689, 0.92088973)
(76634, 0.92088973)
(136453, 0.92088285)
(304352, 0.92088277)
(311234, 0.92088277)
(386355, 0.92088277)
(277670, 0.92087589)
(111629, 0.92087572)
(225853, 0.92086876)
(321100, 0.92086868)
(150256, 0.92084771)
(79312, 0.92084075)
(176861, 0.91979025)
(111670, 0.91978329)
(192934, 0.91978329)
(128076, 0.91977641)
(25861, 0.91977632)
(99244, 0.91976936)
(403437, 0.9197624)
(277661, 0.91976232)
(39955, 0.91976232)
(225374, 0.91976224)
(299329, 0.91976224)
(227149, 0.91975544)
(282293, 0.91975536)
(394077, 0.91975536)
(328094, 0.91975527)
(386645, 0.91975527)
(371589, 0.9197484)
(189871, 0.91974831)
(142770, 0.91974831)
(95978, 0.91974823)
(223333, 0.91974823)
(38760, 0.91974135)
(178590, 0.91973447)
(70344, 0.91973439)
(222752, 0.91973439)
(417885, 0.91973431)
(228902, 0.91972743)
(24031, 0.91972735)
(151940, 0.91972735)
(230818, 0.91972726)
(396888, 0.91972047)
(317112, 0.91972039)
(372265, 0.91971351)
(43874, 0.91971342)
(388007, 0.91971342)
(27878, 0.91971326)
(161489, 0.91969934)
(153092, 0.91969246)
(323108, 0.91968541)
(245850, 0.91968525)
(111565, 0.91967845)
(152238, 0.9186069)
(218323, 0.91860682)
(384506, 0.91858593)
(222574, 0.91858593)
(278700, 0.91857897)
(295890, 0.91857889)
(186523, 0.9185788)
(28701, 0.91857193)
(81131, 0.91857193)
(236950, 0.91857193)
(291895, 0.91857193)
(404744, 0.91857184)
(196795, 0.91857184)
(288144, 0.91857184)
(308635, 0.91856496)
(195265, 0.91856496)
(410625, 0.91856488)
(115069, 0.91856488)
(310129, 0.9185648)
(37776, 0.91855809)
(27945, 0.91855792)
(292166, 0.91855792)
(390000, 0.91855784)
(401663, 0.91855784)
(26830, 0.91855784)
(203442, 0.91855088)
(151754, 0.91855071)
(150470, 0.918544)
(416189, 0.918544)
(259933, 0.918544)
(395141, 0.91854391)
(59679, 0.91854391)
(135965, 0.91854391)
(390930, 0.91854391)
(389955, 0.91854383)
(399195, 0.91853695)
(42444, 0.91853679)
(391867, 0.91852999)
(94972, 0.91852974)
(289195, 0.9185159)
(297777, 0.91850902)
(330225, 0.91850894)
(85477, 0.91850894)
(373799, 0.91850886)
(255404, 0.91850886)
(193257, 0.91743034)
(19125, 0.91742347)
(340021, 0.91740946)
(247290, 0.9174093)
(102644, 0.91740242)
(367399, 0.91740242)
(80681, 0.91740233)
(177222, 0.91739554)
(33311, 0.91738858)
(416697, 0.91738849)
(400076, 0.91738849)
(156431, 0.91738849)
(69001, 0.91738841)
(183967, 0.91738153)
(118880, 0.91737457)
(59088, 0.91737449)
(244890, 0.91737449)
(290979, 0.91736057)
(264767, 0.91736048)
(56271, 0.91735352)
(244649, 0.91735344)
(206382, 0.91735336)
(240881, 0.91734656)
(5393, 0.91734648)
(197186, 0.91731855)
(118972, 0.91622595)
(89900, 0.91621898)
(302586, 0.91621202)
(226257, 0.91621194)
(25342, 0.91620481)
(276568, 0.91619802)
(233100, 0.91619785)
(378826, 0.91619089)
(92230, 0.91619089)
(265310, 0.91618418)
(58482, 0.91618401)
(186496, 0.91616305)
(386086, 0.9161628)
(190620, 0.91614904)
(227264, 0.91503564)
(161286, 0.91503547)
(267184, 0.91502851)
(352886, 0.91500066)
(199443, 0.91499362)
(280506, 0.91494456)
(73125, 0.91493768)
(351219, 0.91385212)
(58065, 0.91383099)
(105261, 0.91381715)
(321122, 0.9138101)
(165912, 0.91262659)
(357949, 0.91262659)
(405605, 0.91151302)
(164585, 0.91147805)
(117850, 0.91146421)
(52382, 0.911457)
(254825, 0.90913928)
