(6928, 0.93864179)
(352465, 0.93746532)
(49140, 0.93745836)
(12110, 0.93745836)
(272932, 0.93745139)
(108019, 0.93743739)
(371347, 0.93743731)
(53905, 0.93628885)
(92404, 0.93628189)
(148683, 0.93628189)
(320481, 0.9362818)
(103231, 0.93627492)
(54303, 0.93627492)
(382420, 0.93627484)
(198610, 0.93627484)
(210445, 0.93627484)
(184960, 0.93627484)
(135914, 0.93626788)
(340418, 0.93626788)
(193723, 0.93626788)
(35670, 0.93626788)
(39750, 0.93626788)
(94511, 0.93626788)
(388698, 0.93626788)
(31937, 0.93626788)
(156603, 0.93626788)
(215573, 0.93626092)
(158795, 0.93626084)
(258237, 0.93626084)
(45516, 0.93626084)
(212556, 0.93626084)
(412046, 0.93511238)
(274116, 0.93511238)
(243947, 0.93510541)
(405326, 0.93510541)
(416478, 0.93510541)
(146520, 0.93509845)
(307388, 0.93509845)
(13567, 0.93509837)
(67232, 0.93509837)
(182054, 0.93509837)
(81487, 0.93509837)
(188578, 0.93509837)
(15972, 0.93509837)
(283141, 0.93509837)
(67892, 0.93509837)
(123327, 0.93509149)
(367627, 0.93509149)
(184550, 0.93509149)
(94575, 0.93509141)
(345704, 0.93509141)
(245443, 0.93509141)
(161913, 0.93509141)
(338983, 0.93509141)
(84406, 0.93509141)
(300345, 0.93509141)
(266565, 0.93509141)
(339374, 0.93509141)
(308736, 0.93509141)
(294904, 0.93509141)
(384579, 0.93509141)
(118362, 0.93509141)
(98602, 0.93509141)
(166502, 0.93509133)
(267757, 0.93508453)
(168173, 0.93508445)
(151745, 0.93508445)
(238208, 0.93508445)
(10676, 0.93508445)
(182329, 0.93508445)
(177195, 0.93508445)
(297707, 0.93508437)
(376266, 0.93508437)
(333042, 0.93507749)
(251426, 0.9350774)
(390740, 0.93507044)
(3677, 0.93507036)
(88344, 0.93507036)
(218570, 0.93393591)
(81433, 0.93393591)
(329676, 0.93392894)
(244066, 0.93392894)
(254102, 0.93392894)
(106296, 0.93392894)
(174190, 0.93392886)
(249470, 0.93392886)
(287824, 0.93392198)
(212292, 0.93392198)
(74037, 0.93392198)
(187178, 0.93392198)
(240981, 0.93392198)
(294335, 0.93392198)
(312544, 0.93392198)
(240297, 0.93392198)
(217714, 0.9339219)
(214558, 0.9339219)
(120121, 0.9339219)
(140409, 0.9339219)
(66240, 0.9339219)
(163535, 0.9339219)
(273751, 0.9339219)
(344279, 0.9339219)
(116497, 0.9339219)
(409261, 0.9339219)
(270252, 0.93391502)
(48668, 0.93391502)
(343564, 0.93391502)
(358956, 0.93391502)
(357084, 0.93391502)
(193087, 0.93391502)
(318963, 0.93391502)
(210474, 0.93391494)
(228340, 0.93391494)
(253676, 0.93391494)
(341425, 0.93391494)
(336440, 0.93391494)
(252667, 0.93391494)
(94085, 0.93391494)
(109381, 0.93391494)
(191564, 0.93391494)
(163639, 0.93391494)
(410737, 0.93391494)
(187220, 0.93391494)
(110990, 0.93391494)
(130156, 0.93391494)
(180194, 0.93391494)
(223139, 0.93391494)
(159656, 0.93391494)
(128190, 0.93391494)
(391568, 0.93391494)
(165028, 0.93391494)
(255600, 0.93391494)
(31607, 0.93391494)
(25313, 0.93391486)
(234941, 0.93391486)
(115190, 0.93391486)
(135664, 0.93391486)
(190539, 0.93390806)
(220533, 0.93390798)
(112687, 0.93390798)
(157944, 0.93390798)
(143963, 0.93390798)
(315726, 0.93390798)
(260811, 0.93390798)
(351972, 0.93390798)
(153518, 0.93390798)
(379643, 0.93390798)
(45617, 0.93390798)
(87852, 0.93390798)
(296630, 0.93390798)
(142379, 0.93390798)
(185050, 0.93390798)
(305147, 0.93390798)
(59346, 0.93390798)
(34659, 0.93390798)
(263568, 0.93390798)
(194050, 0.93390798)
(155688, 0.93390798)
(64540, 0.93390798)
(157058, 0.93390789)
(76383, 0.93390789)
(112158, 0.93390789)
(116402, 0.93390789)
(286339, 0.93390789)
(313386, 0.93390789)
(44851, 0.93390789)
(179603, 0.93390789)
(150957, 0.9339011)
(156516, 0.93390102)
(409651, 0.93390102)
(383349, 0.93390102)
(135001, 0.93390102)
(63106, 0.93390102)
(287443, 0.93390102)
(263304, 0.93390102)
(388414, 0.93390102)
(156834, 0.93390102)
(39167, 0.93390093)
(240610, 0.93390093)
(148155, 0.93390093)
(190255, 0.93390093)
(220399, 0.93390093)
(73951, 0.93390093)
(257719, 0.93390093)
(63934, 0.93390093)
(317241, 0.93390093)
(15679, 0.93390093)
(156231, 0.93390093)
(395544, 0.93390093)
(363666, 0.93390093)
(131688, 0.93390093)
(91971, 0.93390093)
(262024, 0.93390093)
(86058, 0.93390085)
(33470, 0.93389405)
(176110, 0.93389397)
(310812, 0.93389397)
(98611, 0.93389397)
(292232, 0.93389397)
(110353, 0.93389397)
(370457, 0.93389397)
(15592, 0.93389397)
(230718, 0.93389397)
(187840, 0.93389397)
(38684, 0.93389397)
(66218, 0.93389389)
(304646, 0.93388701)
(20428, 0.93388693)
(96050, 0.93388693)
(254637, 0.93388693)
(7363, 0.93387997)
(11426, 0.93387997)
(415365, 0.933873)
(245608, 0.93275944)
(382594, 0.93275944)
(394372, 0.93275944)
(69079, 0.93275247)
(180008, 0.93275247)
(172739, 0.93275247)
(13998, 0.93275247)
(234620, 0.93275247)
(12026, 0.93275247)
(39308, 0.93275239)
(318819, 0.93275239)
(32022, 0.93274551)
(417861, 0.93274551)
(93734, 0.93274551)
(112122, 0.93274551)
(130659, 0.93274551)
(178767, 0.93274551)
(168160, 0.93274551)
(247248, 0.93274551)
(303580, 0.93274551)
(148990, 0.93274551)
(326257, 0.93274551)
(234083, 0.93274551)
(243444, 0.93274551)
(181363, 0.93274551)
(186207, 0.93274551)
(48002, 0.93274551)
(330870, 0.93274543)
(158690, 0.93274543)
(290932, 0.93274543)
(84582, 0.93274543)
(86347, 0.93274543)
(379403, 0.93274543)
(391403, 0.93274543)
(409823, 0.93273855)
(85018, 0.93273855)
(162284, 0.93273855)
(378762, 0.93273855)
(282717, 0.93273855)
(398406, 0.93273855)
(51310, 0.93273847)
(25885, 0.93273847)
(126179, 0.93273847)
(413225, 0.93273847)
(94561, 0.93273847)
(344058, 0.93273847)
(176690, 0.93273847)
(321535, 0.93273847)
(401826, 0.93273847)
(206280, 0.93273847)
(157272, 0.93273847)
(78468, 0.93273847)
(412624, 0.93273847)
(63519, 0.93273847)
(246692, 0.93273847)
(162689, 0.93273847)
(171173, 0.93273847)
(325025, 0.93273847)
(273429, 0.93273847)
(231711, 0.93273847)
(409681, 0.93273847)
(165259, 0.93273847)
(60431, 0.93273847)
(178266, 0.93273839)
(77360, 0.93273159)
(392081, 0.93273159)
(193634, 0.93273151)
(274421, 0.93273151)
(400305, 0.93273151)
(249692, 0.93273151)
(110650, 0.93273151)
(28692, 0.93273151)
(146048, 0.93273151)
(337463, 0.93273151)
(297353, 0.93273151)
(3245, 0.93273151)
(416442, 0.93273151)
(377142, 0.93273151)
(213261, 0.93273151)
(107861, 0.93273151)
(361239, 0.93273151)
(86679, 0.93273151)
(143999, 0.93273151)
(352287, 0.93273151)
(388249, 0.93273151)
(215612, 0.93273151)
(344020, 0.93273151)
(308883, 0.93273151)
(408658, 0.93273151)
(12537, 0.93273151)
(304689, 0.93273151)
(126073, 0.93273151)
(210273, 0.93273151)
(259478, 0.93273151)
(300026, 0.93273142)
(247393, 0.93273142)
(378062, 0.93273142)
(315314, 0.93273142)
(32333, 0.93273142)
(300163, 0.93273142)
(257618, 0.93273142)
(388466, 0.93273142)
(322880, 0.93273142)
(261669, 0.93273142)
(166665, 0.93273142)
(46588, 0.93273142)
(401717, 0.93272455)
(309304, 0.93272455)
(320128, 0.93272455)
(160753, 0.93272455)
(23894, 0.93272455)
(340478, 0.93272455)
(64198, 0.93272455)
(161130, 0.93272455)
(317550, 0.93272455)
(392113, 0.93272455)
(74419, 0.93272455)
(170856, 0.93272455)
(244227, 0.93272455)
(356577, 0.93272455)
(123550, 0.93272455)
(347146, 0.93272455)
(180556, 0.93272455)
(47958, 0.93272455)
(334762, 0.93272455)
(231074, 0.93272455)
(70360, 0.93272455)
(136411, 0.93272446)
(311015, 0.93272446)
(150964, 0.93272446)
(362938, 0.93272446)
(51111, 0.93272446)
(375550, 0.93272446)
(343800, 0.93272446)
(289769, 0.93272446)
(338866, 0.93272446)
(140499, 0.93272446)
(50108, 0.93272446)
(297484, 0.93272446)
(240489, 0.93272446)
(381244, 0.93272446)
(64405, 0.93272446)
(9460, 0.93272446)
(129064, 0.93272446)
(122970, 0.93272446)
(329495, 0.93272446)
(274946, 0.93271758)
(328247, 0.93271758)
(165280, 0.93271758)
(81693, 0.93271758)
(56667, 0.93271758)
(114455, 0.93271758)
(51715, 0.93271758)
(242366, 0.93271758)
(194670, 0.93271758)
(54018, 0.9327175)
(5572, 0.9327175)
(354585, 0.9327175)
(370636, 0.9327175)
(321984, 0.9327175)
(148592, 0.9327175)
(77851, 0.9327175)
(103347, 0.9327175)
(75393, 0.9327175)
(35805, 0.9327175)
(48031, 0.9327175)
(336348, 0.9327175)
(402828, 0.9327175)
(73927, 0.9327175)
(172755, 0.9327175)
(51622, 0.9327175)
(41543, 0.9327175)
(286741, 0.9327175)
(401507, 0.93271742)
(416159, 0.93271742)
(353602, 0.93271742)
(190046, 0.93271062)
(37457, 0.93271062)
(36949, 0.93271054)
(398288, 0.93271054)
(185792, 0.93271054)
(248224, 0.93271054)
(116889, 0.93271054)
(379261, 0.93271054)
(98437, 0.93271054)
(98728, 0.93271054)
(251733, 0.93271054)
(54761, 0.93271054)
(117314, 0.93271054)
(332881, 0.93271046)
(405534, 0.93271046)
(415170, 0.93271046)
(365747, 0.93271046)
(107328, 0.9327035)
(65799, 0.9327035)
(101678, 0.9327035)
(131094, 0.93269645)
(295667, 0.93268949)
(180199, 0.93159697)
(75998, 0.93158993)
(413035, 0.93158296)
(15754, 0.93158296)
(292962, 0.931576)
(152992, 0.931576)
(99144, 0.931576)
(371932, 0.93156912)
(262511, 0.93156904)
(74854, 0.93156904)
(192470, 0.93156904)
(48042, 0.93156904)
(143032, 0.93156904)
(54308, 0.93156904)
(401635, 0.93156904)
(133956, 0.93156904)
(364261, 0.93156896)
(306486, 0.93156896)
(403031, 0.93156896)
(212000, 0.93156896)
(49038, 0.93156896)
(414214, 0.93156896)
(180889, 0.93156896)
(150782, 0.93156896)
(201300, 0.93156208)
(206490, 0.93156208)
(255882, 0.93156208)
(65141, 0.93156208)
(407326, 0.93156208)
(32848, 0.93156208)
(332620, 0.93156208)
(285377, 0.93156208)
(166206, 0.93156208)
(114325, 0.931562)
(338001, 0.931562)
(135923, 0.931562)
(73916, 0.931562)
(338025, 0.931562)
(83775, 0.931562)
(131716, 0.931562)
(406439, 0.931562)
(212660, 0.931562)
(258618, 0.931562)
(302387, 0.931562)
(400484, 0.931562)
(391717, 0.931562)
(318001, 0.931562)
(346223, 0.931562)
(208728, 0.931562)
(206960, 0.931562)
(126940, 0.931562)
(93384, 0.931562)
(164765, 0.931562)
(106345, 0.931562)
(77633, 0.931562)
(7790, 0.931562)
(300231, 0.93156191)
(179658, 0.93156191)
(92168, 0.93156191)
(90712, 0.93156191)
(62171, 0.93155512)
(100310, 0.93155504)
(372594, 0.93155504)
(205713, 0.93155504)
(158008, 0.93155504)
(36760, 0.93155504)
(191646, 0.93155504)
(417542, 0.93155504)
(117567, 0.93155504)
(146245, 0.93155504)
(381301, 0.93155504)
(231355, 0.93155504)
(200434, 0.93155504)
(371389, 0.93155504)
(316461, 0.93155504)
(17227, 0.93155504)
(216908, 0.93155504)
(234574, 0.93155504)
(52055, 0.93155504)
(187384, 0.93155504)
(297683, 0.93155504)
(190972, 0.93155504)
(263396, 0.93155504)
(214940, 0.93155504)
(395289, 0.93155504)
(347227, 0.93155504)
(181933, 0.93155504)
(267209, 0.93155504)
(326237, 0.93155504)
(144537, 0.93155504)
(150144, 0.93155504)
(152188, 0.93155504)
(251092, 0.93155504)
(48151, 0.93155504)
(394026, 0.93155504)
(55960, 0.93155504)
(196499, 0.93155504)
(6712, 0.93155504)
(135686, 0.93155504)
(297072, 0.93155495)
(279030, 0.93155495)
(359497, 0.93155495)
(157856, 0.93155495)
(225878, 0.93155495)
(106350, 0.93155495)
(279779, 0.93155495)
(85122, 0.93155495)
(331512, 0.93155495)
(196100, 0.93155495)
(257078, 0.93155495)
(369107, 0.93154807)
(412440, 0.93154807)
(205433, 0.93154807)
(354490, 0.93154807)
(130291, 0.93154807)
(218057, 0.93154807)
(296028, 0.93154807)
(79749, 0.93154807)
(280844, 0.93154807)
(403598, 0.93154807)
(351923, 0.93154807)
(374406, 0.93154807)
(44436, 0.93154807)
(287679, 0.93154807)
(210674, 0.93154807)
(159337, 0.93154807)
(98620, 0.93154807)
(304053, 0.93154807)
(378161, 0.93154807)
(184318, 0.93154807)
(320708, 0.93154807)
(92895, 0.93154807)
(250930, 0.93154807)
(277504, 0.93154807)
(232299, 0.93154807)
(310466, 0.93154807)
(364068, 0.93154807)
(118807, 0.93154807)
(44787, 0.93154807)
(217152, 0.93154807)
(182561, 0.93154807)
(349310, 0.93154807)
(233931, 0.93154807)
(292089, 0.93154807)
(114511, 0.93154807)
(93220, 0.93154807)
(352781, 0.93154807)
(50749, 0.93154807)
(92507, 0.93154799)
(203150, 0.93154799)
(336326, 0.93154799)
(59451, 0.93154799)
(374613, 0.93154799)
(42649, 0.93154799)
(379792, 0.93154799)
(142633, 0.93154799)
(360527, 0.93154799)
(12045, 0.93154799)
(270103, 0.93154799)
(316379, 0.93154799)
(406157, 0.93154799)
(389643, 0.93154799)
(101442, 0.93154799)
(356178, 0.93154799)
(155466, 0.93154799)
(346480, 0.93154799)
(135879, 0.93154799)
(246261, 0.93154799)
(29048, 0.93154799)
(372722, 0.93154799)
(137553, 0.93154799)
(110744, 0.93154799)
(179997, 0.93154799)
(382834, 0.93154799)
(369982, 0.93154799)
(397077, 0.93154799)
(70493, 0.93154799)
(205480, 0.93154799)
(284608, 0.93154799)
(313086, 0.93154799)
(109513, 0.93154799)
(102252, 0.93154111)
(121390, 0.93154111)
(82239, 0.93154111)
(180769, 0.93154111)
(161450, 0.93154111)
(15375, 0.93154111)
(163490, 0.93154111)
(59989, 0.93154111)
(256691, 0.93154111)
(407952, 0.93154111)
(84213, 0.93154111)
(369542, 0.93154111)
(260434, 0.93154111)
(36367, 0.93154111)
(338967, 0.93154111)
(20515, 0.93154111)
(237373, 0.93154103)
(221814, 0.93154103)
(278793, 0.93154103)
(89345, 0.93154103)
(256547, 0.93154103)
(102257, 0.93154103)
(286882, 0.93154103)
(141921, 0.93154103)
(91635, 0.93154103)
(318486, 0.93154103)
(369038, 0.93154103)
(159537, 0.93154103)
(31334, 0.93154103)
(150332, 0.93154103)
(299304, 0.93154103)
(117218, 0.93154103)
(164680, 0.93154103)
(294473, 0.93154103)
(229090, 0.93154103)
(400736, 0.93154103)
(41119, 0.93154103)
(322639, 0.93154103)
(52209, 0.93154103)
(171269, 0.93154103)
(243979, 0.93154103)
(324649, 0.93154103)
(249481, 0.93154103)
(377480, 0.93154103)
(98963, 0.93154103)
(315594, 0.93154103)
(19754, 0.93154103)
(211157, 0.93154103)
(152668, 0.93154103)
(290127, 0.93154103)
(363914, 0.93154103)
(362595, 0.93154103)
(56679, 0.93154103)
(234801, 0.93154103)
(34780, 0.93154103)
(30584, 0.93154103)
(91630, 0.93154103)
(394852, 0.93154103)
(279483, 0.93154103)
(406080, 0.93154103)
(414399, 0.93154103)
(29778, 0.93154103)
(286267, 0.93154103)
(250780, 0.93154103)
(63630, 0.93154103)
(330561, 0.93154103)
(171495, 0.93154103)
(46372, 0.93154103)
(396906, 0.93154103)
(154733, 0.93154095)
(53057, 0.93154095)
(416766, 0.93154095)
(309540, 0.93154095)
(79213, 0.93154095)
(157289, 0.93154095)
(3612, 0.93154095)
(17513, 0.93154095)
(379091, 0.93154095)
(267778, 0.93153415)
(384015, 0.93153415)
(88333, 0.93153407)
(159952, 0.93153407)
(206948, 0.93153407)
(136653, 0.93153407)
(247093, 0.93153407)
(314326, 0.93153407)
(21117, 0.93153407)
(334952, 0.93153407)
(288235, 0.93153407)
(305262, 0.93153407)
(30633, 0.93153407)
(317587, 0.93153407)
(292653, 0.93153407)
(85196, 0.93153407)
(115047, 0.93153407)
(127328, 0.93153407)
(358943, 0.93153407)
(350265, 0.93153407)
(181676, 0.93153407)
(124972, 0.93153399)
(203660, 0.93153399)
(120841, 0.93153399)
(311099, 0.93153399)
(84286, 0.93153399)
(349260, 0.93153399)
(130656, 0.93153399)
(260046, 0.93153399)
(216072, 0.93153399)
(42421, 0.93153399)
(19064, 0.93153399)
(239555, 0.93153399)
(83966, 0.93153399)
(209346, 0.93153399)
(13560, 0.93153399)
(118398, 0.93153399)
(109212, 0.93153399)
(306425, 0.93152711)
(164436, 0.93152711)
(166158, 0.93152711)
(113338, 0.93152711)
(27356, 0.93152703)
(31010, 0.93152703)
(43044, 0.93152703)
(363857, 0.93152703)
(375499, 0.93152703)
(78124, 0.93152703)
(201576, 0.93152703)
(167085, 0.93152703)
(258649, 0.93152703)
(272871, 0.93152703)
(337663, 0.93152703)
(207570, 0.93152006)
(64992, 0.93152006)
(23044, 0.93151998)
(373926, 0.9315131)
(173574, 0.93151294)
(275819, 0.93151294)
(310604, 0.93150606)
(187926, 0.93149205)
(222267, 0.93040649)
(229711, 0.93039953)
(377593, 0.93039953)
(48163, 0.93039953)
(74659, 0.93039953)
(204975, 0.93039945)
(130438, 0.93039257)
(156062, 0.93039257)
(132211, 0.93039257)
(121636, 0.93039257)
(76291, 0.93039257)
(225118, 0.93039257)
(84087, 0.93039257)
(19239, 0.93039257)
(245492, 0.93039257)
(79091, 0.93039257)
(322147, 0.93039257)
(151615, 0.93039257)
(46426, 0.93039257)
(23055, 0.93039257)
(88688, 0.93039257)
(323050, 0.93039249)
(408610, 0.93039249)
(310897, 0.93039249)
(40182, 0.93039249)
(8080, 0.93038561)
(161699, 0.93038561)
(105899, 0.93038561)
(400855, 0.93038561)
(346956, 0.93038561)
(6337, 0.93038561)
(328064, 0.93038561)
(149009, 0.93038553)
(100821, 0.93038553)
(285918, 0.93038553)
(5649, 0.93038553)
(74997, 0.93038553)
(121429, 0.93038553)
(144267, 0.93038553)
(267204, 0.93038553)
(38608, 0.93038553)
(61170, 0.93038553)
(294460, 0.93038553)
(158305, 0.93038553)
(36134, 0.93038553)
(361706, 0.93038553)
(94902, 0.93038553)
(221033, 0.93038553)
(359164, 0.93038553)
(161013, 0.93038553)
(236379, 0.93038553)
(300011, 0.93038553)
(364167, 0.93038553)
(308084, 0.93038553)
(110809, 0.93038553)
(244686, 0.93038544)
(144306, 0.93038544)
(227208, 0.93037865)
(356484, 0.93037865)
(280570, 0.93037865)
(270491, 0.93037865)
(85045, 0.93037865)
(59978, 0.93037865)
(218976, 0.93037865)
(113718, 0.93037865)
(393106, 0.93037865)
(160983, 0.93037865)
(248786, 0.93037865)
(385997, 0.93037865)
(259356, 0.93037865)
(47304, 0.93037857)
(67917, 0.93037857)
(292375, 0.93037857)
(87087, 0.93037857)
(67194, 0.93037857)
(26024, 0.93037857)
(21658, 0.93037857)
(378431, 0.93037857)
(358193, 0.93037857)
(294091, 0.93037857)
(270235, 0.93037857)
(5349, 0.93037857)
(353236, 0.93037857)
(88506, 0.93037857)
(297576, 0.93037857)
(287464, 0.93037857)
(340014, 0.93037857)
(90019, 0.93037857)
(109474, 0.93037857)
(96732, 0.93037857)
(97067, 0.93037857)
(99356, 0.93037857)
(126184, 0.93037857)
(98208, 0.93037857)
(50764, 0.93037857)
(312305, 0.93037857)
(412357, 0.93037857)
(94792, 0.93037857)
(96216, 0.93037857)
(294169, 0.93037857)
(186200, 0.93037857)
(148897, 0.93037857)
(38800, 0.93037857)
(283132, 0.93037857)
(122874, 0.93037857)
(217300, 0.93037857)
(136451, 0.93037857)
(362138, 0.93037857)
(295799, 0.93037848)
(371107, 0.93037848)
(169985, 0.93037848)
(220772, 0.93037848)
(379865, 0.93037848)
(120874, 0.93037848)
(285679, 0.93037169)
(296691, 0.9303716)
(331234, 0.9303716)
(134469, 0.9303716)
(279432, 0.9303716)
(200790, 0.9303716)
(172616, 0.9303716)
(39946, 0.9303716)
(336788, 0.9303716)
(308636, 0.9303716)
(239430, 0.9303716)
(99930, 0.9303716)
(276816, 0.9303716)
(42414, 0.9303716)
(195925, 0.9303716)
(168906, 0.9303716)
(374661, 0.9303716)
(354482, 0.9303716)
(214172, 0.9303716)
(344949, 0.9303716)
(114955, 0.9303716)
(156027, 0.9303716)
(71161, 0.9303716)
(377202, 0.9303716)
(311275, 0.9303716)
(92781, 0.9303716)
(352002, 0.9303716)
(230863, 0.9303716)
(58581, 0.9303716)
(157162, 0.9303716)
(5525, 0.9303716)
(98240, 0.9303716)
(152040, 0.9303716)
(96920, 0.9303716)
(333905, 0.9303716)
(252186, 0.9303716)
(142802, 0.9303716)
(387477, 0.9303716)
(1668, 0.9303716)
(220176, 0.9303716)
(334740, 0.9303716)
(72953, 0.9303716)
(275923, 0.93037152)
(26983, 0.93037152)
(403320, 0.93037152)
(395535, 0.93037152)
(234068, 0.93037152)
(301301, 0.93037152)
(264883, 0.93037152)
(279454, 0.93037152)
(110356, 0.93037152)
(349623, 0.93037152)
(354420, 0.93037152)
(8708, 0.93037152)
(314484, 0.93037152)
(243, 0.93037152)
(4701, 0.93037152)
(322497, 0.93037152)
(180377, 0.93037152)
(147826, 0.93037152)
(367629, 0.93037152)
(315389, 0.93037152)
(73933, 0.93037152)
(412943, 0.93037152)
(139457, 0.93037152)
(412322, 0.93037152)
(105182, 0.93037152)
(332483, 0.93037152)
(313250, 0.93037144)
(49849, 0.93037144)
(287465, 0.93037144)
(57693, 0.93037144)
(24187, 0.93036473)
(20069, 0.93036473)
(265300, 0.93036464)
(59780, 0.93036464)
(172785, 0.93036464)
(66863, 0.93036464)
(50374, 0.93036464)
(313649, 0.93036464)
(210800, 0.93036464)
(395640, 0.93036464)
(248256, 0.93036464)
(67227, 0.93036464)
(304832, 0.93036464)
(51306, 0.93036464)
(338571, 0.93036464)
(132503, 0.93036464)
(110394, 0.93036464)
(333754, 0.93036464)
(320044, 0.93036464)
(57353, 0.93036464)
(172583, 0.93036464)
(235596, 0.93036464)
(301646, 0.93036464)
(2078, 0.93036456)
(158791, 0.93036456)
(36985, 0.93036456)
(221154, 0.93036456)
(146277, 0.93036456)
(417221, 0.93036456)
(92017, 0.93036456)
(76441, 0.93036456)
(104754, 0.93036456)
(100960, 0.93036456)
(95421, 0.93036456)
(282271, 0.93036456)
(208002, 0.93036456)
(273918, 0.93036456)
(172274, 0.93036456)
(114897, 0.93036456)
(177712, 0.93036456)
(331649, 0.93036456)
(124771, 0.93036456)
(393105, 0.93036456)
(357339, 0.93036456)
(406606, 0.93036456)
(220327, 0.93036456)
(4334, 0.93036456)
(232030, 0.93036456)
(169729, 0.93036456)
(147319, 0.93036456)
(357740, 0.93036456)
(401714, 0.93036456)
(416145, 0.93036456)
(267264, 0.93036456)
(65672, 0.93036456)
(304336, 0.93036456)
(340565, 0.93036456)
(55750, 0.93036456)
(281745, 0.93036456)
(220784, 0.93036456)
(409007, 0.93036456)
(208188, 0.93036456)
(26808, 0.93036456)
(12171, 0.93036456)
(146699, 0.93036456)
(271109, 0.93036456)
(60036, 0.93036456)
(125126, 0.93036456)
(364716, 0.93036456)
(411218, 0.93036448)
(333946, 0.93036448)
(184697, 0.93036448)
(53030, 0.93036448)
(92289, 0.93036448)
(377295, 0.93036448)
(258547, 0.93036448)
(378823, 0.93036448)
(72939, 0.93036448)
(43820, 0.93036448)
(65078, 0.93035768)
(120502, 0.93035768)
(334328, 0.93035768)
(334810, 0.93035768)
(337603, 0.93035768)
(14127, 0.93035768)
(146807, 0.93035768)
(144313, 0.9303576)
(246064, 0.9303576)
(250414, 0.9303576)
(328410, 0.9303576)
(50344, 0.9303576)
(335232, 0.9303576)
(291430, 0.9303576)
(252792, 0.9303576)
(416834, 0.9303576)
(218230, 0.9303576)
(41584, 0.9303576)
(355773, 0.9303576)
(395051, 0.9303576)
(362082, 0.9303576)
(245454, 0.9303576)
(270343, 0.9303576)
(275100, 0.9303576)
(180577, 0.9303576)
(315075, 0.9303576)
(98184, 0.9303576)
(188259, 0.9303576)
(79603, 0.9303576)
(200969, 0.9303576)
(286087, 0.9303576)
(418898, 0.9303576)
(352146, 0.9303576)
(117648, 0.9303576)
(256827, 0.9303576)
(303663, 0.9303576)
(152264, 0.9303576)
(292025, 0.9303576)
(244681, 0.93035752)
(274837, 0.93035752)
(389553, 0.93035752)
(40961, 0.93035752)
(345909, 0.93035752)
(334825, 0.93035752)
(331630, 0.93035752)
(130710, 0.93035752)
(166520, 0.93035752)
(284845, 0.93035752)
(154381, 0.93035752)
(203348, 0.93035752)
(34220, 0.93035752)
(336529, 0.93035752)
(105181, 0.93035072)
(204009, 0.93035072)
(197288, 0.93035072)
(396137, 0.93035072)
(405883, 0.93035064)
(352275, 0.93035064)
(391409, 0.93035064)
(114223, 0.93035064)
(138454, 0.93035064)
(239896, 0.93035064)
(31995, 0.93035064)
(376618, 0.93035064)
(138300, 0.93035064)
(383342, 0.93035064)
(167920, 0.93035064)
(331293, 0.93035064)
(60025, 0.93035064)
(232691, 0.93035064)
(145680, 0.93035064)
(61116, 0.93035064)
(252770, 0.93035064)
(50547, 0.93035064)
(167673, 0.93035064)
(95643, 0.93035064)
(158765, 0.93035055)
(257533, 0.93035055)
(67895, 0.93035055)
(371794, 0.93035055)
(45137, 0.93035055)
(221379, 0.93035055)
(10354, 0.93035055)
(343694, 0.93035055)
(376853, 0.93035055)
(298396, 0.93035055)
(19901, 0.93035055)
(414443, 0.93035055)
(49284, 0.93035055)
(119073, 0.93035055)
(132334, 0.93035047)
(73732, 0.93035047)
(161035, 0.93035047)
(258348, 0.93034368)
(114637, 0.93034368)
(125123, 0.93034368)
(100375, 0.93034368)
(196921, 0.93034368)
(91155, 0.93034368)
(373637, 0.93034359)
(299649, 0.93034359)
(247772, 0.93034359)
(291856, 0.93034359)
(95756, 0.93034359)
(336407, 0.93034359)
(248542, 0.93034359)
(288468, 0.93034359)
(315621, 0.93034359)
(36373, 0.93034359)
(173226, 0.93034351)
(419740, 0.93034351)
(180643, 0.93034351)
(29718, 0.93034351)
(209546, 0.93033663)
(309037, 0.93033663)
(55506, 0.93033663)
(401259, 0.93033655)
(149430, 0.93033655)
(144843, 0.93033655)
(327881, 0.93033655)
(108081, 0.93032959)
(330855, 0.9303295)
(290593, 0.93032263)
(99403, 0.93031558)
(253029, 0.9292161)
(346866, 0.9292161)
(411906, 0.9292161)
(158844, 0.9292161)
(158582, 0.9292161)
(271148, 0.9292161)
(117641, 0.9292161)
(344233, 0.9292161)
(101241, 0.9292161)
(374358, 0.92921602)
(310613, 0.92921602)
(270334, 0.92921602)
(376430, 0.92921602)
(384806, 0.92921602)
(250280, 0.92921602)
(388834, 0.92920914)
(375892, 0.92920914)
(168802, 0.92920914)
(54463, 0.92920914)
(378276, 0.92920914)
(414544, 0.92920914)
(10131, 0.92920914)
(383423, 0.92920914)
(230567, 0.92920914)
(123314, 0.92920914)
(62873, 0.92920914)
(91900, 0.92920906)
(227582, 0.92920906)
(1533, 0.92920906)
(375373, 0.92920906)
(177453, 0.92920906)
(204947, 0.92920906)
(47549, 0.92920906)
(267268, 0.92920906)
(258953, 0.92920906)
(220767, 0.92920906)
(202835, 0.92920906)
(170443, 0.92920906)
(153074, 0.92920906)
(293617, 0.92920906)
(264995, 0.92920218)
(40664, 0.92920218)
(372932, 0.92920218)
(184075, 0.92920218)
(318662, 0.92920218)
(208863, 0.92920218)
(186820, 0.9292021)
(93727, 0.9292021)
(44838, 0.9292021)
(186706, 0.9292021)
(167917, 0.9292021)
(269141, 0.9292021)
(195129, 0.9292021)
(206032, 0.9292021)
(125626, 0.9292021)
(360678, 0.9292021)
(225086, 0.9292021)
(108004, 0.9292021)
(272747, 0.9292021)
(390049, 0.9292021)
(29613, 0.9292021)
(20738, 0.9292021)
(69494, 0.9292021)
(6196, 0.9292021)
(225304, 0.9292021)
(112479, 0.9292021)
(87602, 0.9292021)
(102306, 0.9292021)
(79366, 0.9292021)
(244688, 0.9292021)
(332677, 0.9292021)
(191255, 0.9292021)
(108545, 0.9292021)
(393044, 0.9292021)
(246076, 0.9292021)
(331233, 0.9292021)
(92834, 0.9292021)
(391217, 0.9292021)
(4383, 0.9292021)
(319462, 0.9292021)
(330140, 0.9292021)
(184393, 0.9292021)
(359997, 0.9292021)
(10819, 0.9292021)
(26895, 0.9292021)
(277207, 0.9292021)
(353035, 0.9292021)
(273300, 0.9292021)
(328606, 0.9292021)
(240092, 0.9292021)
(315218, 0.9292021)
(330136, 0.9292021)
(330214, 0.9292021)
(342884, 0.9292021)
(216787, 0.92920201)
(262275, 0.92920201)
(392301, 0.92920201)
(332344, 0.92920201)
(183130, 0.92920201)
(56726, 0.92920201)
(78547, 0.92920201)
(98464, 0.92920201)
(56917, 0.92919522)
(240706, 0.92919513)
(79953, 0.92919513)
(359377, 0.92919513)
(182306, 0.92919513)
(38555, 0.92919513)
(262970, 0.92919513)
(318731, 0.92919513)
(360435, 0.92919513)
(415493, 0.92919513)
(235765, 0.92919513)
(314786, 0.92919513)
(265581, 0.92919513)
(412313, 0.92919513)
(30271, 0.92919513)
(393901, 0.92919513)
(291809, 0.92919513)
(7759, 0.92919513)
(192322, 0.92919513)
(83309, 0.92919513)
(213279, 0.92919513)
(288354, 0.92919513)
(202139, 0.92919513)
(247274, 0.92919513)
(83702, 0.92919513)
(153291, 0.92919513)
(386932, 0.92919513)
(168170, 0.92919513)
(123302, 0.92919513)
(143017, 0.92919513)
(212746, 0.92919513)
(235669, 0.92919513)
(55064, 0.92919513)
(405663, 0.92919505)
(149295, 0.92919505)
(316533, 0.92919505)
(300067, 0.92919505)
(91616, 0.92919505)
(401527, 0.92919505)
(253874, 0.92919505)
(256358, 0.92919505)
(139646, 0.92919505)
(336915, 0.92919505)
(110348, 0.92919505)
(174906, 0.92919505)
(32226, 0.92919505)
(90481, 0.92919505)
(188630, 0.92919505)
(312849, 0.92919505)
(7505, 0.92919505)
(328138, 0.92919505)
(284006, 0.92919505)
(15144, 0.92919505)
(309125, 0.92919505)
(223458, 0.92919505)
(169193, 0.92919505)
(112352, 0.92919505)
(6901, 0.92919505)
(192826, 0.92919505)
(88543, 0.92919505)
(3576, 0.92919505)
(335214, 0.92919505)
(57266, 0.92919505)
(79283, 0.92919505)
(381189, 0.92919505)
(130036, 0.92919505)
(46160, 0.92919505)
(261235, 0.92919505)
(363480, 0.92919505)
(281040, 0.92919497)
(7895, 0.92918826)
(299218, 0.92918826)
(185309, 0.92918826)
(373195, 0.92918826)
(71582, 0.92918817)
(30755, 0.92918817)
(30330, 0.92918817)
(418421, 0.92918817)
(37630, 0.92918817)
(326964, 0.92918817)
(372756, 0.92918817)
(313100, 0.92918817)
(133884, 0.92918817)
(154347, 0.92918817)
(336338, 0.92918817)
(179990, 0.92918817)
(347246, 0.92918817)
(354164, 0.92918817)
(239364, 0.92918817)
(417194, 0.92918817)
(71586, 0.92918817)
(4707, 0.92918817)
(109520, 0.92918817)
(81510, 0.92918817)
(57683, 0.92918817)
(259770, 0.92918817)
(141754, 0.92918817)
(30057, 0.92918817)
(343261, 0.92918817)
(37273, 0.92918809)
(248506, 0.92918809)
(196871, 0.92918809)
(243860, 0.92918809)
(156298, 0.92918809)
(383338, 0.92918809)
(402035, 0.92918809)
(49185, 0.92918809)
(340146, 0.92918809)
(119668, 0.92918809)
(272861, 0.92918809)
(87769, 0.92918809)
(230022, 0.92918809)
(32701, 0.92918809)
(406343, 0.92918809)
(194979, 0.92918809)
(128489, 0.92918809)
(205874, 0.92918809)
(268236, 0.92918809)
(18294, 0.92918809)
(299183, 0.92918809)
(145967, 0.92918809)
(116080, 0.92918809)
(380970, 0.92918809)
(237096, 0.92918809)
(412326, 0.92918809)
(19923, 0.92918809)
(272281, 0.92918809)
(370005, 0.92918809)
(530, 0.92918809)
(170814, 0.92918809)
(56800, 0.92918809)
(111921, 0.92918809)
(338938, 0.92918809)
(88154, 0.92918809)
(356703, 0.92918809)
(387519, 0.92918809)
(84280, 0.92918809)
(301474, 0.92918809)
(280490, 0.92918809)
(170364, 0.92918809)
(77353, 0.92918801)
(227973, 0.92918801)
(212314, 0.92918801)
(10309, 0.92918801)
(389941, 0.92918801)
(161807, 0.92918801)
(373522, 0.92918801)
(115595, 0.92918801)
(391652, 0.92918801)
(354223, 0.92918121)
(20878, 0.92918121)
(129860, 0.92918121)
(239239, 0.92918121)
(384063, 0.92918121)
(210004, 0.92918121)
(113481, 0.92918121)
(76803, 0.92918113)
(188387, 0.92918113)
(394537, 0.92918113)
(356497, 0.92918113)
(324926, 0.92918113)
(64712, 0.92918113)
(376506, 0.92918113)
(395312, 0.92918113)
(183761, 0.92918113)
(5998, 0.92918113)
(43268, 0.92918113)
(242042, 0.92918113)
(296922, 0.92918113)
(171479, 0.92918113)
(333446, 0.92918113)
(305947, 0.92918113)
(5367, 0.92918113)
(412707, 0.92918113)
(171853, 0.92918113)
(368288, 0.92918113)
(274001, 0.92918113)
(206450, 0.92918113)
(283800, 0.92918113)
(20497, 0.92918113)
(302190, 0.92918113)
(6893, 0.92918113)
(115427, 0.92918113)
(81643, 0.92918113)
(14923, 0.92918113)
(229029, 0.92918113)
(345780, 0.92918113)
(25110, 0.92918113)
(113195, 0.92918113)
(328378, 0.92918113)
(33795, 0.92918113)
(258318, 0.92918113)
(94082, 0.92918113)
(179022, 0.92918113)
(371568, 0.92918113)
(193984, 0.92918113)
(261084, 0.92918113)
(166085, 0.92918113)
(197051, 0.92918113)
(158540, 0.92918113)
(5830, 0.92918113)
(48598, 0.92918113)
(396409, 0.92918113)
(276278, 0.92918113)
(334387, 0.92918105)
(385035, 0.92918105)
(349901, 0.92918105)
(54461, 0.92918105)
(111447, 0.92918105)
(339220, 0.92918105)
(297328, 0.92918105)
(278633, 0.92918105)
(275244, 0.92918105)
(315444, 0.92918105)
(218723, 0.92918105)
(384554, 0.92918105)
(119331, 0.92918105)
(89072, 0.92918105)
(25159, 0.92918105)
(108309, 0.92918105)
(85676, 0.92918105)
(304410, 0.92918105)
(177828, 0.92918105)
(108606, 0.92918105)
(325101, 0.92918105)
(192332, 0.92918105)
(202477, 0.92917425)
(237618, 0.92917425)
(189300, 0.92917425)
(115042, 0.92917417)
(34644, 0.92917417)
(155228, 0.92917417)
(242217, 0.92917417)
(303583, 0.92917417)
(381228, 0.92917417)
(395977, 0.92917417)
(60356, 0.92917417)
(338371, 0.92917417)
(63403, 0.92917417)
(78583, 0.92917417)
(39517, 0.92917417)
(265149, 0.92917417)
(316040, 0.92917417)
(139845, 0.92917417)
(339879, 0.92917417)
(296610, 0.92917417)
(292264, 0.92917417)
(227437, 0.92917417)
(321761, 0.92917417)
(29858, 0.92917417)
(113285, 0.92917417)
(94912, 0.92917417)
(240520, 0.92917417)
(171683, 0.92917417)
(24749, 0.92917408)
(248308, 0.92917408)
(186980, 0.92917408)
(224875, 0.92917408)
(284968, 0.92917408)
(253061, 0.92917408)
(151646, 0.92917408)
(141263, 0.92917408)
(336687, 0.92917408)
(90673, 0.92917408)
(378072, 0.92917408)
(148939, 0.92917408)
(122702, 0.92917408)
(257569, 0.92917408)
(127721, 0.92917408)
(289495, 0.929174)
(296340, 0.92916721)
(392162, 0.92916721)
(392335, 0.92916721)
(285759, 0.92916721)
(285720, 0.92916721)
(158931, 0.92916721)
(165015, 0.92916721)
(406257, 0.92916721)
(156565, 0.92916721)
(205396, 0.92916721)
(175942, 0.92916712)
(192231, 0.92916712)
(319597, 0.92916712)
(131442, 0.92916712)
(280787, 0.92916712)
(264347, 0.92916712)
(61827, 0.92916712)
(87121, 0.92916712)
(118416, 0.92916712)
(192212, 0.92916712)
(305884, 0.92916712)
(96229, 0.92916712)
(117252, 0.92916712)
(321194, 0.92916712)
(241076, 0.92916712)
(398454, 0.92916712)
(350006, 0.92916712)
(153321, 0.92916712)
(239071, 0.92916712)
(91002, 0.92916712)
(355616, 0.92916704)
(363740, 0.92916704)
(331688, 0.92916704)
(146332, 0.92916704)
(403801, 0.92916704)
(219935, 0.92916704)
(98561, 0.92916024)
(314785, 0.92916016)
(286395, 0.92916016)
(146223, 0.92916016)
(18835, 0.92916016)
(364229, 0.92916016)
(282647, 0.92916016)
(291220, 0.92916016)
(85478, 0.92916016)
(260517, 0.92916008)
(316129, 0.92916008)
(122323, 0.92916008)
(88171, 0.92916008)
(268891, 0.92916008)
(33638, 0.92916)
(227679, 0.92916)
(234844, 0.92916)
(173943, 0.9291532)
(115722, 0.92915312)
(261507, 0.92915312)
(81541, 0.92915312)
(413671, 0.92914616)
(357136, 0.92914616)
(346341, 0.92914607)
(28821, 0.92913911)
(351606, 0.92913911)
(120971, 0.92913223)
(186518, 0.92804659)
(274619, 0.92804659)
(134109, 0.92804659)
(396161, 0.92804659)
(357871, 0.92803963)
(189881, 0.92803963)
(8482, 0.92803963)
(402151, 0.92803955)
(317376, 0.92803955)
(107316, 0.92803955)
(296618, 0.92803955)
(223554, 0.92803955)
(5475, 0.92803267)
(55818, 0.92803267)
(282239, 0.92803267)
(301807, 0.92803267)
(267324, 0.92803267)
(330639, 0.92803267)
(31938, 0.92803259)
(280272, 0.92803259)
(116096, 0.92803259)
(344063, 0.92803259)
(252096, 0.92803259)
(132581, 0.92803259)
(309781, 0.92803259)
(216093, 0.92803259)
(216611, 0.92803259)
(87350, 0.92803259)
(63274, 0.92803259)
(16935, 0.92803259)
(239564, 0.92803259)
(254062, 0.9280325)
(51455, 0.9280325)
(161137, 0.92802571)
(333897, 0.92802571)
(205004, 0.92802571)
(46595, 0.92802571)
(121013, 0.92802571)
(412587, 0.92802571)
(189536, 0.92802571)
(195253, 0.92802571)
(67083, 0.92802571)
(322644, 0.92802571)
(233837, 0.92802562)
(352953, 0.92802562)
(191208, 0.92802562)
(194820, 0.92802562)
(390763, 0.92802562)
(212624, 0.92802562)
(333465, 0.92802562)
(171762, 0.92802562)
(54290, 0.92802562)
(112299, 0.92802562)
(88180, 0.92802562)
(182651, 0.92802562)
(302829, 0.92802562)
(81383, 0.92802562)
(328557, 0.92802562)
(391636, 0.92802562)
(10939, 0.92802562)
(210630, 0.92802562)
(330944, 0.92802562)
(154741, 0.92802562)
(132588, 0.92802562)
(220177, 0.92802562)
(226200, 0.92802562)
(71905, 0.92802562)
(218890, 0.92802554)
(9017, 0.92802554)
(167435, 0.92802554)
(135215, 0.92802554)
(84367, 0.92802554)
(416978, 0.92802554)
(340537, 0.92802554)
(395970, 0.92802554)
(271689, 0.92802554)
(163787, 0.92802554)
(23211, 0.92802554)
(398588, 0.92801875)
(67437, 0.92801875)
(339959, 0.92801875)
(365671, 0.92801866)
(2982, 0.92801866)
(82026, 0.92801866)
(349621, 0.92801866)
(381699, 0.92801866)
(371901, 0.92801866)
(235658, 0.92801866)
(383656, 0.92801866)
(56211, 0.92801866)
(305482, 0.92801866)
(373341, 0.92801866)
(307428, 0.92801866)
(129721, 0.92801866)
(200351, 0.92801866)
(165342, 0.92801866)
(110623, 0.92801866)
(181626, 0.92801866)
(31041, 0.92801866)
(385461, 0.92801866)
(84616, 0.92801866)
(418426, 0.92801866)
(389414, 0.92801866)
(368398, 0.92801866)
(322012, 0.92801866)
(107697, 0.92801866)
(183452, 0.92801866)
(142333, 0.92801866)
(381941, 0.92801866)
(202324, 0.92801858)
(17467, 0.92801858)
(410259, 0.92801858)
(2145, 0.92801858)
(35604, 0.92801858)
(21690, 0.92801858)
(226707, 0.92801858)
(293650, 0.92801858)
(187732, 0.92801858)
(408426, 0.92801858)
(412126, 0.92801858)
(325229, 0.92801858)
(43671, 0.92801858)
(358589, 0.92801858)
(170025, 0.92801858)
(192498, 0.92801858)
(232150, 0.92801858)
(319864, 0.92801858)
(285442, 0.92801858)
(195063, 0.92801858)
(246597, 0.92801858)
(407728, 0.9280185)
(3807, 0.9280185)
(159756, 0.9280185)
(272859, 0.9280185)
(393018, 0.9280185)
(149501, 0.92801178)
(42584, 0.9280117)
(191381, 0.9280117)
(340701, 0.9280117)
(362920, 0.9280117)
(215519, 0.9280117)
(400715, 0.9280117)
(259378, 0.9280117)
(94414, 0.9280117)
(199163, 0.9280117)
(33273, 0.9280117)
(412781, 0.9280117)
(361511, 0.9280117)
(257830, 0.9280117)
(54439, 0.9280117)
(224576, 0.9280117)
(345511, 0.9280117)
(97129, 0.9280117)
(246014, 0.9280117)
(21915, 0.9280117)
(28474, 0.9280117)
(184027, 0.9280117)
(290007, 0.9280117)
(367109, 0.9280117)
(288338, 0.9280117)
(122811, 0.9280117)
(79320, 0.9280117)
(7257, 0.9280117)
(160379, 0.9280117)
(55591, 0.92801162)
(137804, 0.92801162)
(320015, 0.92801162)
(94556, 0.92801162)
(311304, 0.92801162)
(395851, 0.92801162)
(137245, 0.92801162)
(10682, 0.92801162)
(59011, 0.92801162)
(379533, 0.92801162)
(139534, 0.92801162)
(408114, 0.92801162)
(418997, 0.92801162)
(126175, 0.92801162)
(54169, 0.92801162)
(175808, 0.92801162)
(108497, 0.92801162)
(47588, 0.92801162)
(356214, 0.92801162)
(207151, 0.92801162)
(141817, 0.92801162)
(131906, 0.92801162)
(209394, 0.92801162)
(226211, 0.92801154)
(24180, 0.92801154)
(417745, 0.92801154)
(163323, 0.92801154)
(6280, 0.92801154)
(114348, 0.92801154)
(12161, 0.92801154)
(179207, 0.92800474)
(197040, 0.92800474)
(170686, 0.92800474)
(147011, 0.92800474)
(368653, 0.92800474)
(73051, 0.92800474)
(102803, 0.92800474)
(33071, 0.92800474)
(324334, 0.92800474)
(51034, 0.92800474)
(3105, 0.92800474)
(261416, 0.92800474)
(61333, 0.92800474)
(157295, 0.92800474)
(177203, 0.92800474)
(105204, 0.92800474)
(253302, 0.92800474)
(386469, 0.92800466)
(62827, 0.92800466)
(308240, 0.92800466)
(419132, 0.92800466)
(321682, 0.92800466)
(19854, 0.92800466)
(112043, 0.92800466)
(234445, 0.92800466)
(371490, 0.92800466)
(229361, 0.92800466)
(224518, 0.92800466)
(221576, 0.92800466)
(270622, 0.92800466)
(372616, 0.92800466)
(106562, 0.92800466)
(56359, 0.92800466)
(269787, 0.92800466)
(105459, 0.92800466)
(417557, 0.92800466)
(274910, 0.92800466)
(338138, 0.92800466)
(31825, 0.92800466)
(309792, 0.92800466)
(105978, 0.92800466)
(350340, 0.92800466)
(94799, 0.92800466)
(290094, 0.92800466)
(76497, 0.92800466)
(310447, 0.92800466)
(217312, 0.92800466)
(173060, 0.92800466)
(108498, 0.92800466)
(220348, 0.92800466)
(340104, 0.92800466)
(136774, 0.92800466)
(48844, 0.92800466)
(177856, 0.92800466)
(121549, 0.92800466)
(49697, 0.92800466)
(89784, 0.92800466)
(38780, 0.92800466)
(344015, 0.92800457)
(52583, 0.92800457)
(55008, 0.92800457)
(244808, 0.92800457)
(336177, 0.92800457)
(92201, 0.92800457)
(77003, 0.92800457)
(406857, 0.92800457)
(326005, 0.92800457)
(24708, 0.92800457)
(120751, 0.92800457)
(274285, 0.92800457)
(399598, 0.92800457)
(371789, 0.92800457)
(384035, 0.92800457)
(378225, 0.92799778)
(14033, 0.92799778)
(203987, 0.92799778)
(7926, 0.92799778)
(263754, 0.92799778)
(146638, 0.92799778)
(52220, 0.9279977)
(79383, 0.9279977)
(333916, 0.9279977)
(80528, 0.9279977)
(89366, 0.9279977)
(79746, 0.9279977)
(233215, 0.9279977)
(384878, 0.9279977)
(370990, 0.9279977)
(156112, 0.9279977)
(38924, 0.9279977)
(21996, 0.9279977)
(180369, 0.9279977)
(366874, 0.9279977)
(379400, 0.9279977)
(323366, 0.9279977)
(37799, 0.9279977)
(70147, 0.9279977)
(94699, 0.9279977)
(204453, 0.9279977)
(223403, 0.9279977)
(190730, 0.9279977)
(130793, 0.9279977)
(380301, 0.9279977)
(271930, 0.9279977)
(124640, 0.9279977)
(128762, 0.9279977)
(341257, 0.9279977)
(323112, 0.9279977)
(231585, 0.9279977)
(91116, 0.9279977)
(172258, 0.9279977)
(26951, 0.92799761)
(352223, 0.92799761)
(153079, 0.92799761)
(167765, 0.92799761)
(154543, 0.92799761)
(150606, 0.92799761)
(246114, 0.92799761)
(390051, 0.92799761)
(298610, 0.92799761)
(392315, 0.92799761)
(195369, 0.92799761)
(251169, 0.92799761)
(128754, 0.92799761)
(240851, 0.92799761)
(340911, 0.92799761)
(343333, 0.92799761)
(172965, 0.92799761)
(20356, 0.92799761)
(166796, 0.92799761)
(50612, 0.92799761)
(50645, 0.92799761)
(204665, 0.92799761)
(347741, 0.92799761)
(162075, 0.92799073)
(149451, 0.92799073)
(6479, 0.92799073)
(3361, 0.92799073)
(344185, 0.92799073)
(373010, 0.92799073)
(151696, 0.92799073)
(184971, 0.92799073)
(250948, 0.92799073)
(87578, 0.92799073)
(403899, 0.92799073)
(379443, 0.92799073)
(76538, 0.92799073)
(162941, 0.92799073)
(278749, 0.92799073)
(338969, 0.92799073)
(262988, 0.92799073)
(270329, 0.92799065)
(188281, 0.92799065)
(43154, 0.92799065)
(266680, 0.92799065)
(43274, 0.92799065)
(13457, 0.92799065)
(395405, 0.92799065)
(257446, 0.92799065)
(169116, 0.92799065)
(3974, 0.92799065)
(55924, 0.92799065)
(102391, 0.92799065)
(33700, 0.92799065)
(94000, 0.92799065)
(8515, 0.92799065)
(13289, 0.92799065)
(166772, 0.92799065)
(334815, 0.92799065)
(157590, 0.92799065)
(305256, 0.92799065)
(190550, 0.92799065)
(208055, 0.92799065)
(36640, 0.92799057)
(190080, 0.92799057)
(418408, 0.92799057)
(56856, 0.92799057)
(47774, 0.92799057)
(160240, 0.92799057)
(197755, 0.92799057)
(79988, 0.92799057)
(45552, 0.92799057)
(242571, 0.92799057)
(292551, 0.92799057)
(225034, 0.92798386)
(414732, 0.92798377)
(48513, 0.92798377)
(275493, 0.92798377)
(76173, 0.92798369)
(259217, 0.92798369)
(397330, 0.92798369)
(204791, 0.92798369)
(265658, 0.92798369)
(102408, 0.92798369)
(308956, 0.92798369)
(341607, 0.92798369)
(92825, 0.92798369)
(275773, 0.92798369)
(387667, 0.92798369)
(396837, 0.92798369)
(354369, 0.92798369)
(294844, 0.92798361)
(112309, 0.92798361)
(252928, 0.92798361)
(317658, 0.92798361)
(231946, 0.92798361)
(334780, 0.92798361)
(153868, 0.92798361)
(305072, 0.92798361)
(134239, 0.92798352)
(410627, 0.92798352)
(65319, 0.92797673)
(56943, 0.92797673)
(49181, 0.92797673)
(229477, 0.92797665)
(335905, 0.92797665)
(320619, 0.92797665)
(59698, 0.92797665)
(94438, 0.92797665)
(267391, 0.92797665)
(92526, 0.92797665)
(269000, 0.92797656)
(361584, 0.92796977)
(76374, 0.92796968)
(24375, 0.9279696)
(317419, 0.92796256)
(201132, 0.92687012)
(116168, 0.92686316)
(200127, 0.92686316)
(171409, 0.9268562)
(69798, 0.9268562)
(306460, 0.9268562)
(297845, 0.9268562)
(250835, 0.9268562)
(161298, 0.9268562)
(78488, 0.9268562)
(262944, 0.9268562)
(165079, 0.92685612)
(209527, 0.92685612)
(242376, 0.92685612)
(214855, 0.92685612)
(260033, 0.92685612)
(11207, 0.92685612)
(189807, 0.92684924)
(112949, 0.92684924)
(269518, 0.92684924)
(93753, 0.92684924)
(293390, 0.92684924)
(115714, 0.92684924)
(284414, 0.92684924)
(74895, 0.92684915)
(55776, 0.92684915)
(87693, 0.92684915)
(80051, 0.92684915)
(200925, 0.92684915)
(147433, 0.92684915)
(198343, 0.92684915)
(362192, 0.92684915)
(96378, 0.92684915)
(333315, 0.92684915)
(331686, 0.92684915)
(56164, 0.92684915)
(248711, 0.92684915)
(278364, 0.92684915)
(256942, 0.92684915)
(38862, 0.92684915)
(144543, 0.92684915)
(64973, 0.92684915)
(320587, 0.92684915)
(417301, 0.92684915)
(127666, 0.92684907)
(96330, 0.92684228)
(110513, 0.92684228)
(102725, 0.92684228)
(305839, 0.92684228)
(45787, 0.92684219)
(403433, 0.92684219)
(403308, 0.92684219)
(403709, 0.92684219)
(75281, 0.92684219)
(43637, 0.92684219)
(51655, 0.92684219)
(226749, 0.92684219)
(295004, 0.92684219)
(312687, 0.92684219)
(163098, 0.92684219)
(284051, 0.92684219)
(107845, 0.92684219)
(224202, 0.92684219)
(270075, 0.92684219)
(407032, 0.92684219)
(407459, 0.92684219)
(391182, 0.92684219)
(312408, 0.92684219)
(251959, 0.92684211)
(375830, 0.92684211)
(408056, 0.92684211)
(299900, 0.92684211)
(70475, 0.92684211)
(348691, 0.92684211)
(228885, 0.92684211)
(73854, 0.92684211)
(215532, 0.92684211)
(250731, 0.92684211)
(60759, 0.92684211)
(228925, 0.92684211)
(257293, 0.92684211)
(89921, 0.92684211)
(338560, 0.92684211)
(226987, 0.92684211)
(280434, 0.92684211)
(167678, 0.92684211)
(133500, 0.92684211)
(104684, 0.92683531)
(240513, 0.92683531)
(419929, 0.92683531)
(294212, 0.92683523)
(150734, 0.92683523)
(348062, 0.92683523)
(184197, 0.92683523)
(378786, 0.92683523)
(125192, 0.92683523)
(285001, 0.92683523)
(191783, 0.92683523)
(348390, 0.92683523)
(133773, 0.92683523)
(299103, 0.92683523)
(193217, 0.92683523)
(230296, 0.92683523)
(347256, 0.92683523)
(292246, 0.92683523)
(257859, 0.92683523)
(91777, 0.92683523)
(100575, 0.92683523)
(369807, 0.92683523)
(211788, 0.92683523)
(305026, 0.92683515)
(151020, 0.92683515)
(32441, 0.92683515)
(11972, 0.92683515)
(286932, 0.92683515)
(390272, 0.92683515)
(5123, 0.92683515)
(181494, 0.92683515)
(170196, 0.92683515)
(11046, 0.92683515)
(32592, 0.92683515)
(226428, 0.92683515)
(2146, 0.92683515)
(97434, 0.92683515)
(193370, 0.92683515)
(21002, 0.92683515)
(270107, 0.92683515)
(191284, 0.92683515)
(412232, 0.92683515)
(331374, 0.92683515)
(393086, 0.92683515)
(314465, 0.92683515)
(241574, 0.92683515)
(257896, 0.92683515)
(104468, 0.92683515)
(312241, 0.92683515)
(371197, 0.92683515)
(401096, 0.92683515)
(191947, 0.92683515)
(258855, 0.92683515)
(233267, 0.92683515)
(75869, 0.92683515)
(135040, 0.92683507)
(257128, 0.92682835)
(202752, 0.92682827)
(18161, 0.92682827)
(273422, 0.92682827)
(406696, 0.92682827)
(116464, 0.92682827)
(400870, 0.92682827)
(99668, 0.92682827)
(374795, 0.92682827)
(145502, 0.92682827)
(354972, 0.92682827)
(71777, 0.92682827)
(368838, 0.92682827)
(327793, 0.92682827)
(366198, 0.92682827)
(15600, 0.92682827)
(45508, 0.92682827)
(89129, 0.92682827)
(81702, 0.92682827)
(167823, 0.92682827)
(225220, 0.92682819)
(277186, 0.92682819)
(250056, 0.92682819)
(208043, 0.92682819)
(259058, 0.92682819)
(416948, 0.92682819)
(216609, 0.92682819)
(77802, 0.92682819)
(185866, 0.92682819)
(251559, 0.92682819)
(225361, 0.92682819)
(13260, 0.92682819)
(268941, 0.92682819)
(252876, 0.92682819)
(179230, 0.92682819)
(162259, 0.92682819)
(225889, 0.92682819)
(63898, 0.92682819)
(18648, 0.92682819)
(102475, 0.92682819)
(172147, 0.92682819)
(358614, 0.92682819)
(340515, 0.92682819)
(335732, 0.92682819)
(73478, 0.92682819)
(102217, 0.92682819)
(21133, 0.92682819)
(303784, 0.92682819)
(9856, 0.92682819)
(378881, 0.92682819)
(211757, 0.92682819)
(349746, 0.92682819)
(52537, 0.92682819)
(142901, 0.92682819)
(287020, 0.92682819)
(364014, 0.92682819)
(295139, 0.92682819)
(318253, 0.92682819)
(351365, 0.92682819)
(257048, 0.92682819)
(239525, 0.9268281)
(407314, 0.9268281)
(150129, 0.9268281)
(344263, 0.9268281)
(14647, 0.9268281)
(30464, 0.9268281)
(415105, 0.9268281)
(273454, 0.9268281)
(187762, 0.9268281)
(68349, 0.9268281)
(186406, 0.9268281)
(416192, 0.9268281)
(390427, 0.9268281)
(349774, 0.9268281)
(219674, 0.92682802)
(78355, 0.92682131)
(56212, 0.92682131)
(317041, 0.92682131)
(378577, 0.92682131)
(193736, 0.92682131)
(55047, 0.92682131)
(152169, 0.92682123)
(87106, 0.92682123)
(323862, 0.92682123)
(224848, 0.92682123)
(142446, 0.92682123)
(208103, 0.92682123)
(111836, 0.92682123)
(258632, 0.92682123)
(124899, 0.92682123)
(54212, 0.92682123)
(402374, 0.92682123)
(310135, 0.92682123)
(77042, 0.92682123)
(101034, 0.92682123)
(96007, 0.92682123)
(228102, 0.92682123)
(76346, 0.92682123)
(327021, 0.92682123)
(75037, 0.92682123)
(325770, 0.92682123)
(255392, 0.92682123)
(6668, 0.92682123)
(335587, 0.92682123)
(295979, 0.92682123)
(260006, 0.92682123)
(60160, 0.92682123)
(361321, 0.92682123)
(335593, 0.92682123)
(316315, 0.92682123)
(238886, 0.92682123)
(222527, 0.92682123)
(339820, 0.92682123)
(5598, 0.92682114)
(348322, 0.92682114)
(298072, 0.92682114)
(9145, 0.92682114)
(405749, 0.92682114)
(295893, 0.92682114)
(46539, 0.92682114)
(41116, 0.92682114)
(132924, 0.92682114)
(220791, 0.92682114)
(52974, 0.92682114)
(280042, 0.92682114)
(138929, 0.92682114)
(53340, 0.92682114)
(257679, 0.92682114)
(228142, 0.92682114)
(350836, 0.92682114)
(224607, 0.92682114)
(345071, 0.92682114)
(236021, 0.92682114)
(9276, 0.92682114)
(374924, 0.92682114)
(100293, 0.92682114)
(410295, 0.92682114)
(145820, 0.92682114)
(105372, 0.92682114)
(300220, 0.92682114)
(305041, 0.92682114)
(208060, 0.92682114)
(250060, 0.92682114)
(185805, 0.92682114)
(162152, 0.92682106)
(399654, 0.92682106)
(189950, 0.92682106)
(399332, 0.92682106)
(322198, 0.92681435)
(104254, 0.92681435)
(371045, 0.92681426)
(7071, 0.92681426)
(318327, 0.92681426)
(383046, 0.92681426)
(413564, 0.92681426)
(26764, 0.92681426)
(177527, 0.92681426)
(267095, 0.92681426)
(17101, 0.92681426)
(110940, 0.92681426)
(103047, 0.92681426)
(396977, 0.92681426)
(88577, 0.92681426)
(389215, 0.92681426)
(155403, 0.92681418)
(21766, 0.92681418)
(265884, 0.92681418)
(90668, 0.92681418)
(222306, 0.92681418)
(200798, 0.92681418)
(284276, 0.92681418)
(266799, 0.92681418)
(320234, 0.92681418)
(218353, 0.92681418)
(105540, 0.92681418)
(181948, 0.92681418)
(73678, 0.92681418)
(75539, 0.92681418)
(119563, 0.92681418)
(66797, 0.92681418)
(182452, 0.92681418)
(267985, 0.92681418)
(112466, 0.9268141)
(58034, 0.9268141)
(312311, 0.9268141)
(147541, 0.9268141)
(171529, 0.9268141)
(370899, 0.9268141)
(150020, 0.9268141)
(8261, 0.9268141)
(186558, 0.9268141)
(216828, 0.9268141)
(157831, 0.9268141)
(72803, 0.9268141)
(84313, 0.9268141)
(131415, 0.92681402)
(209717, 0.9268073)
(157040, 0.9268073)
(226046, 0.9268073)
(89478, 0.9268073)
(250323, 0.9268073)
(266030, 0.9268073)
(81739, 0.92680722)
(145642, 0.92680722)
(113179, 0.92680722)
(190452, 0.92680722)
(358230, 0.92680722)
(425, 0.92680722)
(322978, 0.92680722)
(200295, 0.92680722)
(21788, 0.92680722)
(147575, 0.92680722)
(171670, 0.92680722)
(98492, 0.92680722)
(247797, 0.92680722)
(274436, 0.92680722)
(405965, 0.92680722)
(18036, 0.92680722)
(284691, 0.92680722)
(294884, 0.92680722)
(85242, 0.92680714)
(118369, 0.92680714)
(114595, 0.92680714)
(306279, 0.92680714)
(375041, 0.92680714)
(287972, 0.92680714)
(420085, 0.92680714)
(44675, 0.92680714)
(25751, 0.92680714)
(52065, 0.92680714)
(175346, 0.92680714)
(88551, 0.92680714)
(311151, 0.92680714)
(45873, 0.92680714)
(256671, 0.92680714)
(254905, 0.92680034)
(214763, 0.92680034)
(374869, 0.92680026)
(79714, 0.92680026)
(248682, 0.92680026)
(297592, 0.92680026)
(53111, 0.92680026)
(379429, 0.92680026)
(202536, 0.92680026)
(158995, 0.92680026)
(209618, 0.92680026)
(402710, 0.92680018)
(138386, 0.92680018)
(248856, 0.92680018)
(279816, 0.92680018)
(69566, 0.92680018)
(251610, 0.92680018)
(35423, 0.92680018)
(263389, 0.92680018)
(5344, 0.9267933)
(156693, 0.9267933)
(250723, 0.92679321)
(375782, 0.92679321)
(145086, 0.92679321)
(124702, 0.92679321)
(44772, 0.92679321)
(305776, 0.92679321)
(294023, 0.92679321)
(95937, 0.92679321)
(100716, 0.92679313)
(29187, 0.92679313)
(151067, 0.92679313)
(308238, 0.92679313)
(414060, 0.92678625)
(385600, 0.92678625)
(339035, 0.92678625)
(410433, 0.92678625)
(308349, 0.92678617)
(305945, 0.92678617)
(8937, 0.92678617)
(372849, 0.92677913)
(350208, 0.92677913)
(47973, 0.92677913)
(221345, 0.92569365)
(89139, 0.92569365)
(68571, 0.92568669)
(336281, 0.92568669)
(217026, 0.92568669)
(273727, 0.92568669)
(154171, 0.92568661)
(180540, 0.92568661)
(146062, 0.92567973)
(54740, 0.92567973)
(240580, 0.92567973)
(258438, 0.92567973)
(19857, 0.92567973)
(238561, 0.92567964)
(295420, 0.92567964)
(58218, 0.92567964)
(141436, 0.92567964)
(12260, 0.92567964)
(263191, 0.92567964)
(236748, 0.92567964)
(162809, 0.92567964)
(80680, 0.92567956)
(156065, 0.92567956)
(57152, 0.92567956)
(229382, 0.92567277)
(337060, 0.92567277)
(122299, 0.92567277)
(361758, 0.92567277)
(10352, 0.92567277)
(106289, 0.92567277)
(81131, 0.92567268)
(226996, 0.92567268)
(339855, 0.92567268)
(43848, 0.92567268)
(313493, 0.92567268)
(239965, 0.92567268)
(100817, 0.92567268)
(175180, 0.92567268)
(221812, 0.9256726)
(270666, 0.9256726)
(8076, 0.9256726)
(86192, 0.9256726)
(48755, 0.9256658)
(143851, 0.9256658)
(247613, 0.9256658)
(245501, 0.9256658)
(254613, 0.9256658)
(324296, 0.9256658)
(283094, 0.92566572)
(124920, 0.92566572)
(264292, 0.92566572)
(364788, 0.92566572)
(296320, 0.92566572)
(42801, 0.92566572)
(359729, 0.92566572)
(66703, 0.92566572)
(383312, 0.92566572)
(328107, 0.92566572)
(386489, 0.92566572)
(341372, 0.92566572)
(244618, 0.92566572)
(22823, 0.92566572)
(83253, 0.92566572)
(317571, 0.92566572)
(94905, 0.92566564)
(254383, 0.92566564)
(3959, 0.92566564)
(54729, 0.92566564)
(183477, 0.92566564)
(230775, 0.92566564)
(108361, 0.92566564)
(349202, 0.92566564)
(402598, 0.92566564)
(53136, 0.92566564)
(386968, 0.92566564)
(378722, 0.92566564)
(19976, 0.92566556)
(95871, 0.92565884)
(300716, 0.92565884)
(307769, 0.92565884)
(59172, 0.92565876)
(83349, 0.92565876)
(138996, 0.92565876)
(401383, 0.92565876)
(324322, 0.92565876)
(210096, 0.92565876)
(147185, 0.92565876)
(195678, 0.92565876)
(184224, 0.92565876)
(190097, 0.92565876)
(23654, 0.92565876)
(410582, 0.92565876)
(122541, 0.92565876)
(313161, 0.92565876)
(399971, 0.92565876)
(110166, 0.92565876)
(335112, 0.92565876)
(374177, 0.92565876)
(149954, 0.92565876)
(239281, 0.92565876)
(348876, 0.92565876)
(303881, 0.92565876)
(262306, 0.92565868)
(157651, 0.92565868)
(169422, 0.92565868)
(188420, 0.92565868)
(137232, 0.92565868)
(190594, 0.92565868)
(340197, 0.92565868)
(53322, 0.92565868)
(144479, 0.92565868)
(81129, 0.92565868)
(108987, 0.92565868)
(344396, 0.92565868)
(2923, 0.92565868)
(372103, 0.92565868)
(343444, 0.92565868)
(12975, 0.92565868)
(326390, 0.92565868)
(210935, 0.92565868)
(245169, 0.92565868)
(366119, 0.92565868)
(355293, 0.92565868)
(118830, 0.92565868)
(161495, 0.92565868)
(156730, 0.92565868)
(377419, 0.92565868)
(56416, 0.92565859)
(73099, 0.92565188)
(395494, 0.92565188)
(396178, 0.9256518)
(23601, 0.9256518)
(250597, 0.9256518)
(67954, 0.9256518)
(249541, 0.9256518)
(87386, 0.9256518)
(367073, 0.9256518)
(265203, 0.9256518)
(394120, 0.9256518)
(114401, 0.9256518)
(229381, 0.9256518)
(311445, 0.9256518)
(74647, 0.9256518)
(376770, 0.9256518)
(105450, 0.9256518)
(259517, 0.9256518)
(167814, 0.9256518)
(391942, 0.9256518)
(284618, 0.92565172)
(180365, 0.92565172)
(88003, 0.92565172)
(2693, 0.92565172)
(128928, 0.92565172)
(27480, 0.92565172)
(414937, 0.92565172)
(25222, 0.92565172)
(191075, 0.92565172)
(364764, 0.92565172)
(234392, 0.92565172)
(117873, 0.92565172)
(178829, 0.92565172)
(213668, 0.92565172)
(185076, 0.92565172)
(361146, 0.92565172)
(222667, 0.92565172)
(78524, 0.92565172)
(113726, 0.92565172)
(190294, 0.92565172)
(100877, 0.92565172)
(266994, 0.92565172)
(213705, 0.92565172)
(235912, 0.92565172)
(207305, 0.92565172)
(18656, 0.92565163)
(239415, 0.92565163)
(375005, 0.92565163)
(375735, 0.92565163)
(155274, 0.92565163)
(409139, 0.92565163)
(272479, 0.92565163)
(342453, 0.92565163)
(387042, 0.92565163)
(55420, 0.92565163)
(26830, 0.92565163)
(313056, 0.92565163)
(208310, 0.92564484)
(11468, 0.92564484)
(229615, 0.92564484)
(52697, 0.92564484)
(7769, 0.92564484)
(163906, 0.92564484)
(168397, 0.92564475)
(279653, 0.92564475)
(360587, 0.92564475)
(394577, 0.92564475)
(407203, 0.92564475)
(216871, 0.92564475)
(333736, 0.92564475)
(48189, 0.92564475)
(251785, 0.92564475)
(282637, 0.92564475)
(159830, 0.92564475)
(360356, 0.92564475)
(347763, 0.92564475)
(272640, 0.92564475)
(165125, 0.92564475)
(118843, 0.92564475)
(325972, 0.92564475)
(269739, 0.92564475)
(188556, 0.92564475)
(91446, 0.92564475)
(221727, 0.92564475)
(269146, 0.92564475)
(10187, 0.92564475)
(260208, 0.92564475)
(299528, 0.92564475)
(247350, 0.92564475)
(96585, 0.92564475)
(23258, 0.92564475)
(180361, 0.92564475)
(380763, 0.92564475)
(195460, 0.92564475)
(63019, 0.92564475)
(346973, 0.92564475)
(398032, 0.92564475)
(228236, 0.92564475)
(92057, 0.92564467)
(22319, 0.92564467)
(249379, 0.92564467)
(296339, 0.92564467)
(135096, 0.92564467)
(205243, 0.92564467)
(311846, 0.92564467)
(199832, 0.92564467)
(179234, 0.92564467)
(192710, 0.92564467)
(155796, 0.92564467)
(288454, 0.92564467)
(114197, 0.92564467)
(205393, 0.92564467)
(193743, 0.92564467)
(294143, 0.92564467)
(417986, 0.92564467)
(160269, 0.92564467)
(29999, 0.92564467)
(206940, 0.92564459)
(111486, 0.92564459)
(133029, 0.92563788)
(401167, 0.92563788)
(85891, 0.92563788)
(116630, 0.92563779)
(323574, 0.92563779)
(136472, 0.92563779)
(66011, 0.92563779)
(68720, 0.92563779)
(380720, 0.92563779)
(54348, 0.92563779)
(24278, 0.92563779)
(309683, 0.92563779)
(26531, 0.92563779)
(295919, 0.92563779)
(217407, 0.92563779)
(288767, 0.92563779)
(89928, 0.92563779)
(216033, 0.92563779)
(356468, 0.92563771)
(180783, 0.92563771)
(328647, 0.92563771)
(97841, 0.92563771)
(51388, 0.92563771)
(76926, 0.92563771)
(214864, 0.92563771)
(336199, 0.92563771)
(346848, 0.92563771)
(183792, 0.92563771)
(408167, 0.92563771)
(158455, 0.92563771)
(252085, 0.92563771)
(207538, 0.92563771)
(156728, 0.92563771)
(418525, 0.92563771)
(259813, 0.92563771)
(347559, 0.92563771)
(94020, 0.92563771)
(346611, 0.92563771)
(309246, 0.92563771)
(344856, 0.92563771)
(301307, 0.92563771)
(361610, 0.92563771)
(333756, 0.92563771)
(298291, 0.92563771)
(361949, 0.92563771)
(346853, 0.92563771)
(10151, 0.92563771)
(26671, 0.92563771)
(17671, 0.92563771)
(202116, 0.92563771)
(293649, 0.92563763)
(37740, 0.92563763)
(316795, 0.92563763)
(60862, 0.92563083)
(77806, 0.92563083)
(234117, 0.92563083)
(110436, 0.92563083)
(68908, 0.92563083)
(310981, 0.92563083)
(251989, 0.92563075)
(179850, 0.92563075)
(240874, 0.92563075)
(10510, 0.92563075)
(334193, 0.92563075)
(18051, 0.92563075)
(83180, 0.92563075)
(82727, 0.92563075)
(136318, 0.92563075)
(282111, 0.92563075)
(264775, 0.92563075)
(1371, 0.92563075)
(47696, 0.92563075)
(152567, 0.92563075)
(319534, 0.92563075)
(345368, 0.92563075)
(105996, 0.92563075)
(400780, 0.92563075)
(299834, 0.92563075)
(205826, 0.92563075)
(402463, 0.92563075)
(146371, 0.92563067)
(57600, 0.92563067)
(161572, 0.92563067)
(357633, 0.92563067)
(15992, 0.92563067)
(153652, 0.92563067)
(322464, 0.92563067)
(356344, 0.92563067)
(29036, 0.92563067)
(364720, 0.92563067)
(55115, 0.92563067)
(328128, 0.92563067)
(393871, 0.92563058)
(410995, 0.92563058)
(247593, 0.92562387)
(399363, 0.92562387)
(89, 0.92562387)
(56531, 0.92562379)
(400955, 0.92562379)
(294529, 0.92562379)
(264030, 0.92562379)
(324434, 0.92562379)
(49345, 0.92562379)
(262541, 0.92562379)
(18030, 0.92562371)
(373759, 0.92562371)
(353184, 0.92562371)
(321437, 0.92562371)
(233774, 0.92562371)
(101444, 0.92562371)
(351649, 0.92562371)
(253041, 0.92562371)
(398211, 0.92562371)
(97212, 0.92562371)
(109969, 0.92562371)
(73063, 0.92562362)
(165387, 0.92562362)
(286021, 0.92561691)
(69543, 0.92561683)
(13010, 0.92561674)
(121376, 0.92561674)
(417764, 0.92561674)
(33362, 0.92561674)
(37575, 0.92561674)
(260770, 0.92561674)
(125132, 0.92561674)
(305996, 0.92561674)
(420314, 0.92561666)
(90209, 0.92561666)
(9021, 0.92561666)
(189828, 0.92561666)
(160134, 0.92561666)
(97639, 0.92561658)
(304352, 0.92561658)
(208673, 0.92560987)
(78647, 0.92560978)
(398644, 0.92560978)
(269174, 0.92560978)
(188847, 0.92560978)
(62350, 0.9256097)
(142904, 0.9256097)
(36854, 0.9256097)
(44882, 0.9256097)
(41641, 0.9256097)
(37706, 0.92560962)
(321910, 0.92560274)
(407721, 0.92560274)
(34460, 0.92560266)
(69597, 0.92558865)
(299395, 0.9245311)
(400442, 0.92451022)
(330094, 0.92451014)
(213829, 0.92451014)
(113786, 0.92450326)
(338805, 0.92450326)
(419425, 0.92450326)
(344457, 0.92450326)
(38122, 0.92450326)
(207232, 0.92450317)
(144674, 0.92450317)
(341295, 0.92450317)
(227592, 0.92450317)
(96646, 0.9244963)
(116476, 0.92449621)
(236263, 0.92449621)
(201489, 0.92449621)
(94006, 0.92449621)
(137166, 0.92449621)
(30795, 0.92449621)
(182640, 0.92449613)
(373214, 0.92448933)
(95170, 0.92448925)
(69350, 0.92448925)
(353193, 0.92448925)
(73470, 0.92448925)
(403973, 0.92448925)
(71883, 0.92448925)
(105732, 0.92448925)
(288202, 0.92448925)
(271093, 0.92448925)
(48973, 0.92448925)
(59595, 0.92448925)
(260849, 0.92448925)
(194867, 0.92448925)
(369535, 0.92448925)
(271168, 0.92448925)
(403354, 0.92448925)
(326199, 0.92448925)
(108733, 0.92448925)
(275308, 0.92448917)
(63008, 0.92448917)
(187736, 0.92448917)
(364979, 0.92448909)
(221111, 0.92448237)
(419050, 0.92448237)
(173038, 0.92448237)
(356574, 0.92448229)
(376101, 0.92448229)
(126739, 0.92448229)
(51473, 0.92448229)
(261526, 0.92448229)
(294770, 0.92448229)
(160082, 0.92448229)
(227439, 0.92448229)
(341870, 0.92448229)
(31213, 0.92448229)
(42691, 0.92448229)
(394348, 0.92448229)
(209470, 0.92448221)
(390204, 0.92448221)
(11802, 0.92448221)
(150183, 0.92448221)
(81472, 0.92448221)
(51463, 0.92448221)
(18276, 0.92448221)
(69635, 0.92448221)
(227835, 0.92448221)
(371359, 0.92448221)
(152334, 0.92448221)
(82286, 0.92448221)
(79479, 0.92448221)
(195402, 0.92448221)
(305098, 0.92448221)
(25503, 0.92448221)
(273947, 0.92448221)
(300369, 0.92448221)
(235665, 0.92448221)
(356622, 0.92448221)
(356122, 0.92448221)
(303729, 0.92448221)
(2574, 0.92448221)
(75093, 0.92448221)
(149777, 0.92448221)
(244223, 0.92448212)
(234832, 0.92447541)
(221416, 0.92447533)
(284866, 0.92447533)
(278332, 0.92447533)
(8927, 0.92447533)
(250314, 0.92447533)
(323957, 0.92447533)
(76990, 0.92447533)
(228814, 0.92447533)
(371883, 0.92447533)
(276055, 0.92447533)
(392290, 0.92447533)
(88971, 0.92447533)
(160713, 0.92447533)
(278790, 0.92447533)
(152222, 0.92447525)
(127938, 0.92447525)
(343571, 0.92447525)
(369582, 0.92447525)
(223425, 0.92447525)
(334664, 0.92447525)
(11056, 0.92447525)
(416267, 0.92447525)
(294943, 0.92447525)
(91648, 0.92447525)
(161851, 0.92447525)
(365629, 0.92447525)
(367541, 0.92447525)
(156166, 0.92447525)
(249313, 0.92447525)
(227607, 0.92447525)
(404104, 0.92447525)
(105243, 0.92447525)
(316909, 0.92447525)
(318865, 0.92447525)
(355415, 0.92447525)
(85799, 0.92447525)
(399130, 0.92447525)
(351775, 0.92447525)
(362669, 0.92447525)
(203708, 0.92447525)
(179443, 0.92447525)
(98192, 0.92447525)
(339939, 0.92447516)
(323501, 0.92447516)
(220318, 0.92447516)
(368257, 0.92447516)
(242934, 0.92447516)
(228628, 0.92447516)
(383866, 0.92447516)
(194855, 0.92447516)
(207645, 0.92447516)
(388125, 0.92447516)
(61839, 0.92447516)
(366313, 0.92446837)
(304511, 0.92446837)
(207362, 0.92446837)
(105802, 0.92446837)
(6032, 0.92446837)
(284022, 0.92446828)
(350635, 0.92446828)
(75741, 0.92446828)
(260715, 0.92446828)
(315806, 0.92446828)
(10785, 0.92446828)
(341318, 0.92446828)
(255264, 0.92446828)
(255932, 0.92446828)
(345010, 0.92446828)
(239731, 0.92446828)
(289374, 0.92446828)
(28547, 0.92446828)
(355195, 0.92446828)
(110260, 0.92446828)
(297460, 0.92446828)
(305535, 0.92446828)
(91677, 0.92446828)
(384782, 0.92446828)
(264353, 0.92446828)
(138523, 0.92446828)
(331422, 0.92446828)
(153763, 0.92446828)
(100104, 0.92446828)
(177189, 0.92446828)
(359587, 0.92446828)
(57446, 0.92446828)
(338936, 0.92446828)
(109570, 0.92446828)
(216401, 0.92446828)
(327434, 0.92446828)
(280167, 0.92446828)
(49885, 0.92446828)
(124008, 0.92446828)
(221357, 0.9244682)
(384213, 0.9244682)
(367710, 0.9244682)
(317810, 0.9244682)
(372457, 0.9244682)
(230689, 0.9244682)
(210463, 0.9244682)
(82247, 0.9244682)
(107770, 0.9244682)
(105911, 0.9244682)
(20559, 0.9244682)
(389574, 0.9244682)
(91270, 0.9244682)
(286794, 0.9244682)
(378706, 0.9244682)
(6809, 0.9244682)
(245704, 0.9244682)
(367402, 0.9244682)
(212249, 0.9244682)
(280474, 0.92446141)
(157903, 0.92446141)
(284244, 0.92446141)
(22398, 0.92446141)
(160676, 0.92446132)
(210711, 0.92446132)
(396353, 0.92446132)
(373268, 0.92446132)
(331503, 0.92446132)
(173740, 0.92446132)
(382144, 0.92446132)
(274281, 0.92446132)
(73023, 0.92446132)
(261660, 0.92446132)
(17381, 0.92446132)
(114208, 0.92446132)
(32900, 0.92446132)
(389213, 0.92446132)
(401972, 0.92446124)
(312234, 0.92446124)
(242212, 0.92446124)
(51875, 0.92446124)
(290004, 0.92446124)
(233962, 0.92446124)
(225991, 0.92446124)
(35181, 0.92446124)
(40421, 0.92446124)
(277233, 0.92446124)
(200997, 0.92446124)
(286857, 0.92446124)
(110969, 0.92446124)
(163267, 0.92446124)
(56271, 0.92446124)
(176657, 0.92446124)
(237890, 0.92446124)
(19616, 0.92446124)
(29582, 0.92446124)
(191061, 0.92446124)
(208298, 0.92446124)
(133523, 0.92446124)
(97696, 0.92446124)
(299372, 0.92446124)
(378890, 0.92446116)
(36035, 0.92446116)
(216887, 0.92446116)
(106654, 0.92446116)
(140269, 0.92446116)
(107561, 0.92446116)
(357415, 0.92446116)
(266290, 0.92445444)
(215746, 0.92445436)
(13344, 0.92445436)
(357011, 0.92445436)
(72127, 0.92445436)
(21462, 0.92445436)
(95466, 0.92445436)
(58279, 0.92445436)
(169481, 0.92445436)
(157365, 0.92445436)
(133114, 0.92445436)
(70362, 0.92445428)
(131681, 0.92445428)
(26964, 0.92445428)
(387244, 0.92445428)
(90966, 0.92445428)
(90694, 0.92445428)
(237072, 0.92445428)
(156974, 0.92445428)
(325473, 0.92445428)
(182857, 0.92445428)
(382407, 0.92445428)
(335108, 0.92445428)
(246351, 0.92445428)
(411368, 0.92445428)
(162747, 0.92445428)
(310929, 0.92445428)
(261293, 0.92445428)
(114634, 0.92445428)
(250217, 0.92445428)
(194356, 0.9244542)
(326797, 0.9244542)
(316670, 0.9244542)
(210835, 0.9244542)
(293657, 0.9244542)
(337174, 0.9244542)
(46580, 0.9244542)
(44594, 0.9244542)
(152580, 0.9244542)
(128281, 0.9244542)
(199497, 0.9244542)
(76634, 0.9244542)
(214439, 0.9244542)
(346674, 0.9244542)
(156966, 0.92445411)
(56241, 0.9244474)
(194733, 0.9244474)
(39758, 0.9244474)
(138608, 0.92444732)
(274443, 0.92444732)
(269506, 0.92444732)
(377554, 0.92444732)
(380803, 0.92444732)
(303293, 0.92444732)
(264020, 0.92444732)
(352717, 0.92444732)
(120123, 0.92444732)
(341829, 0.92444732)
(153709, 0.92444732)
(227184, 0.92444723)
(147697, 0.92444723)
(56397, 0.92444723)
(292966, 0.92444723)
(140355, 0.92444723)
(301821, 0.92444723)
(398520, 0.92444723)
(244538, 0.92444723)
(159067, 0.92444715)
(165171, 0.92444715)
(182234, 0.92444715)
(34515, 0.92444044)
(224787, 0.92444036)
(387548, 0.92444036)
(202169, 0.92444036)
(247568, 0.92444036)
(216149, 0.92444036)
(410560, 0.92444036)
(256399, 0.92444027)
(245190, 0.92444027)
(284752, 0.92444027)
(103235, 0.92444027)
(385209, 0.92444027)
(28539, 0.92444019)
(153260, 0.92444019)
(306974, 0.92444019)
(96304, 0.92444019)
(204300, 0.92444019)
(284704, 0.92444019)
(45431, 0.92444019)
(75017, 0.92443339)
(186142, 0.92443331)
(267161, 0.92443331)
(84274, 0.92443331)
(22108, 0.92443331)
(271762, 0.92443331)
(295247, 0.92443331)
(408545, 0.92443331)
(18222, 0.92443331)
(184111, 0.92443331)
(144999, 0.92443331)
(72916, 0.92443331)
(105502, 0.92443331)
(229722, 0.92443331)
(302054, 0.92443323)
(272011, 0.92443323)
(49289, 0.92443323)
(275731, 0.92443323)
(26407, 0.92443323)
(113778, 0.92443315)
(355047, 0.92442627)
(58595, 0.92442627)
(356010, 0.92442627)
(274856, 0.92442618)
(391394, 0.92441931)
(286973, 0.92441931)
(363325, 0.92441931)
(442, 0.92441922)
(52558, 0.92441922)
(345098, 0.92441234)
(212601, 0.92441226)
(366940, 0.92440522)
(256153, 0.92439834)
(158043, 0.92334079)
(93581, 0.92334071)
(333545, 0.92333375)
(392919, 0.92333375)
(45789, 0.92333375)
(35103, 0.92332679)
(78351, 0.9233267)
(127984, 0.9233267)
(362520, 0.92331982)
(310727, 0.92331982)
(318195, 0.92331974)
(390626, 0.92331974)
(300257, 0.92331974)
(319549, 0.92331974)
(113991, 0.92331974)
(368351, 0.92331974)
(274646, 0.92331974)
(156792, 0.92331974)
(250620, 0.92331966)
(284026, 0.92331286)
(201960, 0.92331286)
(122949, 0.92331286)
(196858, 0.92331286)
(20629, 0.92331286)
(297327, 0.92331286)
(62557, 0.92331278)
(287344, 0.92331278)
(143410, 0.92331278)
(412887, 0.92331278)
(291968, 0.92331278)
(285771, 0.92331278)
(362990, 0.92331278)
(291703, 0.92331278)
(275107, 0.92331278)
(330581, 0.92331278)
(40304, 0.92331278)
(115316, 0.92331278)
(271811, 0.92331278)
(202884, 0.92331278)
(166034, 0.92331278)
(267224, 0.9233127)
(121027, 0.9233127)
(176840, 0.9233127)
(276868, 0.9233127)
(236146, 0.9233127)
(363814, 0.92331261)
(297730, 0.9233059)
(217065, 0.92330582)
(280125, 0.92330582)
(145791, 0.92330582)
(145813, 0.92330582)
(281170, 0.92330582)
(313601, 0.92330582)
(221911, 0.92330582)
(102055, 0.92330582)
(386308, 0.92330582)
(282666, 0.92330582)
(398173, 0.92330582)
(315312, 0.92330574)
(118575, 0.92330574)
(104315, 0.92330574)
(58193, 0.92330574)
(273022, 0.92330574)
(251747, 0.92330574)
(188158, 0.92330574)
(314468, 0.92330574)
(210589, 0.92330574)
(355087, 0.92330574)
(273998, 0.92330574)
(373315, 0.92330574)
(155884, 0.92330574)
(404330, 0.92330574)
(342767, 0.92330574)
(244935, 0.92330574)
(128788, 0.92330574)
(173013, 0.92330565)
(361817, 0.92330565)
(334084, 0.92329894)
(64435, 0.92329894)
(386612, 0.92329886)
(156417, 0.92329886)
(219576, 0.92329886)
(32530, 0.92329886)
(129050, 0.92329886)
(54696, 0.92329886)
(199158, 0.92329886)
(193241, 0.92329886)
(268437, 0.92329878)
(111105, 0.92329878)
(100191, 0.92329878)
(24532, 0.92329878)
(168352, 0.92329878)
(186632, 0.92329878)
(399553, 0.92329878)
(254494, 0.92329878)
(78749, 0.92329878)
(47849, 0.92329878)
(285199, 0.92329878)
(30848, 0.92329878)
(56113, 0.92329878)
(369084, 0.92329878)
(274633, 0.92329878)
(17126, 0.92329878)
(28999, 0.92329878)
(105072, 0.92329878)
(230881, 0.92329878)
(183362, 0.92329878)
(417529, 0.92329878)
(314996, 0.92329869)
(163359, 0.92329869)
(370163, 0.92329869)
(284591, 0.92329869)
(127870, 0.9232919)
(327200, 0.9232919)
(288655, 0.9232919)
(183610, 0.9232919)
(305042, 0.9232919)
(51834, 0.9232919)
(112944, 0.92329181)
(41531, 0.92329181)
(146047, 0.92329181)
(276447, 0.92329181)
(223228, 0.92329181)
(279615, 0.92329181)
(296175, 0.92329181)
(389406, 0.92329181)
(158507, 0.92329181)
(329515, 0.92329181)
(82764, 0.92329181)
(245247, 0.92329181)
(40339, 0.92329181)
(5479, 0.92329181)
(86749, 0.92329181)
(256001, 0.92329181)
(368550, 0.92329181)
(221760, 0.92329181)
(334513, 0.92329181)
(170996, 0.92329181)
(61800, 0.92329181)
(214161, 0.92329181)
(310824, 0.92329181)
(324439, 0.92329173)
(218291, 0.92329173)
(21734, 0.92329173)
(122602, 0.92329173)
(257652, 0.92329173)
(295889, 0.92329173)
(102999, 0.92329173)
(363373, 0.92329173)
(153615, 0.92329173)
(319653, 0.92329173)
(203839, 0.92329173)
(232649, 0.92329173)
(341673, 0.92329173)
(406274, 0.92329173)
(150741, 0.92329173)
(79411, 0.92329173)
(35889, 0.92329173)
(96888, 0.92329173)
(44324, 0.92329165)
(251008, 0.92329165)
(335933, 0.92328485)
(70461, 0.92328485)
(260994, 0.92328485)
(386453, 0.92328485)
(363349, 0.92328485)
(276874, 0.92328485)
(411099, 0.92328485)
(4039, 0.92328485)
(302892, 0.92328485)
(382689, 0.92328485)
(268953, 0.92328485)
(51162, 0.92328485)
(44086, 0.92328485)
(111962, 0.92328485)
(358066, 0.92328485)
(125962, 0.92328485)
(413011, 0.92328485)
(272535, 0.92328485)
(204355, 0.92328485)
(400122, 0.92328485)
(276390, 0.92328485)
(36435, 0.92328477)
(302725, 0.92328477)
(105066, 0.92328477)
(201424, 0.92328477)
(136965, 0.92328477)
(345132, 0.92328477)
(128242, 0.92328477)
(114064, 0.92328477)
(327669, 0.92328477)
(387064, 0.92328477)
(239361, 0.92328477)
(371685, 0.92328477)
(18973, 0.92328477)
(5260, 0.92328477)
(217324, 0.92328477)
(74371, 0.92328477)
(248885, 0.92328477)
(173846, 0.92328477)
(294491, 0.92328469)
(417217, 0.92328469)
(100450, 0.92328469)
(212575, 0.92328469)
(332113, 0.92328469)
(73161, 0.92328469)
(315467, 0.92328469)
(416649, 0.92327789)
(266191, 0.92327789)
(148578, 0.92327789)
(212566, 0.92327789)
(411474, 0.92327789)
(341143, 0.92327789)
(347805, 0.92327789)
(377897, 0.92327781)
(198445, 0.92327781)
(115764, 0.92327781)
(396872, 0.92327781)
(85031, 0.92327781)
(339293, 0.92327781)
(198796, 0.92327781)
(287570, 0.92327781)
(198995, 0.92327781)
(388416, 0.92327781)
(291655, 0.92327781)
(69137, 0.92327781)
(204982, 0.92327781)
(275807, 0.92327781)
(189920, 0.92327781)
(281850, 0.92327781)
(270616, 0.92327781)
(106607, 0.92327773)
(383930, 0.92327773)
(50587, 0.92327773)
(185217, 0.92327773)
(83873, 0.92327773)
(151513, 0.92327773)
(297630, 0.92327093)
(360144, 0.92327085)
(220067, 0.92327085)
(323673, 0.92327085)
(254538, 0.92327085)
(409587, 0.92327085)
(143994, 0.92327085)
(396103, 0.92327085)
(263397, 0.92327085)
(49608, 0.92327085)
(170854, 0.92327085)
(159388, 0.92327085)
(169882, 0.92327085)
(349722, 0.92327085)
(335297, 0.92327085)
(7618, 0.92327085)
(261864, 0.92327085)
(328774, 0.92327085)
(372466, 0.92327085)
(390385, 0.92327085)
(98805, 0.92327085)
(17038, 0.92327085)
(325466, 0.92327085)
(339550, 0.92327085)
(347803, 0.92327085)
(19041, 0.92327085)
(200199, 0.92327085)
(51189, 0.92327076)
(337393, 0.92327076)
(53830, 0.92327076)
(387807, 0.92327076)
(205711, 0.92327076)
(169426, 0.92327076)
(238846, 0.92327076)
(10169, 0.92327076)
(407448, 0.92327076)
(147835, 0.92327076)
(282812, 0.92327076)
(7718, 0.92327076)
(142886, 0.92327076)
(374431, 0.92327076)
(81829, 0.92327076)
(55799, 0.92327076)
(106664, 0.92327076)
(262045, 0.92327076)
(150049, 0.92327076)
(253414, 0.92327076)
(350669, 0.92327076)
(87724, 0.92327076)
(11576, 0.92327068)
(133649, 0.92326405)
(179055, 0.92326397)
(229588, 0.92326397)
(175088, 0.92326389)
(49264, 0.92326389)
(41441, 0.92326389)
(399037, 0.9232638)
(117155, 0.9232638)
(246205, 0.9232638)
(74990, 0.9232638)
(278267, 0.9232638)
(365338, 0.9232638)
(396449, 0.9232638)
(117159, 0.9232638)
(124449, 0.9232638)
(325578, 0.9232638)
(337765, 0.9232638)
(319679, 0.9232638)
(64987, 0.9232638)
(311449, 0.9232638)
(238506, 0.9232638)
(164672, 0.9232638)
(110592, 0.92326372)
(416825, 0.92326372)
(88836, 0.92326372)
(66993, 0.92326372)
(378307, 0.92326372)
(143649, 0.92326372)
(243214, 0.92326364)
(313104, 0.92325692)
(367224, 0.92325692)
(198576, 0.92325684)
(253628, 0.92325684)
(313477, 0.92325684)
(249108, 0.92325684)
(187264, 0.92325684)
(209691, 0.92325684)
(270995, 0.92325684)
(88137, 0.92325676)
(412873, 0.92325676)
(101626, 0.92325676)
(219309, 0.92325676)
(415411, 0.92325676)
(386492, 0.92325676)
(188898, 0.92325676)
(127535, 0.92325676)
(86703, 0.92325676)
(271099, 0.92325676)
(17308, 0.92325676)
(143053, 0.92325676)
(369319, 0.92324988)
(139145, 0.92324988)
(174669, 0.92324988)
(350193, 0.9232498)
(226095, 0.9232498)
(370284, 0.9232498)
(17060, 0.9232498)
(367674, 0.9232498)
(92101, 0.92324971)
(236052, 0.92324971)
(357962, 0.92324971)
(309331, 0.92324963)
(418974, 0.92324963)
(119252, 0.92324292)
(385608, 0.92324284)
(411493, 0.92324284)
(222019, 0.92324284)
(252753, 0.92322883)
(179253, 0.9232217)
(247290, 0.92215719)
(134532, 0.92215032)
(360840, 0.92215023)
(347537, 0.92215023)
(349151, 0.92215023)
(248502, 0.92215023)
(133993, 0.92214335)
(395700, 0.92214327)
(78990, 0.92214327)
(385616, 0.92214327)
(160398, 0.92214327)
(340700, 0.92214319)
(213128, 0.92214319)
(398102, 0.92213639)
(264371, 0.92213631)
(286853, 0.92213631)
(98839, 0.92213631)
(197642, 0.92213631)
(360413, 0.92213631)
(128654, 0.92213631)
(391600, 0.92213631)
(311049, 0.92213631)
(99591, 0.92213623)
(52411, 0.92213623)
(93743, 0.92213623)
(317753, 0.92213623)
(309096, 0.92213623)
(400530, 0.92213623)
(402909, 0.92212935)
(201418, 0.92212935)
(151636, 0.92212935)
(334228, 0.92212935)
(364568, 0.92212927)
(364781, 0.92212927)
(297122, 0.92212927)
(89747, 0.92212927)
(34690, 0.92212927)
(373851, 0.92212918)
(173956, 0.92212918)
(337029, 0.92212247)
(235677, 0.92212239)
(250123, 0.92212239)
(165198, 0.92212239)
(413889, 0.92212239)
(76119, 0.92212239)
(322256, 0.92212239)
(51794, 0.92212239)
(355929, 0.92212239)
(46620, 0.9221223)
(310859, 0.9221223)
(360956, 0.9221223)
(91332, 0.9221223)
(194992, 0.9221223)
(17570, 0.9221223)
(324365, 0.9221223)
(226602, 0.9221223)
(201394, 0.9221223)
(396820, 0.9221223)
(341589, 0.9221223)
(222401, 0.9221223)
(345442, 0.92212222)
(25847, 0.92212222)
(63968, 0.92212222)
(89130, 0.92212222)
(124349, 0.92212222)
(405035, 0.92212222)
(212271, 0.92211543)
(212652, 0.92211543)
(83019, 0.92211543)
(301118, 0.92211543)
(146690, 0.92211543)
(302988, 0.92211543)
(253267, 0.92211543)
(3253, 0.92211534)
(67650, 0.92211534)
(321351, 0.92211534)
(52561, 0.92211534)
(152231, 0.92211534)
(161672, 0.92211534)
(92630, 0.92211534)
(89913, 0.92211534)
(151940, 0.92211534)
(397806, 0.92211534)
(257017, 0.92211534)
(24842, 0.92211534)
(231618, 0.92211534)
(61394, 0.92211534)
(349934, 0.92211534)
(34665, 0.92211534)
(166098, 0.92211534)
(78296, 0.92211534)
(369735, 0.92211534)
(95329, 0.92211534)
(17269, 0.92211534)
(301775, 0.92211534)
(57528, 0.92211534)
(4646, 0.92211534)
(83673, 0.92211534)
(159804, 0.92211526)
(333424, 0.92211526)
(98263, 0.92211526)
(380725, 0.92211526)
(18038, 0.92211526)
(327100, 0.92211526)
(123075, 0.92211526)
(332628, 0.92211526)
(3311, 0.92211526)
(419714, 0.92211526)
(174044, 0.92211526)
(57497, 0.92211526)
(237959, 0.92211526)
(18569, 0.92211526)
(63636, 0.92211526)
(159299, 0.92211526)
(332672, 0.92211526)
(79046, 0.92211518)
(229494, 0.92211518)
(56915, 0.92210846)
(417975, 0.92210846)
(198663, 0.92210838)
(361079, 0.92210838)
(296778, 0.92210838)
(356533, 0.92210838)
(137684, 0.92210838)
(9268, 0.92210838)
(13714, 0.92210838)
(400231, 0.92210838)
(265685, 0.92210838)
(235990, 0.92210838)
(133008, 0.92210838)
(175462, 0.92210838)
(392280, 0.92210838)
(378283, 0.9221083)
(381239, 0.9221083)
(383797, 0.9221083)
(116612, 0.9221083)
(90893, 0.9221083)
(18124, 0.9221083)
(171454, 0.9221083)
(166376, 0.9221083)
(374695, 0.9221083)
(274548, 0.9221083)
(65819, 0.9221083)
(56806, 0.9221083)
(319512, 0.9221083)
(174435, 0.9221083)
(122576, 0.9221083)
(352026, 0.9221083)
(250707, 0.9221083)
(190926, 0.9221083)
(418178, 0.9221083)
(350344, 0.9221083)
(202975, 0.9221083)
(368123, 0.9221083)
(53034, 0.9221083)
(115331, 0.9221083)
(90599, 0.9221083)
(202721, 0.9221083)
(23919, 0.92210822)
(27045, 0.92210822)
(384982, 0.92210822)
(114510, 0.92210822)
(92826, 0.92210822)
(262960, 0.92210822)
(26214, 0.9221015)
(702, 0.92210142)
(342931, 0.92210142)
(230169, 0.92210142)
(130258, 0.92210142)
(300655, 0.92210134)
(71040, 0.92210134)
(29872, 0.92210134)
(86396, 0.92210134)
(19301, 0.92210134)
(281075, 0.92210134)
(110152, 0.92210134)
(394077, 0.92210134)
(291609, 0.92210134)
(106880, 0.92210134)
(259318, 0.92210134)
(361386, 0.92210134)
(394803, 0.92210134)
(361032, 0.92210134)
(259784, 0.92210134)
(170017, 0.92210134)
(64107, 0.92210125)
(128706, 0.92210125)
(100929, 0.92210125)
(339944, 0.92210125)
(110066, 0.92210125)
(241182, 0.92210125)
(115969, 0.92210125)
(113510, 0.92210125)
(250796, 0.92210125)
(367289, 0.92210125)
(402630, 0.92210125)
(314095, 0.92210117)
(161887, 0.92210117)
(244700, 0.92210117)
(219994, 0.92209446)
(21736, 0.92209446)
(60867, 0.92209446)
(250485, 0.92209446)
(327011, 0.92209438)
(169461, 0.92209438)
(159181, 0.92209438)
(346128, 0.92209438)
(89391, 0.92209438)
(20084, 0.92209438)
(117507, 0.92209438)
(302329, 0.92209438)
(82479, 0.92209438)
(420347, 0.92209438)
(132200, 0.92209438)
(147744, 0.92209438)
(119130, 0.92209438)
(305588, 0.92209438)
(386549, 0.92209438)
(6620, 0.92209429)
(394154, 0.92209429)
(393946, 0.92209429)
(266247, 0.92209429)
(317643, 0.92209429)
(95503, 0.92209429)
(305516, 0.92209429)
(314750, 0.92209429)
(353847, 0.92209429)
(340528, 0.92209429)
(275469, 0.92209429)
(130816, 0.92209421)
(123861, 0.92209421)
(288277, 0.92209421)
(92129, 0.92209421)
(370751, 0.92208741)
(340185, 0.92208741)
(95997, 0.92208741)
(163511, 0.92208741)
(285376, 0.92208733)
(26199, 0.92208733)
(176757, 0.92208733)
(199117, 0.92208733)
(131545, 0.92208733)
(273822, 0.92208733)
(302885, 0.92208733)
(312811, 0.92208733)
(57171, 0.92208733)
(322860, 0.92208725)
(113497, 0.92208725)
(333199, 0.92208725)
(16305, 0.92208725)
(292233, 0.92208725)
(419182, 0.92208045)
(238798, 0.92208045)
(357572, 0.92208045)
(22936, 0.92208045)
(372265, 0.92208045)
(289115, 0.92208045)
(278306, 0.92208037)
(326240, 0.92208037)
(118697, 0.92208037)
(289069, 0.92208037)
(374889, 0.92208037)
(45115, 0.92208037)
(98154, 0.92208037)
(240860, 0.92208037)
(365687, 0.92208037)
(241950, 0.92208029)
(85063, 0.92208029)
(50594, 0.92208029)
(329021, 0.92208029)
(55662, 0.92208029)
(50449, 0.92208029)
(159569, 0.92208029)
(357229, 0.92207341)
(413903, 0.92207341)
(21599, 0.92207341)
(120206, 0.92207341)
(283001, 0.92207341)
(273052, 0.92207333)
(274695, 0.92207333)
(60713, 0.92207333)
(360079, 0.92207333)
(13678, 0.92207324)
(254123, 0.92207324)
(386973, 0.92207324)
(105424, 0.92207324)
(78975, 0.92206653)
(187885, 0.92206637)
(394626, 0.92206628)
(325869, 0.9220594)
(269435, 0.92205236)
(128401, 0.92205236)
(224671, 0.92098064)
(343593, 0.92097385)
(322684, 0.92096697)
(399675, 0.92096688)
(135371, 0.9209668)
(112992, 0.92096672)
(103625, 0.92096672)
(398820, 0.92095992)
(237874, 0.92095992)
(76555, 0.92095984)
(112586, 0.92095984)
(328418, 0.92095984)
(257309, 0.92095967)
(264941, 0.92095288)
(161922, 0.92095288)
(229794, 0.92095288)
(10748, 0.92095288)
(255532, 0.92095288)
(306015, 0.92095288)
(361702, 0.92095288)
(35084, 0.92095288)
(352916, 0.92095288)
(19297, 0.9209528)
(50028, 0.9209528)
(99244, 0.9209528)
(267882, 0.9209528)
(158354, 0.9209528)
(144149, 0.9209528)
(388887, 0.920946)
(196357, 0.92094592)
(9561, 0.92094592)
(57135, 0.92094592)
(89519, 0.92094592)
(326775, 0.92094592)
(9968, 0.92094583)
(85345, 0.92094583)
(54714, 0.92094583)
(299329, 0.92094583)
(300546, 0.92094583)
(381435, 0.92094583)
(196171, 0.92094583)
(360606, 0.92094583)
(166619, 0.92094583)
(208709, 0.92094575)
(136671, 0.92094575)
(46446, 0.92094575)
(250768, 0.92093896)
(141972, 0.92093896)
(144463, 0.92093896)
(69899, 0.92093896)
(413139, 0.92093896)
(262048, 0.92093896)
(21626, 0.92093896)
(330248, 0.92093896)
(353846, 0.92093887)
(416697, 0.92093887)
(272658, 0.92093887)
(138336, 0.92093887)
(80352, 0.92093887)
(153197, 0.92093887)
(258362, 0.92093887)
(205538, 0.92093879)
(265796, 0.92093879)
(167567, 0.92093879)
(342074, 0.92093879)
(296380, 0.92093879)
(50312, 0.92093879)
(375933, 0.92093879)
(116599, 0.92093879)
(108453, 0.92093871)
(192663, 0.92093199)
(331045, 0.92093199)
(357693, 0.92093199)
(238564, 0.92093191)
(302641, 0.92093191)
(205935, 0.92093191)
(311455, 0.92093191)
(139752, 0.92093191)
(168897, 0.92093191)
(188658, 0.92093191)
(108219, 0.92093191)
(340986, 0.92093191)
(73446, 0.92093191)
(98787, 0.92093191)
(236950, 0.92093191)
(138591, 0.92093191)
(108596, 0.92093191)
(342823, 0.92093183)
(23786, 0.92093183)
(72313, 0.92093183)
(120870, 0.92093183)
(247563, 0.92093183)
(116129, 0.92093183)
(236398, 0.92093183)
(212117, 0.92093183)
(347513, 0.92092503)
(218754, 0.92092495)
(24939, 0.92092495)
(238609, 0.92092495)
(150109, 0.92092495)
(131308, 0.92092495)
(339784, 0.92092487)
(148251, 0.92092487)
(379857, 0.92092487)
(180924, 0.92092487)
(218023, 0.92092487)
(223243, 0.92092487)
(120276, 0.92092487)
(318694, 0.92092487)
(409894, 0.92092487)
(365297, 0.92092487)
(182467, 0.92092478)
(231983, 0.92092478)
(332300, 0.92092478)
(210795, 0.92092478)
(320372, 0.92092478)
(396023, 0.92092478)
(378612, 0.9209247)
(369573, 0.92091799)
(197408, 0.92091799)
(357256, 0.92091799)
(98099, 0.92091791)
(92804, 0.92091791)
(107539, 0.92091791)
(76222, 0.92091791)
(103998, 0.92091791)
(210850, 0.92091791)
(348495, 0.92091791)
(4050, 0.92091791)
(271217, 0.92091791)
(198959, 0.92091791)
(346105, 0.92091791)
(296466, 0.92091791)
(171944, 0.92091791)
(211310, 0.92091791)
(66414, 0.92091791)
(388007, 0.92091791)
(138317, 0.92091791)
(147392, 0.92091791)
(372408, 0.92091782)
(310129, 0.92091782)
(278413, 0.92091782)
(76238, 0.92091782)
(221200, 0.92091782)
(325677, 0.92091782)
(290361, 0.92091782)
(156611, 0.92091782)
(380904, 0.92091782)
(85477, 0.92091782)
(318177, 0.92091774)
(321100, 0.92091774)
(95978, 0.92091774)
(301688, 0.92091774)
(186476, 0.92091774)
(325886, 0.92091103)
(257378, 0.92091094)
(234178, 0.92091094)
(328782, 0.92091094)
(97774, 0.92091086)
(415110, 0.92091086)
(356759, 0.92091086)
(233974, 0.92091086)
(179761, 0.92091086)
(246720, 0.92091086)
(263227, 0.92091078)
(168423, 0.92091078)
(41495, 0.92091078)
(254980, 0.92091078)
(319250, 0.92091078)
(25321, 0.92091078)
(13238, 0.92091078)
(107798, 0.92090407)
(98520, 0.92090398)
(264078, 0.92090398)
(392613, 0.92090398)
(399195, 0.9209039)
(86407, 0.9209039)
(367545, 0.9209039)
(408329, 0.9209039)
(291501, 0.9209039)
(321122, 0.9209039)
(338652, 0.9209039)
(82280, 0.92090382)
(178826, 0.92090382)
(77205, 0.92090382)
(323994, 0.92090382)
(197420, 0.92090382)
(318396, 0.92090382)
(338942, 0.92090382)
(112505, 0.92089702)
(153092, 0.92089694)
(405793, 0.92089694)
(376656, 0.92089694)
(351796, 0.92089694)
(44491, 0.92089686)
(253365, 0.92089686)
(129726, 0.92089686)
(31505, 0.92089686)
(307689, 0.92089686)
(5469, 0.92089686)
(412600, 0.92089677)
(214932, 0.92088998)
(327735, 0.92088989)
(365242, 0.92088989)
(173073, 0.92088989)
(92610, 0.92088981)
(348942, 0.92088981)
(418320, 0.92088973)
(61689, 0.92088973)
(146392, 0.92088302)
(387301, 0.92088302)
(380866, 0.92088293)
(360148, 0.92088293)
(205545, 0.92088293)
(313199, 0.92088285)
(267516, 0.92088285)
(150633, 0.92086893)
(187909, 0.92086884)
(148384, 0.92086188)
(316838, 0.92085484)
(185734, 0.91979746)
(47168, 0.91979033)
(302500, 0.91979025)
(370442, 0.91978337)
(36620, 0.91978337)
(333039, 0.91978337)
(159030, 0.91978337)
(79304, 0.91978329)
(141306, 0.91978329)
(59454, 0.91977641)
(327295, 0.91977641)
(77974, 0.91977632)
(321992, 0.91977632)
(10050, 0.91977632)
(32780, 0.91977632)
(390876, 0.91977632)
(308635, 0.91976945)
(354025, 0.91976945)
(201806, 0.91976936)
(146356, 0.91976936)
(59908, 0.91976936)
(177502, 0.91976928)
(280995, 0.91976928)
(382003, 0.91976928)
(75732, 0.91976928)
(335169, 0.91976928)
(128076, 0.91976248)
(53658, 0.91976248)
(117154, 0.91976248)
(184008, 0.91976248)
(203416, 0.9197624)
(318637, 0.9197624)
(65334, 0.9197624)
(308416, 0.9197624)
(365684, 0.9197624)
(37776, 0.9197624)
(319983, 0.9197624)
(235623, 0.9197624)
(153855, 0.9197624)
(108613, 0.91976232)
(55609, 0.91976232)
(297902, 0.91976232)
(272710, 0.91976232)
(397259, 0.91976232)
(113300, 0.91976232)
(390000, 0.91976224)
(239161, 0.91975544)
(216852, 0.91975544)
(43969, 0.91975544)
(243978, 0.91975544)
(121934, 0.91975544)
(391204, 0.91975544)
(396947, 0.91975536)
(279765, 0.91975536)
(126089, 0.91975536)
(231065, 0.91975536)
(149798, 0.91975536)
(366339, 0.91975536)
(55501, 0.91975536)
(273017, 0.91975536)
(8564, 0.91975536)
(151521, 0.91975527)
(412547, 0.91975527)
(154702, 0.91975527)
(277507, 0.91974856)
(166382, 0.91974856)
(177222, 0.91974856)
(79762, 0.91974848)
(273417, 0.91974848)
(90468, 0.91974848)
(65604, 0.91974848)
(301599, 0.91974848)
(176503, 0.91974848)
(375985, 0.9197484)
(105318, 0.9197484)
(243138, 0.9197484)
(396403, 0.9197484)
(239067, 0.9197484)
(367399, 0.9197484)
(76964, 0.9197484)
(141184, 0.9197484)
(123963, 0.9197484)
(118622, 0.91974831)
(102347, 0.91974831)
(49064, 0.91974831)
(242133, 0.91974831)
(8102, 0.91974831)
(197186, 0.91974152)
(3990, 0.91974144)
(228468, 0.91974144)
(410810, 0.91974144)
(208519, 0.91974144)
(662, 0.91974144)
(303495, 0.91974144)
(27859, 0.91974144)
(80643, 0.91974144)
(42216, 0.91974144)
(3526, 0.91974144)
(292679, 0.91974144)
(262566, 0.91974135)
(349106, 0.91974135)
(150222, 0.91974135)
(258776, 0.91974135)
(259991, 0.91974135)
(175052, 0.91974135)
(38620, 0.91974135)
(40082, 0.91974135)
(398955, 0.91973456)
(56293, 0.91973447)
(197723, 0.91973447)
(190574, 0.91973447)
(115069, 0.91973447)
(229275, 0.91973439)
(354090, 0.91973439)
(389955, 0.91973439)
(173590, 0.91973439)
(330672, 0.91973439)
(334080, 0.91973439)
(303557, 0.91973439)
(30567, 0.91973439)
(111087, 0.91973439)
(17486, 0.91973439)
(231903, 0.91973439)
(201382, 0.91973439)
(226732, 0.91973439)
(291672, 0.91973439)
(183093, 0.91973439)
(165886, 0.91973439)
(390248, 0.91973431)
(81979, 0.91972751)
(361442, 0.91972743)
(248785, 0.91972743)
(244890, 0.91972743)
(298479, 0.91972743)
(214753, 0.91972743)
(322555, 0.91972743)
(322826, 0.91972743)
(86734, 0.91972735)
(111629, 0.91972735)
(333495, 0.91972735)
(206017, 0.91972735)
(82034, 0.91972726)
(390145, 0.91972047)
(77314, 0.91972047)
(234583, 0.91972047)
(99746, 0.91972047)
(36371, 0.91972047)
(254745, 0.91972047)
(111565, 0.91972039)
(380759, 0.91972039)
(94972, 0.91972039)
(340838, 0.91972039)
(415997, 0.9197203)
(843, 0.91971351)
(355834, 0.91971351)
(272949, 0.91971342)
(113744, 0.91971342)
(146844, 0.91971342)
(21890, 0.91971334)
(358709, 0.91971334)
(391896, 0.91971334)
(215937, 0.91970638)
(378975, 0.91969958)
(296176, 0.9196995)
(262634, 0.9196995)
(243264, 0.91969942)
(381483, 0.91969246)
(255404, 0.91969229)
(397200, 0.91967837)
(223205, 0.91967149)
(280506, 0.91966445)
(79312, 0.91966436)
(105711, 0.9186069)
(30596, 0.9186069)
(354734, 0.9186069)
(116230, 0.9186069)
(317386, 0.9186069)
(230994, 0.91860682)
(4899, 0.91860002)
(384506, 0.91859994)
(64886, 0.91859994)
(186754, 0.91859985)
(207797, 0.91859985)
(343701, 0.91859985)
(196066, 0.91859298)
(46071, 0.91859289)
(342335, 0.91859289)
(95551, 0.91859289)
(118293, 0.91859289)
(400259, 0.91859289)
(338147, 0.91859289)
(392339, 0.91859289)
(407675, 0.91859281)
(328950, 0.91858593)
(384130, 0.91858593)
(222964, 0.91858593)
(64902, 0.91858593)
(358437, 0.91858593)
(134529, 0.91858593)
(43431, 0.91858585)
(40705, 0.91858585)
(184664, 0.91858585)
(222887, 0.91858585)
(94250, 0.91858585)
(417023, 0.91858585)
(66006, 0.91857905)
(82119, 0.91857905)
(149978, 0.91857897)
(365773, 0.91857897)
(339210, 0.91857897)
(402734, 0.91857897)
(288157, 0.91857889)
(102644, 0.91857889)
(304055, 0.91857889)
(212866, 0.91857889)
(306105, 0.91857889)
(239538, 0.91857889)
(176335, 0.91857889)
(162858, 0.91857889)
(1058, 0.91857889)
(123476, 0.91857889)
(168210, 0.9185788)
(318754, 0.9185788)
(18540, 0.91857201)
(152238, 0.91857201)
(185753, 0.91857201)
(106895, 0.91857201)
(310833, 0.91857201)
(65923, 0.91857201)
(118972, 0.91857201)
(238272, 0.91857201)
(188582, 0.91857193)
(262935, 0.91857193)
(130312, 0.91857193)
(276745, 0.91857193)
(386364, 0.91857193)
(199913, 0.91857193)
(360300, 0.91857184)
(328476, 0.91857184)
(396481, 0.91856513)
(318721, 0.91856505)
(98832, 0.91856505)
(40857, 0.91856505)
(168661, 0.91856505)
(215837, 0.91856505)
(181033, 0.91856496)
(27438, 0.91856496)
(419394, 0.91856496)
(167815, 0.91856496)
(290979, 0.91856496)
(49915, 0.91856496)
(96881, 0.91856496)
(148548, 0.91856488)
(11474, 0.91856488)
(414397, 0.91856488)
(281448, 0.91856488)
(152280, 0.91856488)
(391262, 0.91856488)
(391798, 0.91856488)
(91467, 0.91856488)
(48828, 0.9185648)
(388579, 0.918558)
(244896, 0.918558)
(176391, 0.918558)
(90276, 0.918558)
(154915, 0.918558)
(396810, 0.918558)
(212308, 0.91855792)
(141669, 0.91855792)
(200588, 0.91855792)
(17837, 0.91855792)
(122610, 0.91855792)
(251942, 0.91855792)
(390930, 0.91855792)
(307661, 0.91855792)
(202220, 0.91855792)
(42444, 0.91855784)
(131793, 0.91855096)
(378826, 0.91855096)
(326544, 0.91855096)
(242562, 0.91855096)
(297087, 0.91855096)
(288995, 0.91855096)
(346146, 0.91855096)
(42188, 0.91855088)
(317894, 0.91855088)
(386355, 0.91855088)
(90271, 0.91855088)
(199788, 0.91855088)
(347753, 0.91855088)
(55925, 0.91855088)
(226356, 0.918544)
(172827, 0.918544)
(289195, 0.918544)
(102461, 0.918544)
(2211, 0.918544)
(216292, 0.918544)
(24031, 0.91854391)
(241224, 0.91854391)
(27878, 0.91854391)
(72350, 0.91854391)
(209763, 0.91854391)
(305979, 0.91854383)
(360953, 0.91853712)
(223969, 0.91853704)
(27939, 0.91853704)
(373799, 0.91853695)
(261666, 0.91853687)
(256246, 0.91853016)
(160926, 0.91852999)
(12264, 0.91852999)
(405307, 0.91852999)
(52562, 0.91852991)
(384150, 0.91852991)
(135974, 0.91852991)
(311234, 0.91852983)
(56418, 0.91852303)
(324132, 0.91852303)
(190620, 0.91852295)
(140846, 0.91852295)
(399370, 0.91851607)
(73125, 0.91851599)
(280734, 0.91851599)
(330225, 0.91850198)
(102595, 0.91744435)
(139648, 0.91743043)
(416485, 0.91743043)
(299578, 0.91743034)
(68033, 0.91742347)
(67026, 0.91742338)
(25861, 0.91742338)
(359871, 0.91741651)
(251617, 0.91741642)
(385633, 0.91741642)
(386645, 0.91741634)
(191876, 0.91741634)
(169056, 0.91740954)
(366810, 0.91740954)
(27350, 0.91740954)
(94888, 0.91740946)
(335114, 0.91740946)
(23541, 0.91740938)
(161286, 0.91740938)
(86633, 0.91740258)
(69001, 0.9174025)
(322100, 0.9174025)
(330947, 0.91740242)
(142885, 0.91740242)
(40728, 0.91740233)
(126853, 0.91740233)
(92232, 0.91740233)
(395141, 0.91739554)
(365095, 0.91739546)
(22540, 0.91739546)
(336784, 0.91739546)
(2136, 0.91739546)
(391148, 0.91739546)
(353113, 0.91739546)
(419448, 0.91739546)
(252554, 0.91739537)
(132448, 0.91739537)
(23695, 0.91739537)
(81369, 0.91739537)
(276568, 0.91738858)
(30399, 0.91738858)
(186930, 0.91738858)
(281009, 0.91738849)
(47966, 0.91738841)
(393556, 0.91738841)
(216584, 0.91738841)
(283704, 0.91738841)
(244953, 0.91738833)
(38250, 0.91738162)
(204031, 0.91738153)
(384804, 0.91738153)
(221056, 0.91738153)
(169733, 0.91738153)
(173466, 0.91738145)
(410625, 0.91738145)
(246398, 0.91738145)
(259933, 0.91738145)
(135965, 0.91738145)
(156247, 0.91738145)
(418264, 0.91738145)
(235893, 0.91738145)
(71045, 0.91738145)
(414008, 0.91737465)
(178590, 0.91737457)
(89243, 0.91737457)
(310063, 0.91737457)
(222752, 0.91737457)
(417097, 0.91737457)
(284121, 0.91737449)
(407606, 0.91737449)
(307373, 0.91737449)
(332227, 0.91737449)
(61761, 0.91737449)
(159858, 0.91737441)
(324874, 0.91737441)
(131273, 0.91737432)
(229675, 0.91736753)
(341882, 0.91736753)
(82481, 0.91736744)
(35523, 0.91736736)
(290535, 0.91736736)
(150256, 0.91736736)
(339455, 0.91736065)
(384436, 0.91736057)
(63159, 0.91736048)
(10779, 0.91736048)
(82009, 0.9173604)
(132506, 0.9173604)
(209809, 0.9173536)
(322146, 0.9173536)
(200545, 0.91735352)
(277670, 0.91735352)
(90995, 0.91735352)
(323108, 0.91735344)
(82989, 0.91735336)
(247024, 0.91734656)
(213106, 0.91734648)
(417622, 0.91734639)
(32070, 0.91733952)
(337897, 0.91733935)
(168909, 0.91733247)
(121608, 0.91733247)
(218323, 0.91624691)
(89900, 0.91624003)
(222574, 0.91624003)
(225374, 0.91623995)
(193257, 0.91623995)
(153117, 0.91623307)
(351677, 0.91623299)
(392346, 0.91623291)
(270187, 0.91623291)
(400076, 0.91622603)
(292166, 0.91622603)
(12577, 0.91622595)
(246748, 0.91622595)
(111670, 0.91622586)
(386265, 0.91622586)
(166421, 0.91621907)
(340021, 0.91621907)
(41537, 0.91621907)
(84746, 0.91621898)
(186523, 0.9162189)
(92230, 0.9162189)
(223333, 0.9162189)
(225466, 0.91621219)
(416189, 0.91621211)
(228902, 0.91621202)
(83558, 0.91621202)
(73654, 0.91621202)
(295890, 0.91621194)
(345203, 0.91621194)
(57386, 0.91621194)
(318618, 0.91621186)
(118880, 0.91620514)
(355911, 0.91620514)
(387737, 0.91620506)
(214885, 0.91620506)
(265025, 0.91620498)
(232450, 0.91620498)
(245850, 0.91620498)
(332521, 0.91620498)
(117560, 0.91620498)
(52908, 0.9162049)
(150470, 0.9161981)
(33311, 0.9161981)
(245737, 0.9161981)
(244649, 0.91619802)
(99303, 0.91619802)
(196146, 0.91619793)
(25342, 0.91619785)
(217763, 0.91619106)
(40584, 0.91619106)
(120858, 0.91619106)
(264767, 0.91619106)
(340967, 0.91619106)
(342261, 0.91619106)
(375955, 0.91619097)
(157970, 0.91619097)
(318632, 0.91619097)
(353700, 0.91618409)
(242689, 0.91618409)
(88336, 0.91618409)
(11904, 0.91618401)
(196179, 0.91618401)
(206382, 0.91618401)
(11042, 0.91618401)
(152010, 0.91618401)
(204739, 0.91618393)
(167924, 0.91617705)
(105118, 0.91617697)
(334653, 0.91617697)
(119589, 0.91617697)
(60858, 0.91617017)
(308699, 0.91617009)
(386086, 0.91616992)
(237692, 0.91616305)
(183688, 0.91614912)
(212848, 0.91613495)
(179898, 0.91508445)
(336761, 0.9150774)
(295595, 0.91506356)
(354825, 0.91506356)
(177533, 0.91505652)
(142770, 0.91505652)
(277661, 0.91505644)
(124589, 0.91504956)
(203317, 0.91504956)
(58747, 0.91504948)
(38760, 0.91504948)
(235578, 0.91504948)
(351191, 0.91504948)
(33210, 0.9150426)
(28701, 0.91504251)
(401663, 0.91504251)
(332108, 0.91504243)
(323446, 0.91503564)
(284131, 0.91503555)
(227149, 0.91503555)
(391867, 0.91503555)
(164585, 0.91503547)
(189871, 0.91503539)
(151754, 0.9150353)
(157169, 0.91502851)
(226257, 0.91502851)
(233100, 0.91502843)
(41805, 0.91502843)
(87722, 0.91502163)
(70344, 0.91502163)
(227264, 0.91502163)
(94173, 0.91502163)
(216271, 0.91502155)
(44070, 0.91502155)
(190140, 0.91502155)
(165175, 0.91502155)
(291895, 0.91502155)
(324891, 0.91502155)
(404744, 0.91502146)
(386940, 0.91501459)
(141308, 0.9150145)
(156431, 0.91500762)
(59088, 0.91500754)
(160467, 0.91500746)
(19739, 0.9150005)
(52382, 0.91500041)
(396888, 0.91499362)
(82323, 0.91499362)
(126203, 0.91499354)
(25665, 0.91498666)
(216452, 0.91498649)
(136453, 0.91497961)
(26253, 0.91497265)
(211863, 0.91390093)
(328094, 0.91388005)
(211490, 0.91388005)
(278700, 0.91387309)
(267184, 0.913873)
(412861, 0.913873)
(288144, 0.913873)
(49656, 0.91386604)
(278378, 0.91386596)
(371755, 0.91386596)
(65579, 0.91385925)
(45452, 0.91385908)
(368051, 0.913859)
(415390, 0.9138522)
(126032, 0.91385212)
(203449, 0.91385204)
(302586, 0.91385204)
(397801, 0.91385204)
(203442, 0.91385204)
(140599, 0.91385195)
(317112, 0.91384516)
(417885, 0.91384508)
(43874, 0.91383812)
(27945, 0.91383812)
(147585, 0.91383795)
(211059, 0.91383124)
(387230, 0.91382411)
(224981, 0.91382394)
(297777, 0.91381715)
(400262, 0.91380306)
(372196, 0.91379618)
(412461, 0.91378922)
(35611, 0.91378914)
(401608, 0.91378218)
(192934, 0.91271062)
(382967, 0.91271054)
(176861, 0.91271054)
(19125, 0.91270366)
(405605, 0.91270358)
(403437, 0.91268974)
(254739, 0.91268253)
(196623, 0.91267565)
(39955, 0.91267565)
(351219, 0.91266861)
(97830, 0.91266861)
(371589, 0.91266861)
(20787, 0.91266164)
(236773, 0.91266164)
(127270, 0.91266156)
(161489, 0.91265452)
(338754, 0.91264764)
(282293, 0.91264764)
(196795, 0.91264059)
(49990, 0.91262667)
(262705, 0.91261971)
(81954, 0.91259866)
(74763, 0.91149918)
(58482, 0.9114923)
(35950, 0.91149214)
(241779, 0.91148534)
(240881, 0.91148526)
(254825, 0.91148517)
(99786, 0.91148517)
(230818, 0.91148509)
(50452, 0.91148509)
(19241, 0.91148501)
(195265, 0.91147821)
(67606, 0.91147821)
(402323, 0.91147821)
(183967, 0.91146421)
(173377, 0.91146404)
(186496, 0.91145725)
(225853, 0.91144316)
(236, 0.91030182)
(105261, 0.91029478)
(58065, 0.91029461)
(5393, 0.91028078)
(59679, 0.91028061)
(80681, 0.91027357)
(165912, 0.91026669)
(69500, 0.90912527)
(352886, 0.90911135)
(199443, 0.90911127)
(265310, 0.90910439)
(117850, 0.90793488)
(357949, 0.90553984)
