(251426, 0.94100169)
(13567, 0.94099473)
(338025, 0.94099473)
(82239, 0.94099473)
(168173, 0.93982522)
(166502, 0.93982522)
(340014, 0.93982522)
(283132, 0.93982522)
(135914, 0.93981826)
(253676, 0.93981826)
(215573, 0.93981826)
(309304, 0.93981826)
(205004, 0.93981826)
(63106, 0.93981826)
(53905, 0.93981826)
(340478, 0.93981826)
(232030, 0.93981826)
(105181, 0.93981826)
(172755, 0.93981826)
(263304, 0.93981826)
(280434, 0.93981826)
(333916, 0.9398113)
(141921, 0.93981121)
(39167, 0.93980425)
(20428, 0.93980425)
(320481, 0.93864875)
(112122, 0.93864875)
(315726, 0.93864875)
(267204, 0.93864875)
(297576, 0.93864875)
(258547, 0.93864875)
(344279, 0.93864875)
(154741, 0.93864875)
(123302, 0.93864875)
(282717, 0.93864875)
(369107, 0.93864179)
(352275, 0.93864179)
(296340, 0.93864179)
(405326, 0.93864179)
(112687, 0.93864179)
(34644, 0.93864179)
(149295, 0.93864179)
(67232, 0.93864179)
(7363, 0.93864179)
(336440, 0.93864179)
(212660, 0.93864179)
(51111, 0.93864179)
(156112, 0.93864179)
(33273, 0.93864179)
(40961, 0.93864179)
(273918, 0.93864179)
(257719, 0.93864179)
(355773, 0.93864179)
(259813, 0.93864179)
(184318, 0.93864179)
(267757, 0.93864179)
(371389, 0.93864179)
(389643, 0.93864179)
(317550, 0.93864179)
(305147, 0.93864179)
(272871, 0.93864179)
(300163, 0.93864179)
(81693, 0.93864179)
(364068, 0.93864179)
(85122, 0.93864179)
(94792, 0.93864179)
(281745, 0.93864179)
(77633, 0.93864179)
(128190, 0.93864179)
(148897, 0.93864179)
(358943, 0.93864179)
(67892, 0.93864179)
(251733, 0.93864179)
(212746, 0.93864179)
(93220, 0.93864179)
(121390, 0.93863483)
(329676, 0.93863483)
(15375, 0.93863483)
(73927, 0.93863483)
(242366, 0.93863483)
(64405, 0.93863483)
(110650, 0.93863474)
(148155, 0.93863474)
(248542, 0.93863474)
(17513, 0.93863474)
(45516, 0.93863474)
(156516, 0.93862787)
(318731, 0.93862787)
(294473, 0.93862778)
(66218, 0.93862778)
(147575, 0.93862778)
(328378, 0.93862778)
(365747, 0.93862778)
(55506, 0.93862778)
(49284, 0.93862778)
(304646, 0.93861378)
(274837, 0.93747228)
(100821, 0.93747228)
(150964, 0.93747228)
(76291, 0.93747228)
(247393, 0.93747228)
(260811, 0.93747228)
(180008, 0.93747228)
(148683, 0.93747228)
(234801, 0.93747228)
(388466, 0.93747228)
(305041, 0.93747228)
(304689, 0.93747228)
(126073, 0.93747228)
(71905, 0.93747228)
(217300, 0.93747228)
(220533, 0.93746532)
(210474, 0.93746532)
(76173, 0.93746532)
(67194, 0.93746532)
(279432, 0.93746532)
(92507, 0.93746532)
(194820, 0.93746532)
(318486, 0.93746532)
(157040, 0.93746532)
(333042, 0.93746532)
(240706, 0.93746532)
(249692, 0.93746532)
(138454, 0.93746532)
(371045, 0.93746532)
(157944, 0.93746532)
(382420, 0.93746532)
(276816, 0.93746532)
(291430, 0.93746532)
(280570, 0.93746532)
(242042, 0.93746532)
(252667, 0.93746532)
(375550, 0.93746532)
(416442, 0.93746532)
(289769, 0.93746532)
(391717, 0.93746532)
(210445, 0.93746532)
(286339, 0.93746532)
(345704, 0.93746532)
(253061, 0.93746532)
(243979, 0.93746532)
(23894, 0.93746532)
(321535, 0.93746532)
(377202, 0.93746532)
(249481, 0.93746532)
(148592, 0.93746532)
(237096, 0.93746532)
(377295, 0.93746532)
(159337, 0.93746532)
(270343, 0.93746532)
(410737, 0.93746532)
(180577, 0.93746532)
(54439, 0.93746532)
(19923, 0.93746532)
(97129, 0.93746532)
(352002, 0.93746532)
(110990, 0.93746532)
(130156, 0.93746532)
(145502, 0.93746532)
(74419, 0.93746532)
(154347, 0.93746532)
(48042, 0.93746532)
(362595, 0.93746532)
(234083, 0.93746532)
(356577, 0.93746532)
(171173, 0.93746532)
(395544, 0.93746532)
(85196, 0.93746532)
(266565, 0.93746532)
(267209, 0.93746532)
(286267, 0.93746532)
(106345, 0.93746532)
(34659, 0.93746532)
(292089, 0.93746532)
(334762, 0.93746532)
(12026, 0.93746532)
(356214, 0.93746532)
(167678, 0.93746532)
(179603, 0.93746532)
(177195, 0.93746532)
(263568, 0.93746532)
(270252, 0.93745836)
(24187, 0.93745836)
(226046, 0.93745836)
(307388, 0.93745836)
(25885, 0.93745836)
(99930, 0.93745836)
(247093, 0.93745836)
(314326, 0.93745836)
(117218, 0.93745836)
(374661, 0.93745836)
(229090, 0.93745836)
(79749, 0.93745836)
(240981, 0.93745836)
(248224, 0.93745836)
(377142, 0.93745836)
(374406, 0.93745836)
(287679, 0.93745836)
(11426, 0.93745836)
(239555, 0.93745836)
(320708, 0.93745836)
(392113, 0.93745836)
(79603, 0.93745836)
(78583, 0.93745836)
(407952, 0.93745836)
(212000, 0.93745836)
(296610, 0.93745836)
(415170, 0.93745836)
(357084, 0.93745836)
(184393, 0.93745836)
(181933, 0.93745836)
(114455, 0.93745836)
(54303, 0.93745836)
(226987, 0.93745836)
(44851, 0.93745836)
(152188, 0.93745836)
(391568, 0.93745836)
(158540, 0.93745836)
(91971, 0.93745836)
(292375, 0.93745827)
(340418, 0.93745827)
(112158, 0.93745827)
(190255, 0.93745827)
(63934, 0.93745827)
(15754, 0.93745827)
(83180, 0.93745827)
(393086, 0.93745827)
(9460, 0.93745827)
(197040, 0.93745139)
(18161, 0.93745139)
(328247, 0.93745139)
(401717, 0.93745139)
(235596, 0.93745139)
(146520, 0.93745131)
(56856, 0.93745131)
(341425, 0.93745131)
(120121, 0.93745131)
(284276, 0.93745131)
(161450, 0.93745131)
(41119, 0.93745131)
(188630, 0.93745131)
(73951, 0.93745131)
(270103, 0.93745131)
(96050, 0.93745131)
(39750, 0.93745131)
(384554, 0.93745131)
(98184, 0.93745131)
(102408, 0.93745131)
(115190, 0.93745131)
(191255, 0.93745131)
(334780, 0.93745131)
(312687, 0.93745131)
(257618, 0.93745131)
(17101, 0.93745131)
(212556, 0.93745131)
(254637, 0.93745131)
(274285, 0.93745131)
(285720, 0.93744435)
(135001, 0.93744435)
(376853, 0.93744435)
(98963, 0.93744435)
(92895, 0.93744435)
(61116, 0.93744435)
(170854, 0.93743731)
(42649, 0.93629581)
(285918, 0.93629581)
(323050, 0.93629581)
(377593, 0.93629581)
(378062, 0.93629581)
(87602, 0.93629581)
(93384, 0.93629581)
(58581, 0.93629581)
(258438, 0.93629581)
(3576, 0.93629581)
(180556, 0.93629581)
(63630, 0.93629581)
(341372, 0.93629581)
(86347, 0.93629581)
(278793, 0.93628885)
(396178, 0.93628885)
(256547, 0.93628885)
(212624, 0.93628885)
(416478, 0.93628885)
(143963, 0.93628885)
(28692, 0.93628885)
(379792, 0.93628885)
(130291, 0.93628885)
(349260, 0.93628885)
(194979, 0.93628885)
(110356, 0.93628885)
(272747, 0.93628885)
(268236, 0.93628885)
(153518, 0.93628885)
(322639, 0.93628885)
(379643, 0.93628885)
(50108, 0.93628885)
(326964, 0.93628885)
(5349, 0.93628885)
(334952, 0.93628885)
(345909, 0.93628885)
(95756, 0.93628885)
(87121, 0.93628885)
(105459, 0.93628885)
(96732, 0.93628885)
(185050, 0.93628885)
(187220, 0.93628885)
(244066, 0.93628885)
(97067, 0.93628885)
(152668, 0.93628885)
(255882, 0.93628885)
(180377, 0.93628885)
(157289, 0.93628885)
(164765, 0.93628885)
(130710, 0.93628885)
(98208, 0.93628885)
(52055, 0.93628885)
(60025, 0.93628885)
(223458, 0.93628885)
(325025, 0.93628885)
(214940, 0.93628885)
(224202, 0.93628885)
(116497, 0.93628885)
(359587, 0.93628885)
(359164, 0.93628885)
(51715, 0.93628885)
(159656, 0.93628885)
(132588, 0.93628885)
(335214, 0.93628885)
(26895, 0.93628885)
(186200, 0.93628885)
(277207, 0.93628885)
(330561, 0.93628885)
(48151, 0.93628885)
(182329, 0.93628885)
(394026, 0.93628885)
(330136, 0.93628885)
(287824, 0.93628189)
(149451, 0.93628189)
(205433, 0.93628189)
(102257, 0.93628189)
(306425, 0.93628189)
(234068, 0.93628189)
(183761, 0.93628189)
(301301, 0.93628189)
(117567, 0.93628189)
(225361, 0.93628189)
(400715, 0.93628189)
(351972, 0.93628189)
(184075, 0.93628189)
(238208, 0.93628189)
(367627, 0.93628189)
(214172, 0.93628189)
(171479, 0.93628189)
(304511, 0.93628189)
(282271, 0.93628189)
(292232, 0.93628189)
(416834, 0.93628189)
(166158, 0.93628189)
(191564, 0.93628189)
(44436, 0.93628189)
(231355, 0.93628189)
(161913, 0.93628189)
(362082, 0.93628189)
(163639, 0.93628189)
(254102, 0.93628189)
(35805, 0.93628189)
(322497, 0.93628189)
(63519, 0.93628189)
(316040, 0.93628189)
(291809, 0.93628189)
(290094, 0.93628189)
(416145, 0.93628189)
(103231, 0.93628189)
(30584, 0.93628189)
(297683, 0.93628189)
(232691, 0.93628189)
(292264, 0.93628189)
(110166, 0.93628189)
(113195, 0.93628189)
(231711, 0.93628189)
(81510, 0.93628189)
(385997, 0.93628189)
(54308, 0.93628189)
(292246, 0.93628189)
(36367, 0.93628189)
(106296, 0.93628189)
(10819, 0.93628189)
(187840, 0.93628189)
(57353, 0.93628189)
(376770, 0.93628189)
(208863, 0.93628189)
(261084, 0.93628189)
(166085, 0.93628189)
(6337, 0.93628189)
(343800, 0.9362818)
(131442, 0.9362818)
(376430, 0.9362818)
(406606, 0.9362818)
(416159, 0.9362818)
(148939, 0.9362818)
(340565, 0.9362818)
(409007, 0.9362818)
(379091, 0.9362818)
(47958, 0.9362818)
(108497, 0.9362818)
(47304, 0.93627492)
(65078, 0.93627492)
(272932, 0.93627492)
(123327, 0.93627492)
(359377, 0.93627492)
(274946, 0.93627492)
(120502, 0.93627492)
(35670, 0.93627492)
(94414, 0.93627492)
(60356, 0.93627492)
(395051, 0.93627492)
(179990, 0.93627492)
(109520, 0.93627492)
(162941, 0.93627492)
(256827, 0.93627492)
(94082, 0.93627492)
(143017, 0.93627492)
(26983, 0.93627484)
(39946, 0.93627484)
(31334, 0.93627484)
(242217, 0.93627484)
(59451, 0.93627484)
(173226, 0.93627484)
(310812, 0.93627484)
(297707, 0.93627484)
(161699, 0.93627484)
(124899, 0.93627484)
(12045, 0.93627484)
(321984, 0.93627484)
(275244, 0.93627484)
(343694, 0.93627484)
(377480, 0.93627484)
(200434, 0.93627484)
(15679, 0.93627484)
(403031, 0.93627484)
(265149, 0.93627484)
(180194, 0.93627484)
(6893, 0.93627484)
(343333, 0.93627484)
(278364, 0.93627484)
(341607, 0.93627484)
(331512, 0.93627484)
(294169, 0.93627484)
(220784, 0.93627484)
(347146, 0.93627484)
(177828, 0.93627484)
(207151, 0.93627484)
(397077, 0.93627484)
(284244, 0.93626796)
(190972, 0.93626796)
(10676, 0.93626796)
(7257, 0.93626796)
(402710, 0.93626788)
(74037, 0.93626788)
(373926, 0.93626788)
(233215, 0.93626788)
(374613, 0.93626788)
(179850, 0.93626788)
(32701, 0.93626788)
(311099, 0.93626788)
(150606, 0.93626788)
(291856, 0.93626788)
(338866, 0.93626788)
(87852, 0.93626788)
(190452, 0.93626788)
(250948, 0.93626788)
(21788, 0.93626788)
(98437, 0.93626788)
(76538, 0.93626788)
(118398, 0.93626788)
(33795, 0.93626788)
(59346, 0.93626788)
(109212, 0.93626788)
(247797, 0.93626788)
(261669, 0.93626788)
(153291, 0.93626788)
(350265, 0.93626788)
(398032, 0.93626788)
(391636, 0.9362678)
(153868, 0.9362678)
(155228, 0.93626092)
(239896, 0.93626092)
(338983, 0.93626092)
(310135, 0.93626092)
(370457, 0.93626092)
(144843, 0.93626092)
(64992, 0.93626092)
(5572, 0.93626084)
(390051, 0.93626084)
(295667, 0.93626084)
(139534, 0.93625379)
(292962, 0.93511934)
(394372, 0.93511934)
(94085, 0.93511934)
(124771, 0.93511934)
(220327, 0.93511934)
(4334, 0.93511934)
(39308, 0.93511934)
(81433, 0.93511934)
(4707, 0.93511934)
(47588, 0.93511934)
(379403, 0.93511934)
(2078, 0.93511238)
(294212, 0.93511238)
(83775, 0.93511238)
(394577, 0.93511238)
(375830, 0.93511238)
(131716, 0.93511238)
(217714, 0.93511238)
(330870, 0.93511238)
(49140, 0.93511238)
(5649, 0.93511238)
(375892, 0.93511238)
(43268, 0.93511238)
(45137, 0.93511238)
(116402, 0.93511238)
(370636, 0.93511238)
(384806, 0.93511238)
(88506, 0.93511238)
(316379, 0.93511238)
(188578, 0.93511238)
(378762, 0.93511238)
(157272, 0.93511238)
(295004, 0.93511238)
(230863, 0.93511238)
(363914, 0.93511238)
(283800, 0.93511238)
(106350, 0.93511238)
(357740, 0.93511238)
(10309, 0.93511238)
(156166, 0.93511238)
(213279, 0.93511238)
(34780, 0.93511238)
(258237, 0.93511238)
(306460, 0.93511238)
(248786, 0.93511238)
(94000, 0.93511238)
(189536, 0.93511238)
(412943, 0.93511238)
(395289, 0.93511238)
(298396, 0.93511238)
(29778, 0.93511238)
(120751, 0.93511238)
(186207, 0.93511238)
(252186, 0.93511238)
(330214, 0.93511238)
(394348, 0.93511238)
(146699, 0.93511238)
(88333, 0.93510541)
(400305, 0.93510541)
(247772, 0.93510541)
(375373, 0.93510541)
(417861, 0.93510541)
(314785, 0.93510541)
(186706, 0.93510541)
(388834, 0.93510541)
(42414, 0.93510541)
(104754, 0.93510541)
(409651, 0.93510541)
(125626, 0.93510541)
(93734, 0.93510541)
(48668, 0.93510541)
(96330, 0.93510541)
(346223, 0.93510541)
(67954, 0.93510541)
(383349, 0.93510541)
(208002, 0.93510541)
(361511, 0.93510541)
(109381, 0.93510541)
(354420, 0.93510541)
(45617, 0.93510541)
(381301, 0.93510541)
(116080, 0.93510541)
(107861, 0.93510541)
(257446, 0.93510541)
(314484, 0.93510541)
(315314, 0.93510541)
(411906, 0.93510541)
(370005, 0.93510541)
(37799, 0.93510541)
(79091, 0.93510541)
(211157, 0.93510541)
(158305, 0.93510541)
(388249, 0.93510541)
(250930, 0.93510541)
(336687, 0.93510541)
(412624, 0.93510541)
(108545, 0.93510541)
(157162, 0.93510541)
(162689, 0.93510541)
(163098, 0.93510541)
(393106, 0.93510541)
(81643, 0.93510541)
(271148, 0.93510541)
(408114, 0.93510541)
(412357, 0.93510541)
(333754, 0.93510541)
(282647, 0.93510541)
(288468, 0.93510541)
(31213, 0.93510541)
(333905, 0.93510541)
(193087, 0.93510541)
(48844, 0.93510541)
(409261, 0.93510541)
(194670, 0.93510541)
(167673, 0.93510541)
(240092, 0.93510541)
(259517, 0.93510541)
(312544, 0.93510541)
(114511, 0.93510541)
(76383, 0.93510533)
(51310, 0.93510533)
(333946, 0.93510533)
(349901, 0.93510533)
(158008, 0.93510533)
(201576, 0.93510533)
(289374, 0.93510533)
(299900, 0.93510533)
(162284, 0.93510533)
(309125, 0.93510533)
(202139, 0.93510533)
(221814, 0.93509845)
(102252, 0.93509845)
(42584, 0.93509845)
(124972, 0.93509845)
(202477, 0.93509845)
(397330, 0.93509845)
(3361, 0.93509845)
(370990, 0.93509845)
(313649, 0.93509845)
(400736, 0.93509845)
(403598, 0.93509845)
(210800, 0.93509845)
(110353, 0.93509845)
(99668, 0.93509845)
(304053, 0.93509845)
(15592, 0.93509845)
(244227, 0.93509845)
(165015, 0.93509845)
(14127, 0.93509845)
(143032, 0.93509845)
(71586, 0.93509845)
(287443, 0.93509845)
(363666, 0.93509845)
(401167, 0.93509845)
(141754, 0.93509845)
(387477, 0.93509845)
(194050, 0.93509845)
(157058, 0.93509837)
(25313, 0.93509837)
(202324, 0.93509837)
(54018, 0.93509837)
(300231, 0.93509837)
(394537, 0.93509837)
(311015, 0.93509837)
(203150, 0.93509837)
(279030, 0.93509837)
(151745, 0.93509837)
(24180, 0.93509837)
(417745, 0.93509837)
(146277, 0.93509837)
(92017, 0.93509837)
(146048, 0.93509837)
(191646, 0.93509837)
(299304, 0.93509837)
(164680, 0.93509837)
(354482, 0.93509837)
(262970, 0.93509837)
(207570, 0.93509837)
(130656, 0.93509837)
(92168, 0.93509837)
(98611, 0.93509837)
(43274, 0.93509837)
(137245, 0.93509837)
(298610, 0.93509837)
(234941, 0.93509837)
(371347, 0.93509837)
(343564, 0.93509837)
(92781, 0.93509837)
(332881, 0.93509837)
(228142, 0.93509837)
(405534, 0.93509837)
(200969, 0.93509837)
(346480, 0.93509837)
(187384, 0.93509837)
(279483, 0.93509837)
(263396, 0.93509837)
(239364, 0.93509837)
(145680, 0.93509837)
(44787, 0.93509837)
(320044, 0.93509837)
(304410, 0.93509837)
(182452, 0.93509837)
(38800, 0.93509837)
(203348, 0.93509837)
(258855, 0.93509837)
(43820, 0.93509837)
(134469, 0.93509149)
(354223, 0.93509149)
(300345, 0.93509149)
(185309, 0.93509149)
(197288, 0.93509149)
(155403, 0.93509141)
(405663, 0.93509141)
(69079, 0.93509141)
(274421, 0.93509141)
(250723, 0.93509141)
(299649, 0.93509141)
(354585, 0.93509141)
(407203, 0.93509141)
(210711, 0.93509141)
(205874, 0.93509141)
(81487, 0.93509141)
(318001, 0.93509141)
(344949, 0.93509141)
(353184, 0.93509141)
(208728, 0.93509141)
(309037, 0.93509141)
(169116, 0.93509141)
(265581, 0.93509141)
(53111, 0.93509141)
(84406, 0.93509141)
(218023, 0.93509141)
(3974, 0.93509141)
(403899, 0.93509141)
(26764, 0.93509141)
(299528, 0.93509141)
(125123, 0.93509141)
(354164, 0.93509141)
(101678, 0.93509141)
(310447, 0.93509141)
(325473, 0.93509141)
(137553, 0.93509141)
(184550, 0.93509141)
(190046, 0.93509141)
(241076, 0.93509141)
(100375, 0.93509141)
(12537, 0.93509141)
(19901, 0.93509141)
(301474, 0.93509141)
(48002, 0.93509141)
(269000, 0.93509133)
(175942, 0.93508445)
(248308, 0.93508445)
(188281, 0.93508445)
(92404, 0.93508445)
(258649, 0.93508445)
(245454, 0.93508445)
(305262, 0.93508445)
(239239, 0.93508445)
(336407, 0.93508445)
(124640, 0.93508445)
(345368, 0.93508445)
(336348, 0.93508445)
(400780, 0.93508445)
(120123, 0.93508445)
(334815, 0.93508445)
(85478, 0.93508445)
(37273, 0.93508437)
(136411, 0.93508437)
(86058, 0.93508437)
(198610, 0.93508437)
(156231, 0.93508437)
(339879, 0.93508437)
(45552, 0.93508437)
(290932, 0.93508437)
(29718, 0.93508437)
(321194, 0.93508437)
(308736, 0.93508437)
(327881, 0.93508437)
(244681, 0.9350774)
(154733, 0.9350774)
(417221, 0.9350774)
(164436, 0.9350774)
(317587, 0.9350774)
(29048, 0.9350774)
(118807, 0.9350774)
(3677, 0.93507732)
(146223, 0.93507044)
(261507, 0.93507036)
(406157, 0.93507036)
(197051, 0.93506348)
(81541, 0.9350634)
(301821, 0.9350634)
(350208, 0.93506332)
(190539, 0.93505652)
(413035, 0.93394287)
(78524, 0.93394287)
(229711, 0.93393591)
(193634, 0.93393591)
(338001, 0.93393591)
(403433, 0.93393591)
(21734, 0.93393591)
(403308, 0.93393591)
(126179, 0.93393591)
(176110, 0.93393591)
(116096, 0.93393591)
(253874, 0.93393591)
(306486, 0.93393591)
(291968, 0.93393591)
(182054, 0.93393591)
(140409, 0.93393591)
(401383, 0.93393591)
(182651, 0.93393591)
(51655, 0.93393591)
(296618, 0.93393591)
(250280, 0.93393591)
(97434, 0.93393591)
(225304, 0.93393591)
(120874, 0.93393591)
(90019, 0.93393591)
(163535, 0.93393591)
(247248, 0.93393591)
(303580, 0.93393591)
(66703, 0.93393591)
(302190, 0.93393591)
(407326, 0.93393591)
(243444, 0.93393591)
(172965, 0.93393591)
(184960, 0.93393591)
(221033, 0.93393591)
(96920, 0.93393591)
(326237, 0.93393591)
(31041, 0.93393591)
(217152, 0.93393591)
(242376, 0.93393591)
(170443, 0.93393591)
(361949, 0.93393591)
(273300, 0.93393591)
(328606, 0.93393591)
(196100, 0.93393591)
(16935, 0.93393591)
(129064, 0.93393591)
(67917, 0.93392894)
(156062, 0.93392894)
(200790, 0.93392894)
(365671, 0.93392894)
(373637, 0.93392894)
(369038, 0.93392894)
(59780, 0.93392894)
(376506, 0.93392894)
(272861, 0.93392894)
(358193, 0.93392894)
(413225, 0.93392894)
(195129, 0.93392894)
(417542, 0.93392894)
(218057, 0.93392894)
(356484, 0.93392894)
(360678, 0.93392894)
(198343, 0.93392894)
(54290, 0.93392894)
(89913, 0.93392894)
(29613, 0.93392894)
(294091, 0.93392894)
(372616, 0.93392894)
(344058, 0.93392894)
(106562, 0.93392894)
(287464, 0.93392894)
(395640, 0.93392894)
(210674, 0.93392894)
(19301, 0.93392894)
(269739, 0.93392894)
(143999, 0.93392894)
(64198, 0.93392894)
(328557, 0.93392894)
(98620, 0.93392894)
(77851, 0.93392894)
(206280, 0.93392894)
(272281, 0.93392894)
(30633, 0.93392894)
(116889, 0.93392894)
(412313, 0.93392894)
(246014, 0.93392894)
(234574, 0.93392894)
(247350, 0.93392894)
(347246, 0.93392894)
(338938, 0.93392894)
(331293, 0.93392894)
(76497, 0.93392894)
(169193, 0.93392894)
(91630, 0.93392894)
(105243, 0.93392894)
(406080, 0.93392894)
(108498, 0.93392894)
(345780, 0.93392894)
(346956, 0.93392894)
(171670, 0.93392894)
(32848, 0.93392894)
(330140, 0.93392894)
(332620, 0.93392894)
(283141, 0.93392894)
(64973, 0.93392894)
(386932, 0.93392894)
(318819, 0.93392894)
(353035, 0.93392894)
(45508, 0.93392894)
(81702, 0.93392894)
(318963, 0.93392894)
(46539, 0.93392886)
(278633, 0.93392886)
(338138, 0.93392886)
(151646, 0.93392886)
(332677, 0.93392886)
(341143, 0.93392886)
(100310, 0.93392198)
(79383, 0.93392198)
(323862, 0.93392198)
(336788, 0.93392198)
(340146, 0.93392198)
(195925, 0.93392198)
(381228, 0.93392198)
(130659, 0.93392198)
(320128, 0.93392198)
(95421, 0.93392198)
(334328, 0.93392198)
(176690, 0.93392198)
(305947, 0.93392198)
(69494, 0.93392198)
(213261, 0.93392198)
(248256, 0.93392198)
(358230, 0.93392198)
(51306, 0.93392198)
(401826, 0.93392198)
(256691, 0.93392198)
(378577, 0.93392198)
(132503, 0.93392198)
(290007, 0.93392198)
(165280, 0.93392198)
(23258, 0.93392198)
(399971, 0.93392198)
(48031, 0.93392198)
(62171, 0.93392198)
(220348, 0.93392198)
(294904, 0.93392198)
(63019, 0.93392198)
(105450, 0.93392198)
(131688, 0.93392198)
(211788, 0.93392198)
(371789, 0.93392198)
(327434, 0.93392198)
(179443, 0.93392198)
(297072, 0.9339219)
(55776, 0.9339219)
(372594, 0.9339219)
(356497, 0.9339219)
(340701, 0.9339219)
(360587, 0.9339219)
(205713, 0.9339219)
(153079, 0.9339219)
(76441, 0.9339219)
(187732, 0.9339219)
(337463, 0.9339219)
(408426, 0.9339219)
(220399, 0.9339219)
(274116, 0.9339219)
(174906, 0.9339219)
(66240, 0.9339219)
(21117, 0.9339219)
(309540, 0.9339219)
(122323, 0.9339219)
(195369, 0.9339219)
(168160, 0.9339219)
(356178, 0.9339219)
(288454, 0.9339219)
(147319, 0.9339219)
(401714, 0.9339219)
(279779, 0.9339219)
(165342, 0.9339219)
(84582, 0.9339219)
(209346, 0.9339219)
(147826, 0.9339219)
(410295, 0.9339219)
(73933, 0.9339219)
(45873, 0.9339219)
(402828, 0.9339219)
(401096, 0.9339219)
(352465, 0.9339219)
(154381, 0.9339219)
(109570, 0.9339219)
(171495, 0.9339219)
(255600, 0.9339219)
(294884, 0.9339219)
(313056, 0.9339219)
(52220, 0.93391502)
(30755, 0.93391502)
(251559, 0.93391502)
(364788, 0.93391502)
(201300, 0.93391502)
(150332, 0.93391502)
(368653, 0.93391502)
(59989, 0.93391502)
(180369, 0.93391502)
(395494, 0.93391502)
(378161, 0.93391502)
(265203, 0.93391502)
(161130, 0.93391502)
(18835, 0.93391502)
(28474, 0.93391502)
(367109, 0.93391502)
(373195, 0.93391502)
(204009, 0.93391502)
(250835, 0.93391502)
(388414, 0.93391502)
(1668, 0.93391502)
(243860, 0.93391494)
(158791, 0.93391494)
(60862, 0.93391494)
(336326, 0.93391494)
(192231, 0.93391494)
(90668, 0.93391494)
(354490, 0.93391494)
(187178, 0.93391494)
(381699, 0.93391494)
(373214, 0.93391494)
(294770, 0.93391494)
(412126, 0.93391494)
(360527, 0.93391494)
(178767, 0.93391494)
(280787, 0.93391494)
(146245, 0.93391494)
(198796, 0.93391494)
(392315, 0.93391494)
(95503, 0.93391494)
(412707, 0.93391494)
(158795, 0.93391494)
(334810, 0.93391494)
(90673, 0.93391494)
(378072, 0.93391494)
(264030, 0.93391494)
(139845, 0.93391494)
(326257, 0.93391494)
(56679, 0.93391494)
(7618, 0.93391494)
(271930, 0.93391494)
(158995, 0.93391494)
(349746, 0.93391494)
(23044, 0.93391494)
(123550, 0.93391494)
(288338, 0.93391494)
(250780, 0.93391494)
(144537, 0.93391494)
(346853, 0.93391494)
(405965, 0.93391494)
(396977, 0.93391494)
(341829, 0.93391494)
(177856, 0.93391494)
(51622, 0.93391494)
(375499, 0.93391486)
(79213, 0.93391486)
(191284, 0.93391486)
(193743, 0.93391486)
(240489, 0.93391486)
(33470, 0.93390806)
(414060, 0.93390806)
(22398, 0.93390806)
(323112, 0.93390806)
(405883, 0.93390798)
(62827, 0.93390798)
(31010, 0.93390798)
(333465, 0.93390798)
(138300, 0.93390798)
(279454, 0.93390798)
(398288, 0.93390798)
(50374, 0.93390798)
(255932, 0.93390798)
(344185, 0.93390798)
(395977, 0.93390798)
(160753, 0.93390798)
(417557, 0.93390798)
(274910, 0.93390798)
(413564, 0.93390798)
(350836, 0.93390798)
(240851, 0.93390798)
(255392, 0.93390798)
(83309, 0.93390798)
(115047, 0.93390798)
(117252, 0.93390798)
(338967, 0.93390798)
(208188, 0.93390798)
(179022, 0.93390798)
(328782, 0.93390798)
(303663, 0.93390798)
(2145, 0.93390789)
(41116, 0.93390789)
(257533, 0.93390789)
(221379, 0.93390789)
(101034, 0.93390789)
(250731, 0.93390789)
(59698, 0.93390789)
(79366, 0.93390789)
(77003, 0.93390789)
(322880, 0.93390789)
(274436, 0.93390789)
(50645, 0.93390789)
(251610, 0.93390789)
(350669, 0.93390789)
(409823, 0.93390102)
(274443, 0.93390102)
(319597, 0.93390102)
(310466, 0.93390102)
(267095, 0.93390102)
(233931, 0.93390102)
(216787, 0.93390093)
(188387, 0.93390093)
(223425, 0.93390093)
(84286, 0.93390093)
(67895, 0.93390093)
(117159, 0.93390093)
(333446, 0.93390093)
(260046, 0.93390093)
(358956, 0.93390093)
(21915, 0.93390093)
(351606, 0.93390093)
(127721, 0.93390093)
(275773, 0.93390093)
(280490, 0.93390093)
(57266, 0.93390093)
(27356, 0.93389397)
(419182, 0.93389397)
(114637, 0.93389397)
(230718, 0.93389397)
(379261, 0.93389397)
(64712, 0.93389389)
(317419, 0.93389389)
(132334, 0.93389389)
(310604, 0.93389389)
(317241, 0.93389389)
(353602, 0.93389389)
(337603, 0.93388701)
(300026, 0.93388693)
(108081, 0.93388693)
(415365, 0.93387997)
(401259, 0.93387988)
(355047, 0.93387988)
(175346, 0.93387988)
(73854, 0.9327664)
(174190, 0.9327664)
(100817, 0.9327664)
(221345, 0.93275944)
(32022, 0.93275944)
(260715, 0.93275944)
(221416, 0.93275944)
(228340, 0.93275944)
(50344, 0.93275944)
(408610, 0.93275944)
(142633, 0.93275944)
(383656, 0.93275944)
(25847, 0.93275944)
(340537, 0.93275944)
(79479, 0.93275944)
(322147, 0.93275944)
(225878, 0.93275944)
(246692, 0.93275944)
(43848, 0.93275944)
(331233, 0.93275944)
(248711, 0.93275944)
(406274, 0.93275944)
(256942, 0.93275944)
(406857, 0.93275944)
(312305, 0.93275944)
(273947, 0.93275944)
(409681, 0.93275944)
(407032, 0.93275944)
(249470, 0.93275944)
(125962, 0.93275944)
(414443, 0.93275944)
(89366, 0.93275247)
(206490, 0.93275247)
(395535, 0.93275247)
(382594, 0.93275247)
(11468, 0.93275247)
(258618, 0.93275247)
(284968, 0.93275247)
(221576, 0.93275247)
(199163, 0.93275247)
(40182, 0.93275247)
(270491, 0.93275247)
(351923, 0.93275247)
(299183, 0.93275247)
(54212, 0.93275247)
(349202, 0.93275247)
(178829, 0.93275247)
(215532, 0.93275247)
(243, 0.93275247)
(129860, 0.93275247)
(282111, 0.93275247)
(94511, 0.93275247)
(78468, 0.93275247)
(393044, 0.93275247)
(49038, 0.93275247)
(92834, 0.93275247)
(331374, 0.93275247)
(229029, 0.93275247)
(100293, 0.93275247)
(315389, 0.93275247)
(98240, 0.93275247)
(187736, 0.93275247)
(122811, 0.93275247)
(359997, 0.93275247)
(46426, 0.93275247)
(247274, 0.93275247)
(23055, 0.93275247)
(258318, 0.93275247)
(161298, 0.93275247)
(246597, 0.93275247)
(220177, 0.93275247)
(207645, 0.93275247)
(312408, 0.93275247)
(146807, 0.93275247)
(411218, 0.93275239)
(254383, 0.93275239)
(139646, 0.93275239)
(168802, 0.93275239)
(218570, 0.93275239)
(257293, 0.93275239)
(412440, 0.93274551)
(132211, 0.93274551)
(243947, 0.93274551)
(191381, 0.93274551)
(88003, 0.93274551)
(20069, 0.93274551)
(114223, 0.93274551)
(159537, 0.93274551)
(362920, 0.93274551)
(136653, 0.93274551)
(104684, 0.93274551)
(8080, 0.93274551)
(185792, 0.93274551)
(264347, 0.93274551)
(257830, 0.93274551)
(56359, 0.93274551)
(249541, 0.93274551)
(20878, 0.93274551)
(56212, 0.93274551)
(7769, 0.93274551)
(86679, 0.93274551)
(218723, 0.93274551)
(301807, 0.93274551)
(186632, 0.93274551)
(50764, 0.93274551)
(394120, 0.93274551)
(180361, 0.93274551)
(69798, 0.93274551)
(408658, 0.93274551)
(288354, 0.93274551)
(229381, 0.93274551)
(352146, 0.93274551)
(259770, 0.93274551)
(245169, 0.93274551)
(100575, 0.93274551)
(182561, 0.93274551)
(150144, 0.93274551)
(349310, 0.93274551)
(251092, 0.93274551)
(193984, 0.93274551)
(335593, 0.93274551)
(165028, 0.93274551)
(308084, 0.93274551)
(267324, 0.93274551)
(396137, 0.93274551)
(160379, 0.93274551)
(91155, 0.93274551)
(196871, 0.93274543)
(73916, 0.93274543)
(156417, 0.93274543)
(401507, 0.93274543)
(325677, 0.93274543)
(252085, 0.93274543)
(105899, 0.93274543)
(312849, 0.93274543)
(10354, 0.93274543)
(220772, 0.93274543)
(315444, 0.93274543)
(118416, 0.93274543)
(192498, 0.93274543)
(188259, 0.93274543)
(101442, 0.93274543)
(169729, 0.93274543)
(17126, 0.93274543)
(83702, 0.93274543)
(160269, 0.93274543)
(299834, 0.93274543)
(369982, 0.93274543)
(12171, 0.93274543)
(7895, 0.93273855)
(216871, 0.93273855)
(36949, 0.93273855)
(376618, 0.93273855)
(280844, 0.93273855)
(116464, 0.93273855)
(73051, 0.93273855)
(89391, 0.93273855)
(10682, 0.93273855)
(324649, 0.93273855)
(244688, 0.93273855)
(84213, 0.93273855)
(160983, 0.93273855)
(110394, 0.93273855)
(6668, 0.93273855)
(227437, 0.93273855)
(321761, 0.93273855)
(419929, 0.93273855)
(318253, 0.93273855)
(248506, 0.93273847)
(286882, 0.93273847)
(79953, 0.93273847)
(159952, 0.93273847)
(293650, 0.93273847)
(392162, 0.93273847)
(230022, 0.93273847)
(362938, 0.93273847)
(128489, 0.93273847)
(224518, 0.93273847)
(173590, 0.93273847)
(270622, 0.93273847)
(145642, 0.93273847)
(32592, 0.93273847)
(265658, 0.93273847)
(297484, 0.93273847)
(114955, 0.93273847)
(2146, 0.93273847)
(5367, 0.93273847)
(393105, 0.93273847)
(77042, 0.93273847)
(15972, 0.93273847)
(275100, 0.93273847)
(171853, 0.93273847)
(315075, 0.93273847)
(4701, 0.93273847)
(128754, 0.93273847)
(279816, 0.93273847)
(192710, 0.93273847)
(281170, 0.93273847)
(39517, 0.93273847)
(216887, 0.93273847)
(340515, 0.93273847)
(361706, 0.93273847)
(379429, 0.93273847)
(394852, 0.93273847)
(63274, 0.93273847)
(88154, 0.93273847)
(312241, 0.93273847)
(13289, 0.93273847)
(110940, 0.93273847)
(192826, 0.93273847)
(136774, 0.93273847)
(156565, 0.93273847)
(196921, 0.93273847)
(191947, 0.93273847)
(204665, 0.93273847)
(26808, 0.93273847)
(34220, 0.93273847)
(230881, 0.93273847)
(220176, 0.93273847)
(186820, 0.93273839)
(17467, 0.93273839)
(11046, 0.93273839)
(203839, 0.93273839)
(56726, 0.93273839)
(58279, 0.93273159)
(418898, 0.93273159)
(225034, 0.93273159)
(265884, 0.93273151)
(87769, 0.93273151)
(406343, 0.93273151)
(412781, 0.93273151)
(41584, 0.93273151)
(339220, 0.93273151)
(71161, 0.93273151)
(149430, 0.93273151)
(309683, 0.93273151)
(324296, 0.93273151)
(372756, 0.93273151)
(338571, 0.93273151)
(64435, 0.93273151)
(344856, 0.93273151)
(69137, 0.93273151)
(65141, 0.93273151)
(18222, 0.93273151)
(111921, 0.93273151)
(246076, 0.93273151)
(167920, 0.93273151)
(14923, 0.93273151)
(252770, 0.93273151)
(291220, 0.93273151)
(50547, 0.93273151)
(240297, 0.93273151)
(165079, 0.93273142)
(89345, 0.93273142)
(386469, 0.93273142)
(405749, 0.93273142)
(371107, 0.93273142)
(253029, 0.93273142)
(220791, 0.93273142)
(266680, 0.93273142)
(90481, 0.93273142)
(135040, 0.93273142)
(171269, 0.93273142)
(117873, 0.93273142)
(297592, 0.93273142)
(153652, 0.93273142)
(320619, 0.93273142)
(158931, 0.93273142)
(25159, 0.93273142)
(155466, 0.93273142)
(273429, 0.93273142)
(103235, 0.93273142)
(24708, 0.93273142)
(159299, 0.93273142)
(143053, 0.93273142)
(239071, 0.93273142)
(48189, 0.93272455)
(91777, 0.93272455)
(406257, 0.93272455)
(371568, 0.93272455)
(391409, 0.93272446)
(224848, 0.93272446)
(120841, 0.93272446)
(5998, 0.93272446)
(157856, 0.93272446)
(286395, 0.93272446)
(252928, 0.93272446)
(156693, 0.93272446)
(334825, 0.93272446)
(56800, 0.93272446)
(3612, 0.93272446)
(246261, 0.93272446)
(56667, 0.93272446)
(94902, 0.93272446)
(339374, 0.93272446)
(410627, 0.93272446)
(168170, 0.93272446)
(341257, 0.93272446)
(384579, 0.93272446)
(55115, 0.93272446)
(284691, 0.93272446)
(403320, 0.93272438)
(138929, 0.93272438)
(203987, 0.93271767)
(363857, 0.93271758)
(409587, 0.93271758)
(392335, 0.93271758)
(7926, 0.93271758)
(34515, 0.93271758)
(214932, 0.93271758)
(190080, 0.9327175)
(142446, 0.9327175)
(413903, 0.9327175)
(205243, 0.9327175)
(217407, 0.9327175)
(288767, 0.9327175)
(337663, 0.9327175)
(251989, 0.93271742)
(167085, 0.93271742)
(311151, 0.93271742)
(97212, 0.93271742)
(92526, 0.93271742)
(105072, 0.93271742)
(144313, 0.93271054)
(383342, 0.93271054)
(87578, 0.93270366)
(384878, 0.9327035)
(180643, 0.9327035)
(398454, 0.9327035)
(124702, 0.93270341)
(13010, 0.93269662)
(17308, 0.93269645)
(215519, 0.93268949)
(357871, 0.93158993)
(74854, 0.93158993)
(273751, 0.93158993)
(402035, 0.93158296)
(149009, 0.93158296)
(185866, 0.93158296)
(168906, 0.93158296)
(78351, 0.93158296)
(300257, 0.93158296)
(206960, 0.93158296)
(152992, 0.93158296)
(309781, 0.93158296)
(399553, 0.93158296)
(148990, 0.93158296)
(216611, 0.93158296)
(414214, 0.93158296)
(110744, 0.93158296)
(341589, 0.93158296)
(273727, 0.93158296)
(87693, 0.931576)
(378431, 0.931576)
(402151, 0.931576)
(300067, 0.931576)
(126739, 0.931576)
(327100, 0.931576)
(121636, 0.931576)
(171762, 0.931576)
(225118, 0.931576)
(19239, 0.931576)
(245443, 0.931576)
(189807, 0.931576)
(271762, 0.931576)
(191783, 0.931576)
(357339, 0.931576)
(133884, 0.931576)
(13714, 0.931576)
(530, 0.931576)
(185076, 0.931576)
(36134, 0.931576)
(102217, 0.931576)
(369084, 0.931576)
(319864, 0.931576)
(5525, 0.931576)
(151615, 0.931576)
(181363, 0.931576)
(157295, 0.931576)
(104468, 0.931576)
(239965, 0.931576)
(117641, 0.931576)
(399130, 0.931576)
(48163, 0.931576)
(364167, 0.931576)
(387667, 0.931576)
(386968, 0.931576)
(251959, 0.93157592)
(419132, 0.93157592)
(309792, 0.93157592)
(195402, 0.93157592)
(274646, 0.93157592)
(202752, 0.93156904)
(87087, 0.93156904)
(212292, 0.93156904)
(412046, 0.93156904)
(284866, 0.93156904)
(395312, 0.93156904)
(372932, 0.93156904)
(258632, 0.93156904)
(112299, 0.93156904)
(18294, 0.93156904)
(296922, 0.93156904)
(269787, 0.93156904)
(147185, 0.93156904)
(195678, 0.93156904)
(313386, 0.93156904)
(109474, 0.93156904)
(221727, 0.93156904)
(192470, 0.93156904)
(207362, 0.93156904)
(51034, 0.93156904)
(212314, 0.93156904)
(313161, 0.93156904)
(268953, 0.93156904)
(391217, 0.93156904)
(57683, 0.93156904)
(113285, 0.93156904)
(324434, 0.93156904)
(222667, 0.93156904)
(230567, 0.93156904)
(121549, 0.93156904)
(172583, 0.93156904)
(310859, 0.93156896)
(1533, 0.93156896)
(179658, 0.93156896)
(91616, 0.93156896)
(251747, 0.93156896)
(379865, 0.93156896)
(15144, 0.93156896)
(216093, 0.93156896)
(119331, 0.93156896)
(13998, 0.93156896)
(271689, 0.93156896)
(257896, 0.93156896)
(112352, 0.93156896)
(204975, 0.93156896)
(300011, 0.93156896)
(295139, 0.93156896)
(49697, 0.93156896)
(412322, 0.93156896)
(212249, 0.93156896)
(356574, 0.93156208)
(331234, 0.93156208)
(191208, 0.93156208)
(124920, 0.93156208)
(208310, 0.93156208)
(184197, 0.93156208)
(389553, 0.93156208)
(334084, 0.93156208)
(150957, 0.93156208)
(272640, 0.93156208)
(72127, 0.93156208)
(77806, 0.93156208)
(269518, 0.93156208)
(412587, 0.93156208)
(313100, 0.93156208)
(218976, 0.93156208)
(345511, 0.93156208)
(369735, 0.93156208)
(30271, 0.93156208)
(156974, 0.93156208)
(232299, 0.93156208)
(380301, 0.93156208)
(44086, 0.93156208)
(311445, 0.93156208)
(55047, 0.93156208)
(235669, 0.93156208)
(302725, 0.931562)
(250414, 0.931562)
(217065, 0.931562)
(313250, 0.931562)
(35604, 0.931562)
(323501, 0.931562)
(223228, 0.931562)
(32530, 0.931562)
(302387, 0.931562)
(416766, 0.931562)
(311304, 0.931562)
(362192, 0.931562)
(84087, 0.931562)
(270235, 0.931562)
(380970, 0.931562)
(305482, 0.931562)
(67227, 0.931562)
(105911, 0.931562)
(156728, 0.931562)
(32333, 0.931562)
(180540, 0.931562)
(378276, 0.931562)
(327021, 0.931562)
(71777, 0.931562)
(232150, 0.931562)
(114197, 0.931562)
(325770, 0.931562)
(9856, 0.931562)
(305884, 0.931562)
(379533, 0.931562)
(92825, 0.931562)
(284845, 0.931562)
(54169, 0.931562)
(392613, 0.931562)
(239525, 0.93156191)
(165387, 0.93156191)
(78547, 0.93156191)
(80528, 0.93155512)
(172616, 0.93155512)
(170686, 0.93155512)
(206948, 0.93155512)
(66863, 0.93155512)
(396353, 0.93155512)
(252876, 0.93155512)
(23654, 0.93155512)
(55924, 0.93155512)
(369542, 0.93155512)
(702, 0.93155512)
(343261, 0.93155512)
(210004, 0.93155512)
(240610, 0.93155504)
(36985, 0.93155504)
(77802, 0.93155504)
(172785, 0.93155504)
(264883, 0.93155504)
(296028, 0.93155504)
(94561, 0.93155504)
(10510, 0.93155504)
(40421, 0.93155504)
(78647, 0.93155504)
(159830, 0.93155504)
(22936, 0.93155504)
(320234, 0.93155504)
(49181, 0.93155504)
(99356, 0.93155504)
(113718, 0.93155504)
(181948, 0.93155504)
(142901, 0.93155504)
(260006, 0.93155504)
(69543, 0.93155504)
(66797, 0.93155504)
(361321, 0.93155504)
(323673, 0.93155495)
(418408, 0.93155495)
(94556, 0.93155495)
(55008, 0.93155495)
(400484, 0.93155495)
(337174, 0.93155495)
(197755, 0.93155495)
(333315, 0.93155495)
(146332, 0.93155495)
(335905, 0.93155495)
(294529, 0.93155495)
(17227, 0.93155495)
(183130, 0.93155495)
(340911, 0.93155495)
(326005, 0.93155495)
(315621, 0.93155495)
(72939, 0.93155495)
(142802, 0.93155495)
(382834, 0.93155495)
(73023, 0.93155487)
(77360, 0.93154816)
(272535, 0.93154816)
(265300, 0.93154807)
(258348, 0.93154807)
(68720, 0.93154807)
(260994, 0.93154807)
(418421, 0.93154807)
(322198, 0.93154807)
(184224, 0.93154807)
(173038, 0.93154807)
(223403, 0.93154807)
(65799, 0.93154807)
(3105, 0.93154807)
(184027, 0.93154807)
(331422, 0.93154807)
(33700, 0.93154807)
(107845, 0.93154807)
(29858, 0.93154807)
(88971, 0.93154807)
(368398, 0.93154807)
(226211, 0.93154799)
(312311, 0.93154799)
(321682, 0.93154799)
(335232, 0.93154799)
(30330, 0.93154799)
(201418, 0.93154799)
(371794, 0.93154799)
(13457, 0.93154799)
(288235, 0.93154799)
(383046, 0.93154799)
(400855, 0.93154799)
(9268, 0.93154799)
(254494, 0.93154799)
(389941, 0.93154799)
(161807, 0.93154799)
(350006, 0.93154799)
(79283, 0.93154799)
(331688, 0.93154791)
(411368, 0.93154791)
(417764, 0.93154111)
(5344, 0.93154111)
(102803, 0.93154111)
(233837, 0.93154103)
(237373, 0.93154103)
(115042, 0.93154103)
(115722, 0.93154103)
(204791, 0.93154103)
(165125, 0.93154103)
(235765, 0.93154103)
(42421, 0.93154103)
(260208, 0.93154103)
(308956, 0.93154103)
(319679, 0.93154103)
(364229, 0.93154103)
(385461, 0.93154103)
(340104, 0.93154103)
(89928, 0.93154103)
(133523, 0.93154103)
(171683, 0.93154103)
(114634, 0.93154103)
(163323, 0.93154095)
(8261, 0.93154095)
(115427, 0.93154095)
(294143, 0.93154095)
(381244, 0.93154095)
(209618, 0.93153415)
(107328, 0.93153407)
(216149, 0.93153407)
(3959, 0.93153399)
(193723, 0.93153399)
(336199, 0.93153399)
(8708, 0.93153399)
(75037, 0.93153399)
(25110, 0.93152711)
(36760, 0.93152703)
(116612, 0.93152703)
(15992, 0.93152703)
(100929, 0.93152703)
(398644, 0.93152703)
(260770, 0.93152703)
(292653, 0.93152703)
(287972, 0.93152694)
(383338, 0.93152006)
(203660, 0.93152006)
(221154, 0.93152006)
(108987, 0.93152006)
(262045, 0.93152006)
(144267, 0.93151998)
(367289, 0.93151998)
(268891, 0.93151998)
(242571, 0.9315199)
(378225, 0.93151319)
(88551, 0.93151294)
(328107, 0.93041354)
(341295, 0.93041346)
(8076, 0.93041346)
(30596, 0.93040649)
(337060, 0.93040649)
(250597, 0.93040649)
(310897, 0.93040649)
(226428, 0.93040649)
(373341, 0.93040649)
(141263, 0.93040649)
(172147, 0.93040649)
(309096, 0.93040649)
(356703, 0.93040649)
(209527, 0.93040649)
(135923, 0.93039953)
(63008, 0.93039953)
(270334, 0.93039953)
(138996, 0.93039953)
(259378, 0.93039953)
(201132, 0.93039953)
(397806, 0.93039953)
(201489, 0.93039953)
(285001, 0.93039953)
(273998, 0.93039953)
(414544, 0.93039953)
(10187, 0.93039953)
(78749, 0.93039953)
(220767, 0.93039953)
(277504, 0.93039953)
(256001, 0.93039953)
(116168, 0.93039953)
(8482, 0.93039953)
(202835, 0.93039953)
(139457, 0.93039953)
(386489, 0.93039953)
(122874, 0.93039953)
(315218, 0.93039953)
(89784, 0.93039953)
(297328, 0.93039945)
(162259, 0.93039945)
(80680, 0.93039945)
(364979, 0.93039945)
(210795, 0.93039945)
(71883, 0.93039257)
(385035, 0.93039257)
(416948, 0.93039257)
(66011, 0.93039257)
(400442, 0.93039257)
(38555, 0.93039257)
(54463, 0.93039257)
(140499, 0.93039257)
(134532, 0.93039257)
(235658, 0.93039257)
(129050, 0.93039257)
(415493, 0.93039257)
(311455, 0.93039257)
(42801, 0.93039257)
(37575, 0.93039257)
(316461, 0.93039257)
(129721, 0.93039257)
(73478, 0.93039257)
(158582, 0.93039257)
(368351, 0.93039257)
(89921, 0.93039257)
(234620, 0.93039257)
(328774, 0.93039257)
(257859, 0.93039257)
(418426, 0.93039257)
(284414, 0.93039257)
(310824, 0.93039257)
(401635, 0.93039257)
(100877, 0.93039257)
(91900, 0.93039249)
(45787, 0.93039249)
(167917, 0.93039249)
(158690, 0.93039249)
(204947, 0.93039249)
(348691, 0.93039249)
(295889, 0.93039249)
(6196, 0.93039249)
(110969, 0.93039249)
(61170, 0.93039249)
(412326, 0.93039249)
(60759, 0.93039249)
(105978, 0.93039249)
(330094, 0.93039249)
(9276, 0.93039249)
(367629, 0.93039249)
(144306, 0.93039249)
(387042, 0.93039249)
(85676, 0.93039249)
(257078, 0.93039249)
(390763, 0.93038561)
(227208, 0.93038561)
(349621, 0.93038561)
(225086, 0.93038561)
(56915, 0.93038561)
(156027, 0.93038561)
(226749, 0.93038561)
(184971, 0.93038561)
(395970, 0.93038561)
(263754, 0.93038561)
(324334, 0.93038561)
(4383, 0.93038561)
(260434, 0.93038561)
(417194, 0.93038561)
(396820, 0.93038561)
(338936, 0.93038561)
(67437, 0.93038561)
(239281, 0.93038561)
(305839, 0.93038561)
(218890, 0.93038553)
(262275, 0.93038553)
(21658, 0.93038553)
(374358, 0.93038553)
(390272, 0.93038553)
(310613, 0.93038553)
(110348, 0.93038553)
(189881, 0.93038553)
(395851, 0.93038553)
(53322, 0.93038553)
(34665, 0.93038553)
(112479, 0.93038553)
(179234, 0.93038553)
(662, 0.93038553)
(216908, 0.93038553)
(308883, 0.93038553)
(135879, 0.93038553)
(347227, 0.93038553)
(111962, 0.93038553)
(161013, 0.93038553)
(263191, 0.93038553)
(419448, 0.93038553)
(175808, 0.93038553)
(362669, 0.93038553)
(273017, 0.93038553)
(18036, 0.93038553)
(410259, 0.93038544)
(58034, 0.93038544)
(150020, 0.93038544)
(272859, 0.93038544)
(289495, 0.93038544)
(73470, 0.93037865)
(323574, 0.93037865)
(56241, 0.93037865)
(85045, 0.93037865)
(245501, 0.93037865)
(284026, 0.93037865)
(158507, 0.93037865)
(190730, 0.93037865)
(76803, 0.93037857)
(55818, 0.93037857)
(262306, 0.93037857)
(11972, 0.93037857)
(160676, 0.93037857)
(375735, 0.93037857)
(167765, 0.93037857)
(112043, 0.93037857)
(371901, 0.93037857)
(100960, 0.93037857)
(239731, 0.93037857)
(266030, 0.93037857)
(20738, 0.93037857)
(177712, 0.93037857)
(7071, 0.93037857)
(274001, 0.93037857)
(269146, 0.93037857)
(204453, 0.93037857)
(200295, 0.93037857)
(249313, 0.93037857)
(150109, 0.93037857)
(195460, 0.93037857)
(12975, 0.93037857)
(195253, 0.93037857)
(208060, 0.93037857)
(347741, 0.93037857)
(114208, 0.93037857)
(43044, 0.93037848)
(32226, 0.93037848)
(251785, 0.93037848)
(294460, 0.93037848)
(389574, 0.93037848)
(81129, 0.93037848)
(19754, 0.93037848)
(223139, 0.93037848)
(98464, 0.93037848)
(187762, 0.93037848)
(122702, 0.93037848)
(144543, 0.93037848)
(236379, 0.93037848)
(364014, 0.93037848)
(163490, 0.93037169)
(317041, 0.93037169)
(133649, 0.93037169)
(128762, 0.93037169)
(220067, 0.9303716)
(208043, 0.9303716)
(348062, 0.9303716)
(43969, 0.9303716)
(403709, 0.9303716)
(249379, 0.9303716)
(52209, 0.9303716)
(46595, 0.9303716)
(24842, 0.9303716)
(311275, 0.9303716)
(425, 0.9303716)
(290127, 0.9303716)
(336338, 0.9303716)
(237618, 0.9303716)
(247568, 0.9303716)
(170856, 0.9303716)
(176657, 0.9303716)
(130793, 0.9303716)
(372722, 0.9303716)
(338969, 0.9303716)
(298291, 0.9303716)
(296691, 0.93037152)
(227582, 0.93037152)
(26951, 0.93037152)
(49185, 0.93037152)
(328410, 0.93037152)
(266191, 0.93037152)
(297353, 0.93037152)
(74997, 0.93037152)
(304055, 0.93037152)
(248856, 0.93037152)
(70147, 0.93037152)
(94799, 0.93037152)
(286794, 0.93037152)
(257569, 0.93037152)
(275807, 0.93037144)
(273422, 0.93036464)
(366313, 0.93036464)
(250323, 0.93036464)
(56943, 0.93036464)
(217312, 0.93036464)
(184697, 0.93036456)
(286932, 0.93036456)
(326797, 0.93036456)
(14033, 0.93036456)
(360356, 0.93036456)
(19064, 0.93036456)
(20084, 0.93036456)
(138523, 0.93036456)
(301775, 0.93036456)
(144999, 0.93036456)
(267264, 0.93036456)
(51189, 0.93036448)
(356468, 0.93036448)
(21766, 0.93036448)
(32441, 0.93036448)
(92057, 0.93036448)
(46580, 0.93036448)
(261666, 0.93036448)
(61827, 0.93036448)
(163267, 0.93036448)
(315594, 0.93036448)
(89072, 0.93036448)
(102391, 0.93036448)
(86703, 0.93036448)
(88543, 0.93036448)
(219994, 0.93035768)
(15600, 0.93035768)
(179207, 0.9303576)
(374869, 0.9303576)
(259058, 0.9303576)
(118697, 0.9303576)
(65319, 0.9303576)
(373010, 0.9303576)
(366874, 0.9303576)
(299218, 0.9303576)
(379443, 0.9303576)
(261864, 0.9303576)
(387519, 0.9303576)
(392081, 0.9303576)
(95937, 0.9303576)
(340528, 0.9303576)
(227184, 0.93035752)
(367710, 0.93035752)
(51388, 0.93035752)
(332344, 0.93035752)
(79714, 0.93035752)
(229477, 0.93035752)
(305516, 0.93035752)
(307428, 0.93035752)
(59011, 0.93035752)
(55420, 0.93035752)
(414399, 0.93035752)
(366119, 0.93035752)
(105502, 0.93035752)
(53030, 0.93035743)
(56531, 0.93035064)
(70362, 0.93035064)
(380720, 0.93035064)
(400955, 0.93035064)
(248682, 0.93035064)
(267778, 0.93035064)
(246064, 0.93035055)
(350193, 0.93035055)
(224787, 0.93035055)
(44675, 0.93035055)
(251169, 0.93035055)
(224607, 0.93035055)
(305945, 0.93035055)
(105540, 0.93035055)
(127328, 0.93035055)
(52583, 0.93035047)
(33638, 0.93035047)
(317658, 0.93035047)
(236021, 0.93035047)
(66993, 0.93035047)
(384015, 0.93034376)
(94438, 0.93034368)
(21996, 0.93034359)
(412232, 0.93034359)
(391394, 0.93034351)
(275731, 0.93034351)
(331649, 0.93034351)
(52065, 0.93034351)
(35423, 0.93034351)
(29187, 0.93034343)
(18030, 0.93033655)
(53830, 0.93033647)
(419740, 0.93033647)
(153260, 0.93033647)
(380803, 0.93032967)
(112466, 0.9303295)
(131094, 0.9303295)
(100716, 0.93032254)
(44594, 0.93030845)
(269141, 0.92923002)
(90712, 0.92923002)
(134109, 0.92923002)
(86192, 0.92923002)
(94905, 0.92922306)
(152169, 0.92922306)
(236263, 0.92922306)
(264371, 0.92922306)
(286857, 0.92922306)
(38608, 0.92922306)
(221911, 0.92922306)
(28999, 0.92922306)
(6901, 0.92922306)
(389414, 0.92922306)
(336281, 0.92922306)
(214558, 0.92922298)
(172739, 0.92922298)
(130438, 0.9292161)
(364568, 0.9292161)
(229382, 0.9292161)
(116476, 0.9292161)
(82026, 0.9292161)
(121429, 0.9292161)
(107316, 0.9292161)
(282239, 0.9292161)
(126940, 0.9292161)
(165198, 0.9292161)
(82764, 0.9292161)
(93753, 0.9292161)
(352026, 0.9292161)
(12161, 0.9292161)
(5123, 0.92921602)
(349623, 0.92921602)
(127984, 0.92921602)
(390626, 0.92921602)
(3807, 0.92921602)
(291655, 0.92921602)
(200351, 0.92921602)
(204982, 0.92921602)
(51455, 0.92921602)
(376101, 0.92920914)
(308636, 0.92920914)
(40664, 0.92920914)
(408167, 0.92920914)
(73099, 0.92920914)
(224576, 0.92920914)
(245247, 0.92920914)
(170814, 0.92920914)
(285442, 0.92920914)
(240513, 0.92920914)
(181626, 0.92920914)
(79320, 0.92920914)
(98263, 0.92920906)
(245608, 0.92920906)
(136965, 0.92920906)
(316533, 0.92920906)
(406439, 0.92920906)
(135215, 0.92920906)
(47549, 0.92920906)
(88180, 0.92920906)
(132581, 0.92920906)
(53340, 0.92920906)
(349934, 0.92920906)
(102306, 0.92920906)
(344396, 0.92920906)
(101444, 0.92920906)
(374924, 0.92920906)
(51162, 0.92920906)
(284051, 0.92920906)
(166520, 0.92920906)
(193217, 0.92920906)
(96216, 0.92920906)
(319462, 0.92920906)
(351365, 0.92920906)
(350635, 0.92920218)
(261526, 0.92920218)
(65923, 0.92920218)
(227439, 0.92920218)
(261416, 0.92920218)
(366198, 0.92920218)
(105802, 0.92920218)
(65672, 0.92920218)
(177203, 0.92920218)
(239161, 0.9292021)
(5475, 0.9292021)
(270329, 0.9292021)
(122602, 0.9292021)
(278332, 0.9292021)
(19854, 0.9292021)
(143851, 0.9292021)
(54740, 0.9292021)
(345010, 0.9292021)
(108004, 0.9292021)
(246114, 0.9292021)
(279615, 0.9292021)
(43671, 0.9292021)
(334664, 0.9292021)
(78355, 0.9292021)
(56211, 0.9292021)
(346866, 0.9292021)
(393901, 0.9292021)
(7759, 0.9292021)
(163787, 0.9292021)
(190926, 0.9292021)
(301307, 0.9292021)
(227607, 0.9292021)
(96585, 0.9292021)
(211757, 0.9292021)
(230296, 0.9292021)
(361610, 0.9292021)
(392290, 0.9292021)
(57446, 0.9292021)
(117648, 0.9292021)
(166665, 0.9292021)
(214161, 0.9292021)
(151020, 0.92920201)
(194992, 0.92920201)
(47774, 0.92920201)
(372457, 0.92920201)
(302829, 0.92920201)
(97696, 0.92920201)
(166382, 0.92919522)
(247613, 0.92919522)
(285679, 0.92919522)
(305026, 0.92919513)
(279653, 0.92919513)
(91635, 0.92919513)
(159181, 0.92919513)
(28547, 0.92919513)
(238798, 0.92919513)
(52697, 0.92919513)
(291501, 0.92919513)
(91677, 0.92919513)
(33071, 0.92919513)
(76346, 0.92919513)
(348390, 0.92919513)
(368838, 0.92919513)
(400231, 0.92919513)
(202536, 0.92919513)
(17381, 0.92919513)
(9021, 0.92919513)
(278749, 0.92919513)
(356344, 0.92919513)
(305996, 0.92919513)
(133114, 0.92919513)
(391182, 0.92919513)
(339550, 0.92919513)
(270616, 0.92919513)
(334387, 0.92919505)
(377897, 0.92919505)
(26024, 0.92919505)
(158765, 0.92919505)
(414937, 0.92919505)
(150129, 0.92919505)
(222306, 0.92919505)
(6479, 0.92919505)
(86396, 0.92919505)
(266799, 0.92919505)
(364764, 0.92919505)
(114897, 0.92919505)
(314468, 0.92919505)
(7505, 0.92919505)
(36035, 0.92919505)
(227679, 0.92919505)
(316795, 0.92919505)
(68349, 0.92919505)
(189828, 0.92919505)
(55799, 0.92919505)
(8515, 0.92919505)
(84280, 0.92919505)
(351775, 0.92919505)
(348876, 0.92919505)
(49849, 0.92919497)
(318662, 0.92918826)
(162075, 0.92918817)
(2982, 0.92918817)
(13344, 0.92918817)
(295893, 0.92918817)
(205711, 0.92918817)
(234445, 0.92918817)
(180769, 0.92918817)
(218230, 0.92918817)
(296630, 0.92918817)
(110260, 0.92918817)
(318327, 0.92918817)
(59978, 0.92918817)
(54696, 0.92918817)
(346105, 0.92918817)
(56113, 0.92918817)
(61333, 0.92918817)
(52537, 0.92918817)
(126175, 0.92918817)
(105204, 0.92918817)
(257128, 0.92918817)
(221357, 0.92918809)
(328647, 0.92918809)
(180365, 0.92918809)
(259217, 0.92918809)
(43154, 0.92918809)
(336915, 0.92918809)
(387244, 0.92918809)
(340197, 0.92918809)
(151696, 0.92918809)
(314786, 0.92918809)
(146690, 0.92918809)
(350340, 0.92918809)
(361146, 0.92918809)
(184111, 0.92918809)
(152567, 0.92918809)
(304336, 0.92918809)
(13560, 0.92918809)
(105996, 0.92918809)
(368550, 0.92918809)
(357136, 0.92918809)
(164672, 0.92918809)
(17038, 0.92918809)
(57171, 0.92918809)
(262988, 0.92918809)
(412873, 0.92918801)
(333424, 0.92918801)
(407728, 0.92918801)
(294844, 0.92918801)
(231618, 0.92918801)
(90209, 0.92918801)
(216072, 0.92918801)
(314095, 0.92918801)
(292966, 0.92918801)
(7718, 0.92918801)
(146638, 0.92918121)
(177189, 0.92918121)
(149501, 0.92918121)
(352916, 0.92918121)
(180783, 0.92918113)
(169426, 0.92918113)
(346848, 0.92918113)
(296320, 0.92918113)
(331503, 0.92918113)
(173740, 0.92918113)
(234392, 0.92918113)
(395405, 0.92918113)
(175088, 0.92918113)
(63403, 0.92918113)
(264353, 0.92918113)
(264020, 0.92918113)
(390385, 0.92918113)
(335108, 0.92918113)
(105066, 0.92918105)
(394154, 0.92918105)
(97639, 0.92918105)
(368257, 0.92918105)
(420314, 0.92918105)
(92289, 0.92918105)
(37740, 0.92918105)
(152580, 0.92918105)
(231946, 0.92918105)
(127535, 0.92918105)
(103347, 0.92918105)
(6809, 0.92918105)
(113726, 0.92918105)
(309246, 0.92918096)
(273454, 0.92918096)
(87386, 0.92917425)
(89, 0.92917425)
(324926, 0.92917417)
(303583, 0.92917417)
(304832, 0.92917417)
(68908, 0.92917417)
(24749, 0.92917408)
(239430, 0.92917408)
(385608, 0.92917408)
(158455, 0.92917408)
(171529, 0.92917408)
(363740, 0.92917408)
(218353, 0.92917408)
(228102, 0.92917408)
(83966, 0.92917408)
(88171, 0.92917408)
(41641, 0.92917408)
(98728, 0.92917408)
(103047, 0.92917408)
(271099, 0.92917408)
(316315, 0.92917408)
(179761, 0.92916721)
(294023, 0.92916721)
(193736, 0.92916721)
(275819, 0.92916712)
(78124, 0.92916712)
(416825, 0.92916712)
(249108, 0.92916712)
(55750, 0.92916712)
(305256, 0.92916712)
(406696, 0.92916704)
(111447, 0.92916704)
(260517, 0.92916704)
(73732, 0.92916704)
(160240, 0.92916704)
(370899, 0.92916704)
(36854, 0.92916704)
(357962, 0.92916696)
(147541, 0.92916008)
(151513, 0.92916008)
(153321, 0.92916008)
(286021, 0.92915328)
(49264, 0.9291532)
(204300, 0.92915303)
(186142, 0.92914616)
(209546, 0.92914607)
(188898, 0.92914599)
(76374, 0.92912511)
(148548, 0.92806051)
(191876, 0.92805347)
(173956, 0.92805347)
(180199, 0.92804659)
(371490, 0.92804659)
(245492, 0.92804659)
(306015, 0.92804659)
(233267, 0.92804659)
(156792, 0.92804659)
(112992, 0.92804651)
(95329, 0.92804651)
(114348, 0.92804651)
(116630, 0.92803963)
(80051, 0.92803963)
(400870, 0.92803963)
(91270, 0.92803963)
(270107, 0.92803963)
(87350, 0.92803963)
(344457, 0.92803963)
(335112, 0.92803963)
(401527, 0.92803955)
(344063, 0.92803955)
(273417, 0.92803267)
(118843, 0.92803267)
(188556, 0.92803267)
(96007, 0.92803267)
(374795, 0.92803267)
(79988, 0.92803267)
(275107, 0.92803267)
(216401, 0.92803267)
(366810, 0.92803267)
(9145, 0.92803259)
(188420, 0.92803259)
(188158, 0.92803259)
(82247, 0.92803259)
(152334, 0.92803259)
(313601, 0.92803259)
(313493, 0.92803259)
(59454, 0.92803259)
(50612, 0.92803259)
(303729, 0.92803259)
(344015, 0.9280325)
(70475, 0.9280325)
(294491, 0.9280325)
(331686, 0.92802571)
(157903, 0.92802571)
(386308, 0.92802571)
(33210, 0.92802571)
(284618, 0.92802562)
(216609, 0.92802562)
(221111, 0.92802562)
(163359, 0.92802562)
(341318, 0.92802562)
(111836, 0.92802562)
(244686, 0.92802562)
(317376, 0.92802562)
(172274, 0.92802562)
(180924, 0.92802562)
(63898, 0.92802562)
(194855, 0.92802562)
(285199, 0.92802562)
(73678, 0.92802562)
(241574, 0.92802562)
(235665, 0.92802562)
(246351, 0.92802562)
(403354, 0.92802562)
(161495, 0.92802562)
(217026, 0.92802562)
(269174, 0.92802562)
(11802, 0.92802554)
(415105, 0.92802554)
(53136, 0.92802554)
(186406, 0.92802554)
(99144, 0.92802554)
(416192, 0.92802554)
(23601, 0.92801875)
(56917, 0.92801875)
(361079, 0.92801875)
(285759, 0.92801875)
(169481, 0.92801875)
(6032, 0.92801875)
(264995, 0.92801866)
(52561, 0.92801866)
(264292, 0.92801866)
(150734, 0.92801866)
(212652, 0.92801866)
(132924, 0.92801866)
(85018, 0.92801866)
(229361, 0.92801866)
(37630, 0.92801866)
(305535, 0.92801866)
(411474, 0.92801866)
(94020, 0.92801866)
(234117, 0.92801866)
(286087, 0.92801866)
(276055, 0.92801866)
(287020, 0.92801866)
(179997, 0.92801866)
(9017, 0.92801858)
(121027, 0.92801858)
(264941, 0.92801858)
(110592, 0.92801858)
(256358, 0.92801858)
(357633, 0.92801858)
(58218, 0.92801858)
(81472, 0.92801858)
(227973, 0.92801858)
(325229, 0.92801858)
(239067, 0.92801858)
(237072, 0.92801858)
(107770, 0.92801858)
(155796, 0.92801858)
(232649, 0.92801858)
(287465, 0.92801858)
(20356, 0.92801858)
(300220, 0.92801858)
(367402, 0.92801858)
(89129, 0.92801858)
(5260, 0.92801858)
(23211, 0.9280185)
(310981, 0.92801178)
(79762, 0.9280117)
(355195, 0.9280117)
(402374, 0.9280117)
(213668, 0.9280117)
(117507, 0.9280117)
(291609, 0.9280117)
(407459, 0.9280117)
(238886, 0.9280117)
(398173, 0.9280117)
(74895, 0.92801162)
(348322, 0.92801162)
(242212, 0.92801162)
(326544, 0.92801162)
(361442, 0.92801162)
(119668, 0.92801162)
(296778, 0.92801162)
(408056, 0.92801162)
(396103, 0.92801162)
(191075, 0.92801162)
(120870, 0.92801162)
(407448, 0.92801162)
(389406, 0.92801162)
(21462, 0.92801162)
(271093, 0.92801162)
(329515, 0.92801162)
(337765, 0.92801162)
(102475, 0.92801162)
(173060, 0.92801162)
(170996, 0.92801162)
(356122, 0.92801162)
(378823, 0.92801162)
(246720, 0.92801162)
(383423, 0.92801162)
(344263, 0.92801154)
(230689, 0.92801154)
(67026, 0.92801154)
(30464, 0.92801154)
(371197, 0.92801154)
(208298, 0.92801154)
(253414, 0.92801154)
(17269, 0.92800474)
(114401, 0.92800474)
(280125, 0.92800466)
(253365, 0.92800466)
(369319, 0.92800466)
(347559, 0.92800466)
(340185, 0.92800466)
(27939, 0.92800466)
(334513, 0.92800466)
(234178, 0.92800466)
(238506, 0.92800466)
(162747, 0.92800466)
(278306, 0.92800457)
(112944, 0.92800457)
(75741, 0.92800457)
(387807, 0.92800457)
(136472, 0.92800457)
(280042, 0.92800457)
(296339, 0.92800457)
(216033, 0.92800457)
(372849, 0.92800449)
(130816, 0.92800449)
(134239, 0.92800449)
(189300, 0.92799778)
(51875, 0.9279977)
(252792, 0.9279977)
(357011, 0.9279977)
(411099, 0.9279977)
(110436, 0.9279977)
(390204, 0.92799761)
(219309, 0.92799761)
(29872, 0.92799761)
(84274, 0.92799761)
(317810, 0.92799761)
(145086, 0.92799761)
(349106, 0.92799761)
(31825, 0.92799761)
(282812, 0.92799761)
(352717, 0.92799761)
(247563, 0.92799761)
(152040, 0.92799761)
(393871, 0.92799753)
(243214, 0.92799753)
(92101, 0.92799753)
(11474, 0.92799753)
(29036, 0.92799753)
(115331, 0.92799753)
(247593, 0.92799082)
(31995, 0.92799073)
(179230, 0.92799073)
(410560, 0.92799073)
(79746, 0.92799065)
(53057, 0.92799065)
(253628, 0.92799065)
(173943, 0.92799065)
(285771, 0.92799065)
(352287, 0.92799065)
(69566, 0.92799065)
(363325, 0.92799065)
(8937, 0.92799065)
(361386, 0.92799065)
(147744, 0.92799065)
(241950, 0.92799057)
(226707, 0.92799057)
(210835, 0.92799057)
(22319, 0.92799057)
(420085, 0.92799057)
(142904, 0.92799057)
(187926, 0.92799057)
(182234, 0.92799057)
(345071, 0.92799057)
(305776, 0.92799057)
(386973, 0.92799057)
(330855, 0.92799049)
(174669, 0.92798377)
(131681, 0.92798369)
(147697, 0.92798361)
(333199, 0.92798361)
(379400, 0.92798361)
(33362, 0.92798361)
(364720, 0.92798361)
(418974, 0.92798352)
(399654, 0.92798352)
(394626, 0.92798352)
(339035, 0.92797681)
(312234, 0.92797673)
(361584, 0.92797673)
(240520, 0.92797673)
(87106, 0.92797665)
(278267, 0.92797665)
(385600, 0.92797665)
(298072, 0.92797656)
(348942, 0.92797656)
(166772, 0.92797656)
(234844, 0.92797648)
(125132, 0.92796968)
(410433, 0.92796968)
(121376, 0.9279696)
(346341, 0.9279696)
(286973, 0.92795568)
(99403, 0.9279556)
(315312, 0.92687708)
(156730, 0.92687708)
(364261, 0.92687012)
(360413, 0.92687012)
(299395, 0.92687012)
(45789, 0.92687012)
(215612, 0.92687012)
(160398, 0.92687012)
(355293, 0.92687012)
(382003, 0.92687004)
(161922, 0.92686316)
(75998, 0.92686316)
(9561, 0.92686316)
(43637, 0.92686316)
(36620, 0.92686316)
(404330, 0.92686316)
(271168, 0.92686316)
(417301, 0.92686316)
(318195, 0.92686308)
(267268, 0.92686308)
(419425, 0.92686308)
(327200, 0.9268562)
(353236, 0.9268562)
(240580, 0.9268562)
(210630, 0.9268562)
(334228, 0.9268562)
(64902, 0.9268562)
(238561, 0.92685612)
(395700, 0.92685612)
(358589, 0.92685612)
(81383, 0.92685612)
(75393, 0.92685612)
(59595, 0.92685612)
(274633, 0.92685612)
(383312, 0.92685612)
(375933, 0.92685612)
(333545, 0.92685603)
(393018, 0.92685603)
(161137, 0.92684924)
(161672, 0.92684924)
(300716, 0.92684924)
(13260, 0.92684924)
(296175, 0.92684924)
(359729, 0.92684924)
(76990, 0.92684924)
(361758, 0.92684924)
(200925, 0.92684915)
(147433, 0.92684915)
(206032, 0.92684915)
(226996, 0.92684915)
(288202, 0.92684915)
(18648, 0.92684915)
(417975, 0.92684915)
(190574, 0.92684915)
(132200, 0.92684915)
(358066, 0.92684915)
(355929, 0.92684915)
(81369, 0.92684915)
(36435, 0.92684907)
(114325, 0.92684907)
(353193, 0.92684907)
(183477, 0.92684907)
(250620, 0.92684907)
(16305, 0.92684907)
(28539, 0.92684907)
(314465, 0.92684907)
(228814, 0.92684228)
(398588, 0.92684228)
(21133, 0.92684228)
(398211, 0.92684228)
(82119, 0.92684228)
(386612, 0.92684219)
(384213, 0.92684219)
(370751, 0.92684219)
(252096, 0.92684219)
(75281, 0.92684219)
(121013, 0.92684219)
(94699, 0.92684219)
(32780, 0.92684219)
(344020, 0.92684219)
(177527, 0.92684219)
(115714, 0.92684219)
(387064, 0.92684219)
(60160, 0.92684219)
(160713, 0.92684219)
(175462, 0.92684219)
(156298, 0.92684211)
(77353, 0.92684211)
(412887, 0.92684211)
(24939, 0.92684211)
(228885, 0.92684211)
(339944, 0.92684211)
(416978, 0.92684211)
(402598, 0.92684211)
(257679, 0.92684211)
(20497, 0.92684211)
(124349, 0.92684211)
(343444, 0.92684211)
(49064, 0.92684211)
(219935, 0.92684211)
(138591, 0.92684211)
(330639, 0.92684211)
(390427, 0.92684211)
(360144, 0.92683523)
(369582, 0.92683523)
(204031, 0.92683523)
(219576, 0.92683523)
(250314, 0.92683523)
(333897, 0.92683523)
(262511, 0.92683523)
(83019, 0.92683523)
(198995, 0.92683523)
(133029, 0.92683523)
(56164, 0.92683523)
(10939, 0.92683523)
(358614, 0.92683523)
(233774, 0.92683523)
(126184, 0.92683523)
(346674, 0.92683523)
(189920, 0.92683523)
(157365, 0.92683523)
(275308, 0.92683515)
(152222, 0.92683515)
(71582, 0.92683515)
(355834, 0.92683515)
(169422, 0.92683515)
(92630, 0.92683515)
(293657, 0.92683515)
(221200, 0.92683515)
(277233, 0.92683515)
(18276, 0.92683515)
(111486, 0.92683515)
(413139, 0.92683515)
(176757, 0.92683515)
(94006, 0.92683515)
(391148, 0.92683515)
(260849, 0.92683515)
(250707, 0.92683515)
(351677, 0.92683515)
(378881, 0.92683515)
(330944, 0.92683515)
(110513, 0.92683515)
(166796, 0.92683515)
(182857, 0.92683515)
(399598, 0.92683515)
(118575, 0.92683507)
(220318, 0.92683507)
(161572, 0.92683507)
(170025, 0.92683507)
(379857, 0.92683507)
(2923, 0.92683507)
(100450, 0.92683507)
(244223, 0.92683507)
(189950, 0.92683507)
(197408, 0.92682835)
(89478, 0.92682827)
(147011, 0.92682827)
(148578, 0.92682827)
(257378, 0.92682827)
(347803, 0.92682827)
(67650, 0.92682819)
(55591, 0.92682819)
(128928, 0.92682819)
(138608, 0.92682819)
(240874, 0.92682819)
(245190, 0.92682819)
(386453, 0.92682819)
(416267, 0.92682819)
(243978, 0.92682819)
(281075, 0.92682819)
(168661, 0.92682819)
(331630, 0.92682819)
(95997, 0.92682819)
(29582, 0.92682819)
(210935, 0.92682819)
(163511, 0.92682819)
(281850, 0.92682819)
(322555, 0.92682819)
(244618, 0.92682819)
(261293, 0.92682819)
(169461, 0.9268281)
(338754, 0.9268281)
(270666, 0.9268281)
(44491, 0.9268281)
(155274, 0.9268281)
(118622, 0.9268281)
(244808, 0.9268281)
(84367, 0.9268281)
(190097, 0.9268281)
(332113, 0.9268281)
(159569, 0.9268281)
(39758, 0.92682131)
(27480, 0.92682123)
(208103, 0.92682123)
(262935, 0.92682123)
(207538, 0.92682123)
(367073, 0.92682123)
(274548, 0.92682123)
(274281, 0.92682123)
(335732, 0.92682123)
(1371, 0.92682123)
(80643, 0.92682123)
(119563, 0.92682123)
(200798, 0.92682114)
(332300, 0.92682114)
(156611, 0.92682114)
(205393, 0.92682114)
(108309, 0.92682114)
(81829, 0.92682114)
(333756, 0.92682114)
(106880, 0.92682114)
(30057, 0.92682114)
(22823, 0.92682114)
(214864, 0.92682106)
(386492, 0.92682106)
(49289, 0.92682106)
(151067, 0.92682106)
(300369, 0.92682106)
(360953, 0.92681435)
(277186, 0.92681418)
(302054, 0.92681418)
(105318, 0.92681418)
(334080, 0.92681418)
(325972, 0.92681418)
(403801, 0.92681418)
(96229, 0.92681418)
(319534, 0.92681418)
(64987, 0.92681418)
(98154, 0.92681418)
(325466, 0.92681418)
(146371, 0.9268141)
(267161, 0.9268141)
(114595, 0.9268141)
(198445, 0.9268141)
(142379, 0.9268141)
(31505, 0.9268141)
(312811, 0.9268141)
(105424, 0.9268141)
(229588, 0.92680739)
(256246, 0.9268073)
(398955, 0.9268073)
(316129, 0.92680722)
(335297, 0.92680722)
(40339, 0.92680722)
(47696, 0.92680722)
(216292, 0.92680722)
(367545, 0.92680714)
(415411, 0.92680714)
(157651, 0.92680714)
(285376, 0.92680714)
(308349, 0.92680714)
(256399, 0.92680026)
(283001, 0.92680026)
(345098, 0.92680018)
(390049, 0.92680018)
(354090, 0.92680018)
(34460, 0.92680018)
(54461, 0.92680009)
(415997, 0.92680009)
(254123, 0.92680009)
(306974, 0.92680009)
(98492, 0.9267933)
(119252, 0.92679321)
(101626, 0.92679313)
(306279, 0.92679313)
(179253, 0.92679313)
(85063, 0.92679313)
(56397, 0.92679313)
(412600, 0.92679305)
(17060, 0.92678625)
(375041, 0.92678617)
(244538, 0.92678617)
(360148, 0.92677216)
(150633, 0.92677208)
(399675, 0.92569365)
(286853, 0.92568669)
(112949, 0.92568669)
(407314, 0.92568661)
(85345, 0.92568661)
(190594, 0.92567973)
(151636, 0.92567973)
(10050, 0.92567973)
(337029, 0.92567973)
(122299, 0.92567973)
(153855, 0.92567973)
(61800, 0.92567973)
(169985, 0.92567964)
(144674, 0.92567964)
(159388, 0.92567964)
(228925, 0.92567964)
(193241, 0.92567964)
(276868, 0.92567956)
(207797, 0.92567956)
(75732, 0.92567956)
(69350, 0.92567277)
(48755, 0.92567277)
(61394, 0.92567277)
(96646, 0.92567277)
(199158, 0.92567277)
(355415, 0.92567277)
(338560, 0.92567277)
(122949, 0.92567277)
(307769, 0.92567277)
(74659, 0.92567277)
(287344, 0.92567268)
(20559, 0.92567268)
(99244, 0.92567268)
(158844, 0.92567268)
(80352, 0.92567268)
(271811, 0.92567268)
(378283, 0.9256726)
(221812, 0.9256726)
(356533, 0.9256726)
(78990, 0.9256726)
(235677, 0.9256658)
(102725, 0.9256658)
(97841, 0.92566572)
(76555, 0.92566572)
(83349, 0.92566572)
(153117, 0.92566572)
(387548, 0.92566572)
(328138, 0.92566572)
(294943, 0.92566572)
(47849, 0.92566572)
(223243, 0.92566572)
(371883, 0.92566572)
(367541, 0.92566572)
(265685, 0.92566572)
(335587, 0.92566572)
(100104, 0.92566572)
(326775, 0.92566572)
(292679, 0.92566572)
(392339, 0.92566572)
(311049, 0.92566572)
(352223, 0.92566564)
(44838, 0.92566564)
(167435, 0.92566564)
(409139, 0.92566564)
(266247, 0.92566564)
(113179, 0.92566564)
(135096, 0.92566564)
(311846, 0.92566564)
(110152, 0.92566564)
(30848, 0.92566564)
(320587, 0.92566564)
(118830, 0.92566564)
(368051, 0.92566564)
(254062, 0.92566556)
(355911, 0.92565884)
(384063, 0.92565884)
(297845, 0.92565884)
(98099, 0.92565876)
(41531, 0.92565876)
(318721, 0.92565876)
(10785, 0.92565876)
(8927, 0.92565876)
(323957, 0.92565876)
(305042, 0.92565876)
(14647, 0.92565876)
(96378, 0.92565876)
(360435, 0.92565876)
(254613, 0.92565876)
(301118, 0.92565876)
(133993, 0.92565876)
(86749, 0.92565876)
(295979, 0.92565876)
(372466, 0.92565876)
(402734, 0.92565876)
(326199, 0.92565876)
(23786, 0.92565868)
(3990, 0.92565868)
(280272, 0.92565868)
(359497, 0.92565868)
(143410, 0.92565868)
(268941, 0.92565868)
(69635, 0.92565868)
(287570, 0.92565868)
(356759, 0.92565868)
(3311, 0.92565868)
(400259, 0.92565868)
(26531, 0.92565868)
(318865, 0.92565868)
(202975, 0.92565868)
(110623, 0.92565868)
(106664, 0.92565868)
(226200, 0.92565868)
(119130, 0.92565868)
(17570, 0.92565859)
(44324, 0.92565859)
(171454, 0.92565859)
(56806, 0.92565859)
(372103, 0.92565859)
(42444, 0.92565859)
(402630, 0.92565859)
(396403, 0.9256518)
(297630, 0.9256518)
(242689, 0.9256518)
(3253, 0.92565172)
(188582, 0.92565172)
(290004, 0.92565172)
(216852, 0.92565172)
(104315, 0.92565172)
(348495, 0.92565172)
(153763, 0.92565172)
(40304, 0.92565172)
(293649, 0.92565163)
(375985, 0.92565163)
(304352, 0.92565163)
(154543, 0.92565163)
(26964, 0.92565163)
(358709, 0.92565163)
(91446, 0.92565163)
(194867, 0.92565163)
(25503, 0.92565163)
(107561, 0.92565163)
(75539, 0.92565163)
(191061, 0.92565163)
(85799, 0.92565163)
(183093, 0.92565163)
(35523, 0.92565155)
(82989, 0.92565155)
(403973, 0.92564484)
(96881, 0.92564484)
(48513, 0.92564484)
(81739, 0.92564475)
(181494, 0.92564475)
(18051, 0.92564475)
(225889, 0.92564475)
(297460, 0.92564475)
(51834, 0.92564475)
(413011, 0.92564475)
(250056, 0.92564467)
(326240, 0.92564467)
(224875, 0.92564467)
(35181, 0.92564467)
(263397, 0.92564467)
(25222, 0.92564467)
(92201, 0.92564467)
(319549, 0.92564467)
(322978, 0.92564467)
(303784, 0.92564467)
(216828, 0.92564467)
(195063, 0.92564467)
(157590, 0.92564467)
(77974, 0.92564459)
(322860, 0.92564459)
(184664, 0.92564459)
(363814, 0.92564459)
(350344, 0.92564459)
(292551, 0.92564459)
(10131, 0.92563779)
(289115, 0.92563779)
(225220, 0.92563771)
(290593, 0.92563771)
(303293, 0.92563771)
(108361, 0.92563771)
(258953, 0.92563771)
(321437, 0.92563771)
(369573, 0.92563771)
(192322, 0.92563771)
(142886, 0.92563771)
(382407, 0.92563771)
(201424, 0.92563763)
(275923, 0.92563763)
(316670, 0.92563763)
(345442, 0.92563763)
(83873, 0.92563763)
(222019, 0.92563763)
(55662, 0.92563763)
(235893, 0.92563763)
(217324, 0.92563763)
(194733, 0.92563083)
(208673, 0.92563083)
(168397, 0.92563075)
(238846, 0.92563075)
(138386, 0.92563075)
(4050, 0.92563075)
(382144, 0.92563075)
(82727, 0.92563075)
(376656, 0.92563075)
(187885, 0.92563067)
(118369, 0.92563067)
(112309, 0.92563067)
(165171, 0.92563067)
(206450, 0.92563067)
(150049, 0.92563067)
(26407, 0.92563067)
(106607, 0.92563058)
(366940, 0.92563058)
(186558, 0.92563058)
(112505, 0.92562387)
(75017, 0.92562387)
(357572, 0.92562379)
(338371, 0.92562379)
(107798, 0.92562379)
(117155, 0.92562371)
(308240, 0.92562371)
(49608, 0.92562371)
(284752, 0.92562371)
(139145, 0.92562371)
(36640, 0.92562362)
(162152, 0.92562362)
(129726, 0.92562362)
(319250, 0.92562362)
(115764, 0.92561683)
(21599, 0.92561674)
(94912, 0.92561674)
(346973, 0.92561674)
(86734, 0.92561666)
(322146, 0.92560978)
(380866, 0.9256097)
(74990, 0.9256097)
(276874, 0.9256097)
(24375, 0.9256097)
(140355, 0.9256097)
(267516, 0.9256097)
(135974, 0.9256097)
(160134, 0.9256097)
(212601, 0.9256097)
(145967, 0.92560962)
(32070, 0.92560274)
(52558, 0.92560266)
(173574, 0.92558865)
(35103, 0.92451718)
(93581, 0.92451718)
(182640, 0.9245171)
(154171, 0.92451022)
(362520, 0.92451022)
(341870, 0.92451022)
(53658, 0.92450317)
(257652, 0.92450317)
(328418, 0.92450317)
(89130, 0.92450317)
(255532, 0.92450317)
(41537, 0.9244963)
(270075, 0.9244963)
(326390, 0.9244963)
(357693, 0.9244963)
(111105, 0.92449621)
(231065, 0.92449621)
(40728, 0.92449621)
(300546, 0.92449621)
(261660, 0.92449621)
(390876, 0.92449621)
(227592, 0.92449621)
(354025, 0.92449621)
(299578, 0.92449613)
(21002, 0.92449613)
(213128, 0.92449613)
(155884, 0.92449613)
(257017, 0.92448933)
(205538, 0.92448925)
(328950, 0.92448925)
(375005, 0.92448925)
(302641, 0.92448925)
(243138, 0.92448925)
(11056, 0.92448925)
(419050, 0.92448925)
(365629, 0.92448925)
(115969, 0.92448925)
(201960, 0.92448925)
(369807, 0.92448925)
(237874, 0.92448925)
(203708, 0.92448925)
(196357, 0.92448917)
(65334, 0.92448917)
(295420, 0.92448917)
(54729, 0.92448917)
(48973, 0.92448917)
(383866, 0.92448917)
(419714, 0.92448917)
(174044, 0.92448917)
(57528, 0.92448917)
(167567, 0.92448909)
(6280, 0.92448909)
(268437, 0.92448229)
(136671, 0.92448229)
(210589, 0.92448229)
(24532, 0.92448229)
(65604, 0.92448229)
(121934, 0.92448229)
(264775, 0.92448229)
(169733, 0.92448229)
(316909, 0.92448229)
(209470, 0.92448221)
(19976, 0.92448221)
(18569, 0.92448221)
(418997, 0.92448221)
(235990, 0.92448221)
(105372, 0.92448221)
(42691, 0.92448221)
(117560, 0.92448221)
(410995, 0.92448212)
(150741, 0.92448212)
(373851, 0.92448212)
(13238, 0.92448212)
(277507, 0.92447541)
(388887, 0.92447541)
(347805, 0.92447541)
(127870, 0.92447533)
(2693, 0.92447533)
(198663, 0.92447533)
(95466, 0.92447533)
(4039, 0.92447533)
(299103, 0.92447533)
(73446, 0.92447533)
(347256, 0.92447533)
(391204, 0.92447533)
(128788, 0.92447533)
(230169, 0.92447533)
(396947, 0.92447525)
(194356, 0.92447525)
(396872, 0.92447525)
(385616, 0.92447525)
(361239, 0.92447525)
(166098, 0.92447525)
(76964, 0.92447525)
(355087, 0.92447525)
(272658, 0.92447525)
(203416, 0.92447516)
(18656, 0.92447516)
(375955, 0.92447516)
(392301, 0.92447516)
(58193, 0.92447516)
(280995, 0.92447516)
(186476, 0.92447516)
(330947, 0.92447516)
(23919, 0.92447508)
(124589, 0.92446837)
(295919, 0.92446837)
(382689, 0.92446837)
(278790, 0.92446837)
(117154, 0.92446828)
(22540, 0.92446828)
(150183, 0.92446828)
(90966, 0.92446828)
(371359, 0.92446828)
(319512, 0.92446828)
(203317, 0.92446828)
(120206, 0.92446828)
(26214, 0.92446828)
(413889, 0.92446828)
(321351, 0.9244682)
(215937, 0.9244682)
(307373, 0.9244682)
(183792, 0.9244682)
(324322, 0.9244682)
(28821, 0.9244682)
(65819, 0.9244682)
(88836, 0.9244682)
(374889, 0.9244682)
(281040, 0.9244682)
(5469, 0.9244682)
(21690, 0.92446812)
(251008, 0.92446812)
(284006, 0.92446812)
(259991, 0.92446812)
(114510, 0.92446812)
(56416, 0.92446812)
(79411, 0.92446812)
(95871, 0.92446141)
(416649, 0.92446141)
(215746, 0.92446141)
(414732, 0.92446132)
(280474, 0.92446132)
(255264, 0.92446132)
(378975, 0.92446132)
(300655, 0.92446124)
(182306, 0.92446124)
(378890, 0.92446124)
(271217, 0.92446124)
(370284, 0.92446124)
(405793, 0.92446124)
(418525, 0.92446124)
(388416, 0.92446124)
(136318, 0.92446124)
(273822, 0.92446124)
(145820, 0.92446124)
(26830, 0.92446124)
(42216, 0.92446124)
(368123, 0.92446124)
(29999, 0.92446124)
(394803, 0.92446124)
(310929, 0.92446124)
(85031, 0.92446116)
(92129, 0.92446116)
(333736, 0.92445436)
(131308, 0.92445436)
(182467, 0.92445428)
(167924, 0.92445428)
(410810, 0.92445428)
(98520, 0.92445428)
(210096, 0.92445428)
(306105, 0.92445428)
(202169, 0.92445428)
(26199, 0.92445428)
(327793, 0.92445428)
(253041, 0.92445428)
(374177, 0.92445428)
(98805, 0.92445428)
(31938, 0.9244542)
(233962, 0.9244542)
(329021, 0.9244542)
(210463, 0.9244542)
(185217, 0.9244542)
(325578, 0.9244542)
(292233, 0.9244542)
(151521, 0.9244542)
(284591, 0.9244542)
(351796, 0.9244542)
(140846, 0.9244542)
(72803, 0.9244542)
(340838, 0.9244542)
(27045, 0.92445411)
(291672, 0.92445411)
(209717, 0.92444732)
(38924, 0.92444732)
(5598, 0.92444723)
(69597, 0.92444723)
(272949, 0.92444723)
(317894, 0.92444723)
(193370, 0.92444723)
(307689, 0.92444723)
(192212, 0.92444723)
(200997, 0.92444715)
(22108, 0.92444036)
(104254, 0.92444036)
(272011, 0.92444027)
(199832, 0.92444027)
(413671, 0.92444027)
(25751, 0.92444019)
(380759, 0.92444019)
(82034, 0.92444019)
(325869, 0.92444019)
(209763, 0.92444019)
(372408, 0.92444011)
(123861, 0.92444011)
(214439, 0.92444011)
(179055, 0.92443339)
(99746, 0.92443339)
(62350, 0.92443331)
(386940, 0.92443331)
(267391, 0.92443323)
(159067, 0.92443315)
(128281, 0.92443315)
(305979, 0.92443306)
(321100, 0.92443306)
(324132, 0.92442635)
(313104, 0.92441939)
(252753, 0.92441234)
(256153, 0.92441226)
(223205, 0.92441226)
(47973, 0.92441226)
(442, 0.92441218)
(222267, 0.92334071)
(398102, 0.92333375)
(330581, 0.92333375)
(246748, 0.92333366)
(12260, 0.92333366)
(347537, 0.92333366)
(362990, 0.92333366)
(319983, 0.92332679)
(274619, 0.9233267)
(64886, 0.9233267)
(297730, 0.92331991)
(128076, 0.92331982)
(183610, 0.92331982)
(347763, 0.92331982)
(398820, 0.92331982)
(282666, 0.92331982)
(335114, 0.92331974)
(338805, 0.92331974)
(359871, 0.92331974)
(89139, 0.92331966)
(282637, 0.92331286)
(229794, 0.92331286)
(118293, 0.92331286)
(273022, 0.92331278)
(128242, 0.92331278)
(360606, 0.92331278)
(19857, 0.92331278)
(2574, 0.92331278)
(67083, 0.92331278)
(288157, 0.9233127)
(166421, 0.9233127)
(141436, 0.9233127)
(328476, 0.9233127)
(236146, 0.9233127)
(297122, 0.9233127)
(394077, 0.9233127)
(179898, 0.9233127)
(35889, 0.9233127)
(383930, 0.92331261)
(66006, 0.9233059)
(302988, 0.9233059)
(62557, 0.92330582)
(212271, 0.92330582)
(3245, 0.92330582)
(346128, 0.92330582)
(168897, 0.92330582)
(168352, 0.92330582)
(297902, 0.92330582)
(221760, 0.92330582)
(53034, 0.92330582)
(133008, 0.92330582)
(352953, 0.92330574)
(18540, 0.92330574)
(12577, 0.92330574)
(381239, 0.92330574)
(314996, 0.92330574)
(383797, 0.92330574)
(238564, 0.92330574)
(227835, 0.92330574)
(57386, 0.92330574)
(364781, 0.92330574)
(250796, 0.92330565)
(162858, 0.92330565)
(190294, 0.92330565)
(188658, 0.92329886)
(74647, 0.92329886)
(146047, 0.92329878)
(126089, 0.92329878)
(170196, 0.92329878)
(137232, 0.92329878)
(167815, 0.92329878)
(50587, 0.92329878)
(166376, 0.92329878)
(410582, 0.92329878)
(160082, 0.92329878)
(169882, 0.92329878)
(133773, 0.92329878)
(380763, 0.92329878)
(38620, 0.92329878)
(310727, 0.92329878)
(384130, 0.92329869)
(76926, 0.92329869)
(230775, 0.92329869)
(360300, 0.92329869)
(317753, 0.92329869)
(196171, 0.92329869)
(156065, 0.92329869)
(45452, 0.92329869)
(116599, 0.92329869)
(55501, 0.92329869)
(90468, 0.9232919)
(302892, 0.9232919)
(201806, 0.92329181)
(320015, 0.92329181)
(244896, 0.92329181)
(172827, 0.92329181)
(238609, 0.92329181)
(122541, 0.92329181)
(176335, 0.92329181)
(417097, 0.92329181)
(36371, 0.92329181)
(214855, 0.92329181)
(240860, 0.92329181)
(269506, 0.92329173)
(54714, 0.92329173)
(102999, 0.92329173)
(122610, 0.92329173)
(378706, 0.92329173)
(60713, 0.92329173)
(102347, 0.92329173)
(73161, 0.92329173)
(361702, 0.92329173)
(239415, 0.92329165)
(78975, 0.92328494)
(76222, 0.92328485)
(346146, 0.92328485)
(212566, 0.92328485)
(44772, 0.92328485)
(197723, 0.92328485)
(21736, 0.92328485)
(339455, 0.92328485)
(10151, 0.92328485)
(396449, 0.92328477)
(124449, 0.92328477)
(17486, 0.92328477)
(122576, 0.92328477)
(354972, 0.92328477)
(235623, 0.92328477)
(113991, 0.92328477)
(391262, 0.92328477)
(401972, 0.92328469)
(173013, 0.92328469)
(318177, 0.92328469)
(341673, 0.92328469)
(311449, 0.92328469)
(242133, 0.92328469)
(375782, 0.92327789)
(377554, 0.92327789)
(24278, 0.92327789)
(108219, 0.92327789)
(418178, 0.92327789)
(246205, 0.92327781)
(9968, 0.92327781)
(236773, 0.92327781)
(91648, 0.92327781)
(40584, 0.92327781)
(239538, 0.92327781)
(131545, 0.92327781)
(214753, 0.92327781)
(318694, 0.92327781)
(339939, 0.92327773)
(415110, 0.92327773)
(226095, 0.92327773)
(21890, 0.92327773)
(228628, 0.92327773)
(299329, 0.92327773)
(346611, 0.92327773)
(106654, 0.92327773)
(374431, 0.92327773)
(302885, 0.92327773)
(88336, 0.92327773)
(417217, 0.92327764)
(131415, 0.92327764)
(186980, 0.92327085)
(420347, 0.92327085)
(254745, 0.92327085)
(297087, 0.92327076)
(330672, 0.92327076)
(11576, 0.92327076)
(349722, 0.92327076)
(19616, 0.92327076)
(96304, 0.92327076)
(73063, 0.92327068)
(123075, 0.92327068)
(417622, 0.92327068)
(197420, 0.92327068)
(334653, 0.92327068)
(357229, 0.92326389)
(229675, 0.92326389)
(192663, 0.92326389)
(387301, 0.92326389)
(107539, 0.9232638)
(228468, 0.9232638)
(163906, 0.9232638)
(144479, 0.92326372)
(296380, 0.92326372)
(187264, 0.92326372)
(18973, 0.92326372)
(351649, 0.92326364)
(296176, 0.92325684)
(371685, 0.92325684)
(88137, 0.92325676)
(58595, 0.92325676)
(236052, 0.92325676)
(243264, 0.92325676)
(254905, 0.92324996)
(98787, 0.92324988)
(200545, 0.9232498)
(50594, 0.9232498)
(399363, 0.9232498)
(211059, 0.92324284)
(295247, 0.92324284)
(92610, 0.92324275)
(42188, 0.92324275)
(313477, 0.92324275)
(313199, 0.92323571)
(397200, 0.92323571)
(381483, 0.92321482)
(79304, 0.92216416)
(186518, 0.92215728)
(291703, 0.92215728)
(392919, 0.92215719)
(208709, 0.92215023)
(349151, 0.92215023)
(78296, 0.92214335)
(27438, 0.92214327)
(327669, 0.92214327)
(327295, 0.92214327)
(93727, 0.92213631)
(345132, 0.92213631)
(58747, 0.92213623)
(105732, 0.92213623)
(267882, 0.92213623)
(339855, 0.92213623)
(149798, 0.92213623)
(21626, 0.92212943)
(68571, 0.92212935)
(283094, 0.92212935)
(145791, 0.92212935)
(293390, 0.92212935)
(10748, 0.92212935)
(159030, 0.92212935)
(322826, 0.92212935)
(93743, 0.92212927)
(171409, 0.92212927)
(398520, 0.92212927)
(94250, 0.92212927)
(307661, 0.92212927)
(244935, 0.92212927)
(342823, 0.92212918)
(257309, 0.92212918)
(95170, 0.92212239)
(145813, 0.92212239)
(176503, 0.92212239)
(46620, 0.9221223)
(57600, 0.9221223)
(360956, 0.9221223)
(91332, 0.9221223)
(343571, 0.9221223)
(150222, 0.9221223)
(221056, 0.9221223)
(114064, 0.9221223)
(38862, 0.9221223)
(296466, 0.9221223)
(84616, 0.9221223)
(8564, 0.9221223)
(242934, 0.92212222)
(390248, 0.92212222)
(378612, 0.92212214)
(331045, 0.92211543)
(30399, 0.92211543)
(141972, 0.92211534)
(70461, 0.92211534)
(318637, 0.92211534)
(378786, 0.92211534)
(345203, 0.92211534)
(289069, 0.92211534)
(340986, 0.92211534)
(10779, 0.92211534)
(130312, 0.92211534)
(284022, 0.92211526)
(218291, 0.92211526)
(40705, 0.92211526)
(148251, 0.92211526)
(153615, 0.92211526)
(254980, 0.92211526)
(322464, 0.92211526)
(388125, 0.92211526)
(417986, 0.92211518)
(234832, 0.92210846)
(127938, 0.92210838)
(56293, 0.92210838)
(40857, 0.92210838)
(128706, 0.92210838)
(89243, 0.92210838)
(342931, 0.92210838)
(49990, 0.92210838)
(66414, 0.92210838)
(153197, 0.92210838)
(108596, 0.92210838)
(365773, 0.9221083)
(324365, 0.9221083)
(272479, 0.9221083)
(353847, 0.9221083)
(215837, 0.9221083)
(90599, 0.9221083)
(393556, 0.92210822)
(156966, 0.92210822)
(241224, 0.92210822)
(274856, 0.92210822)
(342074, 0.92210822)
(405035, 0.92210822)
(347753, 0.92210822)
(25321, 0.92210822)
(229615, 0.92210142)
(81979, 0.92210142)
(242562, 0.92210134)
(315806, 0.92210134)
(103998, 0.92210134)
(210850, 0.92210134)
(176391, 0.92210134)
(141669, 0.92210134)
(365242, 0.92210134)
(72350, 0.92210134)
(82479, 0.92210134)
(318632, 0.92210134)
(360079, 0.92210134)
(149954, 0.92210134)
(90893, 0.92210125)
(137684, 0.92210125)
(157970, 0.92210125)
(161851, 0.92210125)
(94173, 0.92210125)
(237959, 0.92210125)
(140269, 0.92210125)
(157831, 0.92210125)
(72916, 0.92210125)
(412547, 0.92210125)
(168210, 0.92210117)
(212575, 0.92210117)
(327011, 0.92209438)
(407606, 0.92209438)
(52974, 0.92209438)
(223969, 0.92209438)
(217763, 0.92209438)
(302329, 0.92209438)
(338147, 0.92209438)
(361032, 0.92209438)
(390145, 0.92209429)
(248785, 0.92209429)
(384982, 0.92209429)
(90694, 0.92209429)
(336177, 0.92209429)
(414397, 0.92209429)
(90271, 0.92209429)
(74763, 0.92209429)
(27878, 0.92209421)
(244700, 0.92209421)
(143994, 0.92208741)
(60867, 0.92208741)
(86407, 0.92208733)
(399370, 0.92208733)
(99303, 0.92208733)
(55609, 0.92208733)
(111087, 0.92208733)
(319653, 0.92208733)
(199117, 0.92208733)
(160926, 0.92208733)
(355616, 0.92208725)
(231903, 0.92208725)
(127666, 0.92208725)
(338942, 0.92208717)
(323366, 0.92208037)
(310063, 0.92208037)
(385209, 0.92208037)
(6620, 0.92208029)
(147835, 0.92208029)
(241182, 0.92208029)
(262634, 0.92207341)
(373759, 0.92207333)
(198959, 0.92207333)
(408329, 0.92207324)
(76634, 0.92207324)
(309331, 0.92207316)
(174435, 0.92207316)
(113510, 0.92207316)
(198576, 0.92206637)
(82280, 0.92206628)
(269435, 0.9220662)
(219674, 0.9220662)
(408545, 0.92205932)
(337897, 0.92205924)
(50449, 0.92205924)
(411493, 0.92205236)
(316838, 0.92204523)
(81954, 0.92203844)
(105711, 0.92099473)
(247290, 0.92098777)
(354734, 0.92098777)
(69899, 0.92097385)
(103625, 0.92097376)
(360840, 0.9209668)
(391600, 0.9209668)
(366339, 0.9209668)
(98839, 0.92096672)
(135371, 0.92096672)
(196066, 0.92095984)
(144463, 0.92095984)
(99591, 0.92095984)
(23541, 0.92095976)
(310129, 0.92095976)
(252554, 0.92095976)
(290361, 0.92095976)
(47168, 0.92095976)
(52411, 0.92095967)
(222964, 0.92095288)
(322684, 0.92095288)
(100191, 0.9209528)
(116230, 0.9209528)
(89747, 0.9209528)
(92826, 0.92095271)
(185753, 0.92094592)
(373268, 0.92094592)
(201394, 0.92094592)
(89519, 0.92094592)
(322256, 0.92094592)
(115316, 0.92094592)
(324439, 0.92094583)
(11904, 0.92094583)
(216584, 0.92094583)
(381435, 0.92094583)
(201382, 0.92094583)
(1058, 0.92094583)
(236950, 0.92094583)
(279765, 0.92094575)
(235578, 0.92094575)
(236398, 0.92094575)
(152280, 0.92094575)
(332672, 0.92094575)
(13678, 0.92094567)
(146062, 0.92093896)
(54348, 0.92093896)
(38250, 0.92093896)
(65579, 0.92093896)
(5479, 0.92093896)
(264078, 0.92093896)
(51794, 0.92093896)
(35084, 0.92093896)
(19297, 0.92093887)
(51473, 0.92093887)
(139752, 0.92093887)
(154915, 0.92093887)
(332521, 0.92093887)
(116129, 0.92093887)
(342767, 0.92093887)
(253267, 0.92093887)
(43431, 0.92093879)
(157169, 0.92093879)
(23695, 0.92093879)
(200127, 0.92093879)
(20787, 0.92093199)
(415390, 0.92093191)
(303495, 0.92093191)
(123963, 0.92093191)
(388579, 0.92093183)
(126032, 0.92093183)
(73654, 0.92093183)
(305098, 0.92093183)
(27945, 0.92093183)
(237890, 0.92093183)
(320372, 0.92093183)
(283704, 0.92093183)
(267224, 0.92093175)
(137804, 0.92093175)
(370163, 0.92093175)
(244953, 0.92093175)
(298479, 0.92093175)
(177222, 0.92092495)
(225466, 0.92092495)
(250768, 0.92092487)
(152231, 0.92092487)
(258776, 0.92092487)
(212866, 0.92092487)
(365684, 0.92092487)
(156247, 0.92092487)
(50312, 0.92092487)
(106895, 0.92092478)
(361817, 0.92092478)
(373315, 0.92092478)
(314750, 0.92092478)
(79046, 0.9209247)
(247024, 0.92091791)
(416189, 0.92091791)
(363349, 0.92091791)
(374695, 0.92091791)
(367399, 0.92091791)
(233974, 0.92091791)
(186754, 0.92091782)
(18038, 0.92091782)
(113497, 0.92091782)
(289195, 0.92091782)
(259318, 0.92091782)
(199788, 0.92091782)
(245704, 0.92091782)
(356622, 0.92091774)
(324874, 0.92091774)
(87722, 0.92091094)
(209809, 0.92091094)
(226602, 0.92091094)
(396810, 0.92091094)
(190140, 0.92091086)
(384436, 0.92091086)
(171944, 0.92091086)
(226356, 0.92091078)
(212308, 0.92091078)
(77205, 0.92091078)
(303557, 0.92091078)
(342453, 0.92091078)
(126853, 0.92091078)
(19739, 0.92091078)
(239361, 0.92091078)
(272710, 0.92091078)
(297777, 0.92090398)
(276447, 0.9209039)
(368288, 0.9209039)
(264767, 0.9209039)
(321122, 0.9209039)
(405307, 0.9209039)
(409894, 0.9209039)
(187909, 0.92090382)
(418264, 0.92090382)
(407721, 0.92090382)
(310833, 0.92089702)
(183688, 0.92089694)
(97774, 0.92089686)
(146844, 0.92089686)
(77314, 0.92088989)
(111565, 0.92088989)
(311234, 0.92088973)
(61689, 0.92088973)
(128401, 0.92088293)
(44882, 0.92088285)
(131273, 0.92088268)
(63159, 0.92087581)
(105118, 0.92086884)
(255404, 0.92086884)
(79312, 0.92085476)
(370442, 0.9198113)
(46071, 0.91980425)
(295595, 0.91979737)
(354825, 0.91979041)
(102055, 0.91979041)
(112586, 0.91979033)
(333039, 0.91979033)
(49656, 0.91979025)
(50028, 0.91979025)
(2136, 0.91979025)
(176840, 0.91978337)
(141306, 0.91978337)
(222887, 0.91978337)
(177453, 0.91977641)
(218754, 0.91977641)
(340967, 0.91977641)
(340700, 0.91977632)
(342335, 0.91977632)
(185734, 0.91977632)
(211863, 0.91977632)
(158043, 0.91977632)
(161286, 0.91977632)
(324891, 0.91977632)
(51463, 0.91976945)
(184008, 0.91976945)
(292166, 0.91976945)
(83558, 0.91976936)
(76119, 0.91976936)
(317386, 0.91976936)
(57497, 0.91976928)
(4899, 0.91976248)
(205935, 0.91976248)
(250123, 0.91976248)
(308416, 0.91976248)
(196623, 0.9197624)
(125192, 0.9197624)
(387230, 0.9197624)
(305588, 0.9197624)
(385633, 0.91976232)
(128654, 0.91975552)
(43874, 0.91975544)
(37776, 0.91975544)
(159804, 0.91975536)
(321992, 0.91975536)
(265796, 0.91975536)
(111670, 0.91975536)
(178826, 0.91975536)
(151940, 0.91975536)
(90276, 0.91975536)
(200588, 0.91975536)
(113744, 0.91975536)
(27859, 0.91975536)
(34690, 0.91975536)
(94972, 0.91975527)
(396481, 0.91974856)
(118880, 0.91974848)
(357256, 0.91974848)
(254538, 0.9197484)
(225991, 0.9197484)
(177502, 0.9197484)
(156431, 0.9197484)
(67606, 0.9197484)
(353846, 0.91974831)
(30567, 0.91974831)
(206382, 0.91974831)
(404104, 0.91974831)
(290535, 0.91974823)
(384782, 0.91974144)
(120276, 0.91974144)
(323446, 0.91974144)
(231983, 0.91974135)
(339784, 0.91974135)
(141308, 0.91974135)
(72313, 0.91974135)
(317112, 0.91974135)
(165175, 0.91974135)
(49915, 0.91974135)
(45115, 0.91974135)
(3526, 0.91974135)
(132448, 0.91974127)
(397259, 0.91974127)
(2211, 0.91973456)
(240881, 0.91973447)
(250485, 0.91973447)
(59172, 0.91973439)
(397801, 0.91973439)
(24031, 0.91973439)
(390930, 0.91973439)
(212117, 0.91973439)
(90995, 0.91973439)
(393946, 0.91973431)
(288277, 0.91973431)
(175052, 0.91973431)
(414008, 0.91972751)
(341882, 0.91972751)
(85242, 0.91972743)
(278413, 0.91972735)
(384804, 0.91972735)
(245850, 0.91972735)
(318396, 0.91972735)
(161887, 0.91972726)
(301599, 0.91972047)
(12264, 0.91972047)
(327735, 0.91972039)
(161489, 0.91972039)
(280734, 0.91972039)
(373799, 0.9197203)
(199497, 0.9197203)
(380904, 0.9197203)
(181033, 0.91971342)
(334193, 0.91971342)
(225853, 0.91971342)
(8102, 0.91971326)
(197186, 0.91970646)
(152010, 0.91970646)
(237692, 0.9197063)
(246398, 0.91969942)
(356010, 0.91969942)
(208519, 0.91969934)
(365338, 0.91968533)
(321910, 0.91967845)
(343593, 0.91861394)
(176861, 0.91861386)
(69001, 0.91860698)
(139648, 0.91859985)
(25861, 0.91859985)
(369535, 0.91859298)
(358437, 0.91859298)
(207232, 0.91859289)
(115069, 0.91859289)
(386364, 0.91859289)
(380725, 0.91859281)
(108613, 0.91859281)
(387737, 0.91858601)
(138336, 0.91858593)
(95551, 0.91858585)
(251617, 0.91858585)
(102595, 0.91858585)
(278378, 0.91858577)
(92232, 0.91858577)
(325886, 0.91857905)
(347513, 0.91857897)
(150470, 0.91857897)
(288144, 0.91857897)
(339210, 0.91857889)
(197642, 0.91857889)
(39955, 0.91857889)
(288655, 0.91857201)
(363373, 0.91857201)
(18124, 0.91857193)
(332227, 0.91857193)
(216271, 0.91857193)
(265025, 0.91857184)
(232450, 0.91857184)
(262960, 0.91857184)
(141184, 0.91856496)
(211310, 0.91856496)
(17837, 0.91856488)
(120858, 0.91856488)
(186523, 0.9185648)
(254739, 0.9185648)
(206017, 0.9185648)
(417023, 0.9185648)
(149978, 0.918558)
(399195, 0.91855792)
(132506, 0.91855792)
(61761, 0.91855792)
(226732, 0.91855792)
(84746, 0.91855792)
(389955, 0.91855784)
(284121, 0.91855104)
(196179, 0.91855096)
(262048, 0.91855096)
(419394, 0.91855088)
(402323, 0.91855088)
(353700, 0.918544)
(26253, 0.918544)
(317643, 0.91854391)
(159858, 0.91854391)
(110066, 0.91854391)
(367674, 0.91854391)
(52908, 0.91854383)
(206940, 0.91854383)
(224981, 0.91854383)
(146392, 0.91853704)
(339293, 0.91853695)
(372265, 0.91853695)
(173466, 0.91853687)
(418320, 0.91853679)
(111629, 0.91853679)
(234583, 0.91852999)
(335933, 0.91852991)
(85477, 0.91852991)
(323108, 0.91851599)
(412461, 0.91850902)
(277670, 0.91850198)
(330225, 0.91848798)
(218323, 0.91743739)
(19125, 0.91743051)
(230994, 0.91743043)
(193257, 0.91742338)
(86633, 0.91741651)
(225374, 0.91741634)
(270187, 0.91740946)
(278700, 0.91740946)
(291895, 0.91740946)
(412861, 0.91740938)
(277661, 0.91740938)
(159756, 0.91740233)
(276745, 0.91740233)
(227149, 0.91739554)
(222574, 0.91739546)
(57135, 0.91739546)
(404744, 0.91739537)
(332108, 0.91739537)
(50452, 0.91739537)
(401663, 0.91739537)
(178590, 0.91738858)
(236, 0.91738858)
(332628, 0.91738849)
(322100, 0.91738849)
(400076, 0.91738849)
(282293, 0.91738841)
(323994, 0.91738841)
(41805, 0.91738841)
(58065, 0.91738841)
(63968, 0.91738833)
(165886, 0.91738162)
(153092, 0.91738153)
(365095, 0.91738153)
(216452, 0.91738145)
(82481, 0.91738137)
(251942, 0.91737449)
(281448, 0.91737449)
(337393, 0.91737441)
(119589, 0.91737441)
(47966, 0.91737432)
(76238, 0.91736753)
(372196, 0.91736753)
(59679, 0.91736744)
(11042, 0.91736744)
(82009, 0.91736728)
(205545, 0.91736048)
(843, 0.91735352)
(229275, 0.91735352)
(35611, 0.91735352)
(388007, 0.91735352)
(56418, 0.91734656)
(10169, 0.91733952)
(275469, 0.91733943)
(148384, 0.91733247)
(338652, 0.91733239)
(353113, 0.91625396)
(214885, 0.916247)
(238272, 0.91623307)
(81131, 0.91623299)
(192934, 0.91623299)
(63636, 0.91623299)
(25342, 0.91623282)
(169056, 0.91622611)
(386645, 0.91622595)
(196795, 0.91622595)
(382967, 0.91622595)
(97830, 0.91622595)
(98832, 0.91621898)
(177533, 0.91621898)
(99786, 0.91621898)
(262566, 0.9162189)
(80681, 0.9162189)
(82286, 0.9162189)
(241779, 0.91621219)
(416697, 0.91621202)
(392346, 0.91621194)
(108453, 0.91621186)
(59088, 0.91620506)
(58482, 0.91620506)
(199443, 0.91620506)
(33311, 0.91620506)
(284131, 0.91620498)
(70344, 0.91620498)
(265310, 0.9161981)
(102461, 0.9161981)
(222752, 0.9161981)
(399037, 0.91619802)
(288995, 0.91619802)
(135965, 0.91619802)
(371589, 0.91619802)
(44070, 0.91619793)
(204739, 0.91619793)
(203442, 0.91619097)
(290979, 0.91618409)
(136453, 0.91618401)
(396888, 0.91617713)
(52562, 0.91617697)
(274695, 0.91617697)
(165912, 0.91617697)
(301688, 0.91616992)
(401608, 0.91616305)
(273052, 0.91616296)
(400262, 0.91614896)
(152238, 0.91507749)
(68033, 0.91506356)
(113786, 0.91505652)
(127270, 0.91504948)
(89900, 0.91504251)
(189871, 0.91504243)
(183967, 0.91503564)
(92804, 0.91503555)
(151754, 0.9150353)
(391867, 0.91502859)
(71040, 0.91502851)
(395141, 0.91502851)
(41495, 0.91502851)
(94888, 0.91502843)
(233100, 0.91502834)
(336784, 0.91502163)
(308635, 0.91502155)
(64107, 0.91502146)
(223333, 0.91502138)
(244649, 0.91501459)
(378826, 0.91501442)
(386086, 0.91501434)
(56271, 0.91500762)
(203449, 0.91500754)
(147585, 0.91500746)
(190620, 0.91496561)
(150256, 0.91496536)
(280506, 0.91495856)
(140599, 0.91386604)
(384506, 0.91385908)
(38760, 0.91385908)
(28701, 0.913859)
(92230, 0.913859)
(318754, 0.913859)
(227264, 0.91385212)
(118972, 0.91385212)
(410625, 0.91385204)
(386355, 0.91385204)
(228902, 0.91384508)
(131793, 0.91383812)
(102644, 0.91383795)
(60858, 0.91383124)
(259933, 0.91383115)
(173377, 0.91383099)
(168423, 0.91382394)
(384150, 0.91381698)
(186496, 0.91380306)
(168909, 0.9137961)
(73125, 0.91376121)
(402909, 0.91269662)
(302586, 0.91269653)
(267184, 0.91268957)
(328094, 0.91268949)
(351219, 0.91268261)
(226257, 0.91268253)
(318618, 0.91268245)
(230818, 0.91267557)
(417885, 0.91267557)
(244890, 0.91266861)
(295890, 0.91266852)
(95978, 0.91266852)
(263227, 0.91266148)
(390000, 0.91266148)
(195265, 0.91265468)
(69500, 0.9126546)
(105261, 0.91264059)
(405605, 0.91152703)
(340021, 0.91152015)
(403437, 0.91150622)
(35950, 0.91149918)
(333495, 0.91148509)
(276568, 0.91147813)
(5393, 0.91145716)
(254825, 0.91032975)
(164585, 0.91030862)
(142770, 0.91030862)
(352886, 0.91029478)
(52382, 0.91025956)
(357949, 0.90910422)
(117850, 0.90675136)
