(82239, 0.94336864)
(334762, 0.94336864)
(187220, 0.94219913)
(270252, 0.94219217)
(121390, 0.94219217)
(340418, 0.94219217)
(341425, 0.94219217)
(210674, 0.94219217)
(148592, 0.94219217)
(234801, 0.94219217)
(110166, 0.94219217)
(346223, 0.94218521)
(334952, 0.94218521)
(317241, 0.94218521)
(408114, 0.94218521)
(292089, 0.94218521)
(76383, 0.94217816)
(208002, 0.94217816)
(406606, 0.94217816)
(67892, 0.94217816)
(141921, 0.9410157)
(279030, 0.9410157)
(338025, 0.9410157)
(5572, 0.9410157)
(176110, 0.9410157)
(130291, 0.9410157)
(49140, 0.9410157)
(280570, 0.9410157)
(349260, 0.9410157)
(116402, 0.9410157)
(148683, 0.9410157)
(225304, 0.9410157)
(96050, 0.9410157)
(159337, 0.9410157)
(19923, 0.9410157)
(267757, 0.9410157)
(39308, 0.9410157)
(395544, 0.9410157)
(17513, 0.9410157)
(96920, 0.9410157)
(391568, 0.9410157)
(149451, 0.94100873)
(296340, 0.94100873)
(13567, 0.94100873)
(110650, 0.94100873)
(247093, 0.94100873)
(35670, 0.94100873)
(185792, 0.94100873)
(20878, 0.94100873)
(245443, 0.94100873)
(84406, 0.94100873)
(247248, 0.94100873)
(30584, 0.94100873)
(33795, 0.94100873)
(212556, 0.94100873)
(294904, 0.94100873)
(263304, 0.94100873)
(15592, 0.94100177)
(166502, 0.94100169)
(260046, 0.94100169)
(355773, 0.94100169)
(188578, 0.94100169)
(338571, 0.94100169)
(395977, 0.94099473)
(73951, 0.94099473)
(345704, 0.94099473)
(316379, 0.94099473)
(232691, 0.94099473)
(408658, 0.94099473)
(340478, 0.94096672)
(67194, 0.93983923)
(279432, 0.93983923)
(92507, 0.93983923)
(100821, 0.93983923)
(157944, 0.93983923)
(182054, 0.93983923)
(94085, 0.93983923)
(343800, 0.93983923)
(29613, 0.93983923)
(292232, 0.93983923)
(185050, 0.93983923)
(389643, 0.93983923)
(333754, 0.93983923)
(365671, 0.93983226)
(138454, 0.93983226)
(394577, 0.93983226)
(66011, 0.93983226)
(413225, 0.93983226)
(299304, 0.93983226)
(215573, 0.93983226)
(15375, 0.93983226)
(268236, 0.93983226)
(124899, 0.93983226)
(340014, 0.93983226)
(98184, 0.93983226)
(211157, 0.93983226)
(258547, 0.93983226)
(130156, 0.93983226)
(191284, 0.93983226)
(170814, 0.93983226)
(393106, 0.93983226)
(379533, 0.93983226)
(48031, 0.93983226)
(118398, 0.93983226)
(412943, 0.93983226)
(283141, 0.93983226)
(321194, 0.93983226)
(109212, 0.93983226)
(106296, 0.93983226)
(23055, 0.93983226)
(34659, 0.93983226)
(126073, 0.93983226)
(297576, 0.93983218)
(156516, 0.9398253)
(376506, 0.9398253)
(367627, 0.9398253)
(379643, 0.9398253)
(92895, 0.9398253)
(109520, 0.9398253)
(340701, 0.93982522)
(417542, 0.93982522)
(306486, 0.93982522)
(224518, 0.93982522)
(153518, 0.93982522)
(63106, 0.93982522)
(162284, 0.93982522)
(321535, 0.93982522)
(107861, 0.93982522)
(157162, 0.93982522)
(187384, 0.93982522)
(81693, 0.93982522)
(254637, 0.93982522)
(167673, 0.93982522)
(37273, 0.93981826)
(352275, 0.93981826)
(333916, 0.93981826)
(155228, 0.93981826)
(25885, 0.93981826)
(164680, 0.93981826)
(145502, 0.93981826)
(63519, 0.93981826)
(6893, 0.93981826)
(167920, 0.93981826)
(33700, 0.93981826)
(272871, 0.93981826)
(223458, 0.93981826)
(290932, 0.93981826)
(32848, 0.93981826)
(12537, 0.93981826)
(187840, 0.93981826)
(38800, 0.93981826)
(203348, 0.93981826)
(307388, 0.9398113)
(274946, 0.9398113)
(107328, 0.9398113)
(83309, 0.9398113)
(25110, 0.9398113)
(203150, 0.93981121)
(7363, 0.93980425)
(59451, 0.93866276)
(378431, 0.93866276)
(148155, 0.93866276)
(139646, 0.93866276)
(198343, 0.93866276)
(309304, 0.93866276)
(253061, 0.93866276)
(377202, 0.93866276)
(249481, 0.93866276)
(110990, 0.93866276)
(154347, 0.93866276)
(273947, 0.93866276)
(184550, 0.93866276)
(388466, 0.93866276)
(286267, 0.93866276)
(180556, 0.93866276)
(186200, 0.93866276)
(157058, 0.93865579)
(32022, 0.93865579)
(54018, 0.93865579)
(243947, 0.93865579)
(149295, 0.93865579)
(299649, 0.93865579)
(240706, 0.93865579)
(371045, 0.93865579)
(33470, 0.93865579)
(99930, 0.93865579)
(379792, 0.93865579)
(92017, 0.93865579)
(336440, 0.93865579)
(76291, 0.93865579)
(289769, 0.93865579)
(210445, 0.93865579)
(146245, 0.93865579)
(5349, 0.93865579)
(257719, 0.93865579)
(371347, 0.93865579)
(314484, 0.93865579)
(343694, 0.93865579)
(221727, 0.93865579)
(96732, 0.93865579)
(78583, 0.93865579)
(74419, 0.93865579)
(322497, 0.93865579)
(200969, 0.93865579)
(338938, 0.93865579)
(296610, 0.93865579)
(356577, 0.93865579)
(343333, 0.93865579)
(258237, 0.93865579)
(364068, 0.93865579)
(231711, 0.93865579)
(326237, 0.93865579)
(17101, 0.93865579)
(110744, 0.93865579)
(159656, 0.93865579)
(44851, 0.93865579)
(280434, 0.93865579)
(179603, 0.93865579)
(396178, 0.93864883)
(39167, 0.93864883)
(239896, 0.93864883)
(216871, 0.93864883)
(300067, 0.93864883)
(252667, 0.93864883)
(95421, 0.93864883)
(334328, 0.93864883)
(381301, 0.93864883)
(44436, 0.93864883)
(41584, 0.93864883)
(51306, 0.93864883)
(304053, 0.93864883)
(239555, 0.93864883)
(378161, 0.93864883)
(26764, 0.93864883)
(265149, 0.93864883)
(393044, 0.93864883)
(81510, 0.93864883)
(114455, 0.93864883)
(128190, 0.93864883)
(194670, 0.93864883)
(48151, 0.93864883)
(136411, 0.93864875)
(311015, 0.93864875)
(83775, 0.93864875)
(5649, 0.93864875)
(260811, 0.93864875)
(267204, 0.93864875)
(124771, 0.93864875)
(15679, 0.93864875)
(388249, 0.93864875)
(58581, 0.93864875)
(174190, 0.93864875)
(362595, 0.93864875)
(357740, 0.93864875)
(290094, 0.93864875)
(103231, 0.93864875)
(409681, 0.93864875)
(154741, 0.93864875)
(24187, 0.93864187)
(123327, 0.93864187)
(149430, 0.93864187)
(250948, 0.93864187)
(379443, 0.93864187)
(71586, 0.93864187)
(193634, 0.93864179)
(26983, 0.93864179)
(253676, 0.93864179)
(187732, 0.93864179)
(125626, 0.93864179)
(294473, 0.93864179)
(198610, 0.93864179)
(214172, 0.93864179)
(391717, 0.93864179)
(66240, 0.93864179)
(156112, 0.93864179)
(280787, 0.93864179)
(370636, 0.93864179)
(32592, 0.93864179)
(361511, 0.93864179)
(208728, 0.93864179)
(53905, 0.93864179)
(95756, 0.93864179)
(231355, 0.93864179)
(161913, 0.93864179)
(158795, 0.93864179)
(97067, 0.93864179)
(152668, 0.93864179)
(10309, 0.93864179)
(300163, 0.93864179)
(143032, 0.93864179)
(44787, 0.93864179)
(220784, 0.93864179)
(292246, 0.93864179)
(217152, 0.93864179)
(24708, 0.93864179)
(242366, 0.93864179)
(365747, 0.93864179)
(218023, 0.93864171)
(328247, 0.93863491)
(364788, 0.93863483)
(201300, 0.93863483)
(159952, 0.93863483)
(8080, 0.93863483)
(392335, 0.93863483)
(338866, 0.93863483)
(318731, 0.93863483)
(305947, 0.93863483)
(310135, 0.93863483)
(188259, 0.93863483)
(23258, 0.93863483)
(288767, 0.93863483)
(123550, 0.93863483)
(54303, 0.93863483)
(10676, 0.93863483)
(158791, 0.93863474)
(234068, 0.93863474)
(362938, 0.93863474)
(413035, 0.93863474)
(50108, 0.93863474)
(180008, 0.93863474)
(21915, 0.93863474)
(312241, 0.93863474)
(352465, 0.93863474)
(274285, 0.93863474)
(89928, 0.93863474)
(369107, 0.93862778)
(242217, 0.93862778)
(193723, 0.93862778)
(114637, 0.93862778)
(273918, 0.93862778)
(216149, 0.93862778)
(395289, 0.93862778)
(135001, 0.93862082)
(292264, 0.93862082)
(350208, 0.93862074)
(375499, 0.93862074)
(190255, 0.93862074)
(378062, 0.93862074)
(73933, 0.93862074)
(153291, 0.93862074)
(308736, 0.93862074)
(45137, 0.93748628)
(410737, 0.93748628)
(309781, 0.93748628)
(332677, 0.93748628)
(248711, 0.93748628)
(256942, 0.93748628)
(186207, 0.93748628)
(318819, 0.93748628)
(278793, 0.93747932)
(88003, 0.93747932)
(112687, 0.93747932)
(226046, 0.93747932)
(21658, 0.93747932)
(402151, 0.93747932)
(187178, 0.93747932)
(191646, 0.93747932)
(375892, 0.93747932)
(408610, 0.93747932)
(220399, 0.93747932)
(315726, 0.93747932)
(171479, 0.93747932)
(282271, 0.93747932)
(116080, 0.93747932)
(110353, 0.93747932)
(373341, 0.93747932)
(377295, 0.93747932)
(259813, 0.93747932)
(17227, 0.93747932)
(336687, 0.93747932)
(30271, 0.93747932)
(291809, 0.93747932)
(56679, 0.93747932)
(401714, 0.93747932)
(212000, 0.93747932)
(63274, 0.93747932)
(257618, 0.93747932)
(379091, 0.93747932)
(249470, 0.93747932)
(64973, 0.93747932)
(100375, 0.93747932)
(51715, 0.93747932)
(258855, 0.93747932)
(243, 0.93747924)
(102391, 0.93747924)
(47304, 0.93747236)
(65078, 0.93747236)
(272932, 0.93747236)
(329676, 0.93747236)
(88333, 0.93747236)
(354223, 0.93747236)
(359377, 0.93747236)
(150332, 0.93747236)
(406343, 0.93747236)
(112299, 0.93747236)
(416442, 0.93747236)
(130659, 0.93747236)
(48189, 0.93747236)
(403598, 0.93747236)
(392315, 0.93747236)
(269739, 0.93747236)
(169116, 0.93747236)
(163639, 0.93747236)
(222267, 0.93747236)
(372756, 0.93747236)
(378762, 0.93747236)
(157272, 0.93747236)
(370005, 0.93747236)
(133884, 0.93747236)
(94511, 0.93747236)
(66703, 0.93747236)
(407952, 0.93747236)
(6668, 0.93747236)
(295667, 0.93747236)
(162941, 0.93747236)
(417745, 0.93747228)
(131716, 0.93747228)
(257533, 0.93747228)
(145642, 0.93747228)
(90481, 0.93747228)
(380970, 0.93747228)
(87602, 0.93747228)
(93384, 0.93747228)
(285199, 0.93747228)
(98208, 0.93747228)
(155466, 0.93747228)
(346480, 0.93747228)
(81433, 0.93747228)
(181948, 0.93747228)
(214940, 0.93747228)
(248786, 0.93747228)
(386932, 0.93747228)
(335214, 0.93747228)
(47588, 0.93747228)
(191381, 0.9374654)
(3361, 0.9374654)
(270343, 0.9374654)
(99668, 0.9374654)
(401826, 0.9374654)
(70147, 0.9374654)
(244227, 0.9374654)
(368398, 0.9374654)
(62827, 0.93746532)
(42584, 0.93746532)
(300231, 0.93746532)
(76173, 0.93746532)
(394537, 0.93746532)
(27356, 0.93746532)
(320481, 0.93746532)
(250056, 0.93746532)
(356497, 0.93746532)
(168173, 0.93746532)
(349901, 0.93746532)
(28692, 0.93746532)
(126179, 0.93746532)
(121636, 0.93746532)
(146048, 0.93746532)
(116096, 0.93746532)
(132924, 0.93746532)
(120121, 0.93746532)
(242042, 0.93746532)
(390051, 0.93746532)
(41119, 0.93746532)
(205004, 0.93746532)
(345909, 0.93746532)
(377142, 0.93746532)
(374406, 0.93746532)
(87852, 0.93746532)
(23894, 0.93746532)
(143999, 0.93746532)
(315314, 0.93746532)
(530, 0.93746532)
(101442, 0.93746532)
(79603, 0.93746532)
(403899, 0.93746532)
(232030, 0.93746532)
(350836, 0.93746532)
(312687, 0.93746532)
(180377, 0.93746532)
(50764, 0.93746532)
(34780, 0.93746532)
(169193, 0.93746532)
(393086, 0.93746532)
(246261, 0.93746532)
(190972, 0.93746532)
(306460, 0.93746532)
(219935, 0.93746532)
(23044, 0.93746532)
(357084, 0.93746532)
(48844, 0.93746532)
(127721, 0.93746532)
(334815, 0.93746532)
(148897, 0.93746532)
(414060, 0.93745844)
(185309, 0.93745844)
(380301, 0.93745844)
(115047, 0.93745844)
(221814, 0.93745836)
(287824, 0.93745836)
(405326, 0.93745836)
(30755, 0.93745836)
(124972, 0.93745836)
(306425, 0.93745836)
(79749, 0.93745836)
(375550, 0.93745836)
(381228, 0.93745836)
(122323, 0.93745836)
(7769, 0.93745836)
(19064, 0.93745836)
(146223, 0.93745836)
(184318, 0.93745836)
(370457, 0.93745836)
(156974, 0.93745836)
(347246, 0.93745836)
(125123, 0.93745836)
(113718, 0.93745836)
(60025, 0.93745836)
(165015, 0.93745836)
(234620, 0.93745836)
(29718, 0.93745836)
(402828, 0.93745836)
(59346, 0.93745836)
(29778, 0.93745836)
(73927, 0.93745836)
(256827, 0.93745836)
(364167, 0.93745836)
(246597, 0.93745836)
(63019, 0.93745836)
(304689, 0.93745836)
(356214, 0.93745836)
(211788, 0.93745836)
(292375, 0.93745827)
(146520, 0.93745827)
(338001, 0.93745827)
(408426, 0.93745827)
(394372, 0.93745827)
(92168, 0.93745827)
(333446, 0.93745827)
(264347, 0.93745827)
(115190, 0.93745827)
(299834, 0.93745827)
(177828, 0.93745827)
(66863, 0.93745139)
(322639, 0.93745139)
(230718, 0.93745139)
(379261, 0.93745139)
(19901, 0.93745139)
(412440, 0.93745131)
(31334, 0.93745131)
(186706, 0.93745131)
(173226, 0.93745131)
(51111, 0.93745131)
(310812, 0.93745131)
(291856, 0.93745131)
(33273, 0.93745131)
(98611, 0.93745131)
(106562, 0.93745131)
(270103, 0.93745131)
(296630, 0.93745131)
(275100, 0.93745131)
(48042, 0.93745131)
(331293, 0.93745131)
(165280, 0.93745131)
(45516, 0.93745131)
(117252, 0.93745131)
(340104, 0.93745131)
(132588, 0.93745131)
(362920, 0.93744435)
(288468, 0.93744435)
(156565, 0.93744435)
(297072, 0.93744427)
(284276, 0.93744427)
(238208, 0.93744427)
(307428, 0.93744427)
(154381, 0.93744427)
(354585, 0.93743731)
(382420, 0.93743731)
(67895, 0.93743731)
(5367, 0.93743731)
(45552, 0.93743731)
(56667, 0.93743731)
(48668, 0.93743034)
(108081, 0.93743034)
(229090, 0.93743026)
(86058, 0.93743026)
(406157, 0.93743026)
(343564, 0.93743026)
(311099, 0.9374233)
(54290, 0.93630981)
(299900, 0.93630981)
(322147, 0.93630981)
(164765, 0.93630981)
(309096, 0.93630981)
(346956, 0.93630981)
(250414, 0.93630285)
(226211, 0.93630285)
(200790, 0.93630285)
(212624, 0.93630285)
(284866, 0.93630285)
(42649, 0.93630285)
(358193, 0.93630285)
(195129, 0.93630285)
(264883, 0.93630285)
(150606, 0.93630285)
(384806, 0.93630285)
(393105, 0.93630285)
(275244, 0.93630285)
(328138, 0.93630285)
(186632, 0.93630285)
(320708, 0.93630285)
(79091, 0.93630285)
(309125, 0.93630285)
(56800, 0.93630285)
(162689, 0.93630285)
(297683, 0.93630285)
(105243, 0.93630285)
(229029, 0.93630285)
(184960, 0.93630285)
(181363, 0.93630285)
(104468, 0.93630285)
(410295, 0.93630285)
(117641, 0.93630285)
(100575, 0.93630285)
(252186, 0.93630285)
(150144, 0.93630285)
(220177, 0.93630285)
(167678, 0.93630285)
(302725, 0.93629589)
(76803, 0.93629589)
(60862, 0.93629589)
(249692, 0.93629589)
(205713, 0.93629589)
(112043, 0.93629589)
(11468, 0.93629589)
(117567, 0.93629589)
(43268, 0.93629589)
(296922, 0.93629589)
(180577, 0.93629589)
(79479, 0.93629589)
(295004, 0.93629589)
(392113, 0.93629589)
(317587, 0.93629589)
(148990, 0.93629589)
(88154, 0.93629589)
(224202, 0.93629589)
(385461, 0.93629589)
(161298, 0.93629589)
(251092, 0.93629589)
(376770, 0.93629589)
(24180, 0.93629581)
(377593, 0.93629581)
(383349, 0.93629581)
(63934, 0.93629581)
(338138, 0.93629581)
(151646, 0.93629581)
(192498, 0.93629581)
(412313, 0.93629581)
(273751, 0.93629581)
(130710, 0.93629581)
(216611, 0.93629581)
(94000, 0.93629581)
(147826, 0.93629581)
(83702, 0.93629581)
(414443, 0.93629581)
(79383, 0.93628893)
(320128, 0.93628893)
(326964, 0.93628893)
(257446, 0.93628893)
(54439, 0.93628893)
(369542, 0.93628893)
(200295, 0.93628893)
(17381, 0.93628893)
(328774, 0.93628893)
(220348, 0.93628893)
(157040, 0.93628885)
(400305, 0.93628885)
(240610, 0.93628885)
(159537, 0.93628885)
(74037, 0.93628885)
(294212, 0.93628885)
(179658, 0.93628885)
(87769, 0.93628885)
(392162, 0.93628885)
(195925, 0.93628885)
(218057, 0.93628885)
(5123, 0.93628885)
(374661, 0.93628885)
(128489, 0.93628885)
(110348, 0.93628885)
(182651, 0.93628885)
(312849, 0.93628885)
(286339, 0.93628885)
(45617, 0.93628885)
(89391, 0.93628885)
(287679, 0.93628885)
(377480, 0.93628885)
(77851, 0.93628885)
(79366, 0.93628885)
(371389, 0.93628885)
(78468, 0.93628885)
(225878, 0.93628885)
(35805, 0.93628885)
(363914, 0.93628885)
(139845, 0.93628885)
(279779, 0.93628885)
(234083, 0.93628885)
(263396, 0.93628885)
(14923, 0.93628885)
(157295, 0.93628885)
(8515, 0.93628885)
(250780, 0.93628885)
(304410, 0.93628885)
(108497, 0.93628885)
(330561, 0.93628885)
(358943, 0.93628885)
(385997, 0.93628197)
(204009, 0.93628197)
(5475, 0.93628189)
(205433, 0.93628189)
(402035, 0.93628189)
(251959, 0.93628189)
(262306, 0.93628189)
(333042, 0.93628189)
(59780, 0.93628189)
(151745, 0.93628189)
(373926, 0.93628189)
(407203, 0.93628189)
(36949, 0.93628189)
(90668, 0.93628189)
(104684, 0.93628189)
(179850, 0.93628189)
(212660, 0.93628189)
(93734, 0.93628189)
(96330, 0.93628189)
(416834, 0.93628189)
(56212, 0.93628189)
(395051, 0.93628189)
(269787, 0.93628189)
(248256, 0.93628189)
(362082, 0.93628189)
(7071, 0.93628189)
(98620, 0.93628189)
(383046, 0.93628189)
(334810, 0.93628189)
(384554, 0.93628189)
(69137, 0.93628189)
(358956, 0.93628189)
(13998, 0.93628189)
(157289, 0.93628189)
(100293, 0.93628189)
(266565, 0.93628189)
(137553, 0.93628189)
(282647, 0.93628189)
(182561, 0.93628189)
(168170, 0.93628189)
(346853, 0.93628189)
(47958, 0.93628189)
(192231, 0.9362818)
(276816, 0.9362818)
(201576, 0.9362818)
(105459, 0.9362818)
(106350, 0.9362818)
(85122, 0.9362818)
(144537, 0.9362818)
(113726, 0.9362818)
(49284, 0.9362818)
(56917, 0.93627501)
(237373, 0.93627492)
(398288, 0.93627492)
(322198, 0.93627492)
(150957, 0.93627492)
(85045, 0.93627492)
(245454, 0.93627492)
(86679, 0.93627492)
(239239, 0.93627492)
(18835, 0.93627492)
(285442, 0.93627492)
(260434, 0.93627492)
(363666, 0.93627492)
(400780, 0.93627492)
(208188, 0.93627492)
(248506, 0.93627484)
(43044, 0.93627484)
(412046, 0.93627484)
(374613, 0.93627484)
(167765, 0.93627484)
(285918, 0.93627484)
(291430, 0.93627484)
(400715, 0.93627484)
(40961, 0.93627484)
(176690, 0.93627484)
(234941, 0.93627484)
(376853, 0.93627484)
(274001, 0.93627484)
(317550, 0.93627484)
(102408, 0.93627484)
(325770, 0.93627484)
(147575, 0.93627484)
(180361, 0.93627484)
(148939, 0.93627484)
(326005, 0.93627484)
(36367, 0.93627484)
(120751, 0.93627484)
(405965, 0.93627484)
(351775, 0.93627484)
(100310, 0.93626788)
(402710, 0.93626788)
(146277, 0.93626788)
(138300, 0.93626788)
(210711, 0.93626788)
(205874, 0.93626788)
(255932, 0.93626788)
(351972, 0.93626788)
(286395, 0.93626788)
(282111, 0.93626788)
(378072, 0.93626788)
(339879, 0.93626788)
(31213, 0.93626788)
(172755, 0.93626788)
(382407, 0.93626788)
(94082, 0.93626788)
(165028, 0.93626788)
(386469, 0.9362678)
(210474, 0.9362678)
(73916, 0.9362678)
(84286, 0.9362678)
(150020, 0.9362678)
(416159, 0.9362678)
(139534, 0.9362678)
(344279, 0.9362678)
(202139, 0.9362678)
(291220, 0.9362678)
(265300, 0.93626092)
(247772, 0.93626092)
(319597, 0.93626092)
(417764, 0.93626092)
(260715, 0.93626084)
(251989, 0.93626084)
(117159, 0.93626084)
(420314, 0.93626084)
(220327, 0.93626084)
(156231, 0.93626084)
(332881, 0.93626084)
(336407, 0.93626084)
(88171, 0.93626084)
(347146, 0.93626084)
(77633, 0.93626084)
(335593, 0.93626084)
(161130, 0.93625396)
(392081, 0.93625396)
(244681, 0.93625387)
(64712, 0.93625387)
(298396, 0.93625387)
(43274, 0.93625379)
(79746, 0.93624691)
(384878, 0.93624691)
(338983, 0.93624691)
(94556, 0.93624683)
(36760, 0.93623291)
(370899, 0.93623282)
(94905, 0.9351403)
(217714, 0.93513334)
(357871, 0.93513334)
(371490, 0.93513334)
(325025, 0.93513334)
(221345, 0.93512638)
(102252, 0.93512638)
(54463, 0.93512638)
(248224, 0.93512638)
(305482, 0.93512638)
(74854, 0.93512638)
(245492, 0.93512638)
(39750, 0.93512638)
(210630, 0.93512638)
(36134, 0.93512638)
(407326, 0.93512638)
(374924, 0.93512638)
(49038, 0.93512638)
(312305, 0.93512638)
(260006, 0.93512638)
(333905, 0.93512638)
(341372, 0.93512638)
(142802, 0.93512638)
(91630, 0.9351263)
(35604, 0.93511942)
(337060, 0.93511942)
(372932, 0.93511942)
(168906, 0.93511942)
(38555, 0.93511942)
(225361, 0.93511942)
(401717, 0.93511942)
(21117, 0.93511942)
(43671, 0.93511942)
(40182, 0.93511942)
(156027, 0.93511942)
(278633, 0.93511942)
(361239, 0.93511942)
(96007, 0.93511942)
(4334, 0.93511942)
(414544, 0.93511942)
(78749, 0.93511942)
(172147, 0.93511942)
(234574, 0.93511942)
(179990, 0.93511942)
(412357, 0.93511942)
(287443, 0.93511942)
(57683, 0.93511942)
(326390, 0.93511942)
(182452, 0.93511942)
(48163, 0.93511942)
(105450, 0.93511942)
(196871, 0.93511934)
(25313, 0.93511934)
(405663, 0.93511934)
(292962, 0.93511934)
(153079, 0.93511934)
(323050, 0.93511934)
(401507, 0.93511934)
(112122, 0.93511934)
(142633, 0.93511934)
(10354, 0.93511934)
(403031, 0.93511934)
(257293, 0.93511934)
(406080, 0.93511934)
(108498, 0.93511934)
(409007, 0.93511934)
(78524, 0.93511934)
(208060, 0.93511934)
(155403, 0.93511246)
(395312, 0.93511246)
(349621, 0.93511246)
(259378, 0.93511246)
(56915, 0.93511246)
(324649, 0.93511246)
(90019, 0.93511246)
(395494, 0.93511246)
(91270, 0.93511246)
(172965, 0.93511246)
(171670, 0.93511246)
(61116, 0.93511246)
(247797, 0.93511246)
(79320, 0.93511246)
(55047, 0.93511246)
(243860, 0.93511238)
(405883, 0.93511238)
(55591, 0.93511238)
(2078, 0.93511238)
(217065, 0.93511238)
(318486, 0.93511238)
(9145, 0.93511238)
(405749, 0.93511238)
(158765, 0.93511238)
(348062, 0.93511238)
(302387, 0.93511238)
(221576, 0.93511238)
(12045, 0.93511238)
(344058, 0.93511238)
(296618, 0.93511238)
(25847, 0.93511238)
(309792, 0.93511238)
(141263, 0.93511238)
(37799, 0.93511238)
(97129, 0.93511238)
(244066, 0.93511238)
(412624, 0.93511238)
(258438, 0.93511238)
(341607, 0.93511238)
(343444, 0.93511238)
(347256, 0.93511238)
(221033, 0.93511238)
(261669, 0.93511238)
(364014, 0.93511238)
(380720, 0.9351055)
(269518, 0.9351055)
(7257, 0.9351055)
(331234, 0.93510541)
(51875, 0.93510541)
(154733, 0.93510541)
(51310, 0.93510541)
(11972, 0.93510541)
(373637, 0.93510541)
(7895, 0.93510541)
(336788, 0.93510541)
(376618, 0.93510541)
(117218, 0.93510541)
(161450, 0.93510541)
(81487, 0.93510541)
(131442, 0.93510541)
(158455, 0.93510541)
(161699, 0.93510541)
(198796, 0.93510541)
(235658, 0.93510541)
(172274, 0.93510541)
(60356, 0.93510541)
(178829, 0.93510541)
(206280, 0.93510541)
(49181, 0.93510541)
(224576, 0.93510541)
(116889, 0.93510541)
(207362, 0.93510541)
(305147, 0.93510541)
(51034, 0.93510541)
(223403, 0.93510541)
(286794, 0.93510541)
(3105, 0.93510541)
(240851, 0.93510541)
(65141, 0.93510541)
(299528, 0.93510541)
(379429, 0.93510541)
(331374, 0.93510541)
(7618, 0.93510541)
(239364, 0.93510541)
(14127, 0.93510541)
(252770, 0.93510541)
(181933, 0.93510541)
(401096, 0.93510541)
(337663, 0.93510541)
(113285, 0.93510541)
(50645, 0.93510541)
(57353, 0.93510541)
(251610, 0.93510541)
(368051, 0.93510541)
(303663, 0.93510541)
(121549, 0.93510541)
(171683, 0.93510541)
(150964, 0.93510533)
(204947, 0.93510533)
(309540, 0.93510533)
(67026, 0.93510533)
(216093, 0.93510533)
(328378, 0.93510533)
(300011, 0.93510533)
(3576, 0.93510533)
(130438, 0.93509845)
(293650, 0.93509845)
(68720, 0.93509845)
(344185, 0.93509845)
(372616, 0.93509845)
(218976, 0.93509845)
(13714, 0.93509845)
(158305, 0.93509845)
(234117, 0.93509845)
(105181, 0.93509845)
(243444, 0.93509845)
(325473, 0.93509845)
(352146, 0.93509845)
(8482, 0.93509845)
(13289, 0.93509845)
(103047, 0.93509845)
(66797, 0.93509845)
(50547, 0.93509845)
(286882, 0.93509837)
(313250, 0.93509837)
(245608, 0.93509837)
(112158, 0.93509837)
(50344, 0.93509837)
(321682, 0.93509837)
(261507, 0.93509837)
(301301, 0.93509837)
(337463, 0.93509837)
(194979, 0.93509837)
(110356, 0.93509837)
(207570, 0.93509837)
(318001, 0.93509837)
(88180, 0.93509837)
(188630, 0.93509837)
(105899, 0.93509837)
(191564, 0.93509837)
(110969, 0.93509837)
(118416, 0.93509837)
(15972, 0.93509837)
(203839, 0.93509837)
(147319, 0.93509837)
(352717, 0.93509837)
(108545, 0.93509837)
(326257, 0.93509837)
(170856, 0.93509837)
(406857, 0.93509837)
(367629, 0.93509837)
(181626, 0.93509837)
(99144, 0.93509837)
(409261, 0.93509837)
(123302, 0.93509837)
(341257, 0.93509837)
(51622, 0.93509837)
(46539, 0.93509829)
(240489, 0.93509829)
(31010, 0.93509149)
(204791, 0.93509149)
(296691, 0.93509141)
(279653, 0.93509141)
(248308, 0.93509141)
(188281, 0.93509141)
(67232, 0.93509141)
(76441, 0.93509141)
(382594, 0.93509141)
(164436, 0.93509141)
(18294, 0.93509141)
(344949, 0.93509141)
(291501, 0.93509141)
(314786, 0.93509141)
(265581, 0.93509141)
(200434, 0.93509141)
(11426, 0.93509141)
(138523, 0.93509141)
(99356, 0.93509141)
(260208, 0.93509141)
(92825, 0.93509141)
(85196, 0.93509141)
(158995, 0.93509141)
(339374, 0.93509141)
(375373, 0.93509133)
(58034, 0.93509133)
(91616, 0.93509133)
(298610, 0.93509133)
(317658, 0.93509133)
(346611, 0.93509133)
(288454, 0.93509133)
(334780, 0.93509133)
(116497, 0.93509133)
(274837, 0.93508437)
(250723, 0.93508437)
(3959, 0.93508437)
(314785, 0.93508437)
(400484, 0.93508437)
(221200, 0.93508437)
(304511, 0.93508437)
(77042, 0.93508437)
(297592, 0.93508437)
(344856, 0.93508437)
(119331, 0.93508437)
(101678, 0.93508437)
(340565, 0.93508437)
(349746, 0.93508437)
(127535, 0.93508428)
(318327, 0.93507749)
(184111, 0.93507749)
(221154, 0.9350774)
(143963, 0.9350774)
(304646, 0.9350774)
(314326, 0.9350774)
(331649, 0.9350774)
(71161, 0.9350774)
(153652, 0.9350774)
(144843, 0.9350774)
(232299, 0.9350774)
(407032, 0.9350774)
(274436, 0.9350774)
(411218, 0.93507732)
(310604, 0.93507732)
(415170, 0.93507732)
(271930, 0.93507732)
(281745, 0.93507732)
(350669, 0.93507732)
(400736, 0.93507044)
(110436, 0.93507044)
(133523, 0.93507044)
(188387, 0.93507036)
(111447, 0.93507036)
(297707, 0.93507036)
(183130, 0.93507036)
(184027, 0.93507036)
(26808, 0.93507036)
(401259, 0.9350634)
(335232, 0.9350634)
(52209, 0.9350634)
(317419, 0.93506332)
(29187, 0.93506332)
(285720, 0.93505644)
(190046, 0.93505644)
(334825, 0.93505635)
(36620, 0.93395687)
(87693, 0.93394991)
(330870, 0.93394991)
(360678, 0.93394991)
(258618, 0.93394991)
(225118, 0.93394991)
(22936, 0.93394991)
(152992, 0.93394991)
(273017, 0.93394991)
(274646, 0.93394983)
(156062, 0.93394295)
(152169, 0.93394295)
(385035, 0.93394295)
(212292, 0.93394295)
(375735, 0.93394295)
(257017, 0.93394295)
(299183, 0.93394295)
(383656, 0.93394295)
(311455, 0.93394295)
(30633, 0.93394295)
(345511, 0.93394295)
(227439, 0.93394295)
(52055, 0.93394295)
(171173, 0.93394295)
(399971, 0.93394295)
(335112, 0.93394295)
(336348, 0.93394295)
(245169, 0.93394295)
(166665, 0.93394295)
(254383, 0.93394287)
(149009, 0.93394287)
(216908, 0.93394287)
(272859, 0.93394287)
(116168, 0.93394287)
(328107, 0.93394287)
(122811, 0.93394287)
(12026, 0.93394287)
(273300, 0.93394287)
(278332, 0.93393599)
(206948, 0.93393599)
(210800, 0.93393599)
(59978, 0.93393599)
(42801, 0.93393599)
(300345, 0.93393599)
(356344, 0.93393599)
(328782, 0.93393599)
(116476, 0.93393591)
(206490, 0.93393591)
(326797, 0.93393591)
(344063, 0.93393591)
(272747, 0.93393591)
(121429, 0.93393591)
(67954, 0.93393591)
(109381, 0.93393591)
(395851, 0.93393591)
(220772, 0.93393591)
(206960, 0.93393591)
(250280, 0.93393591)
(162259, 0.93393591)
(34665, 0.93393591)
(126940, 0.93393591)
(128754, 0.93393591)
(255882, 0.93393591)
(39517, 0.93393591)
(283800, 0.93393591)
(180194, 0.93393591)
(230296, 0.93393591)
(186406, 0.93393591)
(196921, 0.93393591)
(353035, 0.93393591)
(196100, 0.93393591)
(172616, 0.93392903)
(333465, 0.93392903)
(252876, 0.93392903)
(226749, 0.93392903)
(184971, 0.93392903)
(55924, 0.93392903)
(91777, 0.93392903)
(152188, 0.93392903)
(323112, 0.93392903)
(233837, 0.93392894)
(412873, 0.93392894)
(403433, 0.93392894)
(34644, 0.93392894)
(369038, 0.93392894)
(416478, 0.93392894)
(185866, 0.93392894)
(340146, 0.93392894)
(94561, 0.93392894)
(370990, 0.93392894)
(184075, 0.93392894)
(94414, 0.93392894)
(358230, 0.93392894)
(64198, 0.93392894)
(320234, 0.93392894)
(324296, 0.93392894)
(412587, 0.93392894)
(192470, 0.93392894)
(324334, 0.93392894)
(250930, 0.93392894)
(79988, 0.93392894)
(305884, 0.93392894)
(341143, 0.93392894)
(94792, 0.93392894)
(294169, 0.93392894)
(332620, 0.93392894)
(161013, 0.93392894)
(284845, 0.93392894)
(50612, 0.93392894)
(277207, 0.93392894)
(193984, 0.93392894)
(167917, 0.93392886)
(150129, 0.93392886)
(376430, 0.93392886)
(195369, 0.93392886)
(411906, 0.93392886)
(356178, 0.93392886)
(331233, 0.93392886)
(278364, 0.93392886)
(26895, 0.93392886)
(80528, 0.93392207)
(58279, 0.93392207)
(110394, 0.93392207)
(225034, 0.93392207)
(356574, 0.93392198)
(275308, 0.93392198)
(87087, 0.93392198)
(142446, 0.93392198)
(409651, 0.93392198)
(225086, 0.93392198)
(366874, 0.93392198)
(328557, 0.93392198)
(3974, 0.93392198)
(383342, 0.93392198)
(394852, 0.93392198)
(229381, 0.93392198)
(278749, 0.93392198)
(390385, 0.93392198)
(359997, 0.93392198)
(10819, 0.93392198)
(233931, 0.93392198)
(202324, 0.9339219)
(202752, 0.9339219)
(265884, 0.9339219)
(39946, 0.9339219)
(417221, 0.9339219)
(272861, 0.9339219)
(270334, 0.9339219)
(395535, 0.9339219)
(396103, 0.9339219)
(10510, 0.9339219)
(412126, 0.9339219)
(415493, 0.9339219)
(379865, 0.9339219)
(61170, 0.9339219)
(218723, 0.9339219)
(212314, 0.9339219)
(340515, 0.9339219)
(101444, 0.9339219)
(9856, 0.9339219)
(81643, 0.9339219)
(115714, 0.9339219)
(413889, 0.9339219)
(279483, 0.9339219)
(257569, 0.9339219)
(103235, 0.9339219)
(192826, 0.9339219)
(300220, 0.9339219)
(387667, 0.9339219)
(384579, 0.9339219)
(328606, 0.9339219)
(177856, 0.9339219)
(56241, 0.93391502)
(227208, 0.93391502)
(159181, 0.93391502)
(73051, 0.93391502)
(28474, 0.93391502)
(308956, 0.93391502)
(133649, 0.93391502)
(284244, 0.93391502)
(418898, 0.93391502)
(22398, 0.93391502)
(224848, 0.93391494)
(409587, 0.93391494)
(412781, 0.93391494)
(21996, 0.93391494)
(56359, 0.93391494)
(137245, 0.93391494)
(205243, 0.93391494)
(412707, 0.93391494)
(252928, 0.93391494)
(411474, 0.93391494)
(400855, 0.93391494)
(412326, 0.93391494)
(395970, 0.93391494)
(37575, 0.93391494)
(279816, 0.93391494)
(228142, 0.93391494)
(256691, 0.93391494)
(71777, 0.93391494)
(156166, 0.93391494)
(118807, 0.93391494)
(98240, 0.93391494)
(45873, 0.93391494)
(267209, 0.93391494)
(57446, 0.93391494)
(263191, 0.93391494)
(349310, 0.93391494)
(275773, 0.93391494)
(301474, 0.93391494)
(17467, 0.93391486)
(407728, 0.93391486)
(138929, 0.93391486)
(295889, 0.93391486)
(88506, 0.93391486)
(101034, 0.93391486)
(389574, 0.93391486)
(309246, 0.93391486)
(271689, 0.93391486)
(94902, 0.93391486)
(311151, 0.93391486)
(280844, 0.93390806)
(169481, 0.93390806)
(197040, 0.93390798)
(42414, 0.93390798)
(14033, 0.93390798)
(147011, 0.93390798)
(279454, 0.93390798)
(297353, 0.93390798)
(271093, 0.93390798)
(67227, 0.93390798)
(274910, 0.93390798)
(260849, 0.93390798)
(76497, 0.93390798)
(285679, 0.93390798)
(345780, 0.93390798)
(44086, 0.93390798)
(288338, 0.93390798)
(69543, 0.93390798)
(335108, 0.93390798)
(193087, 0.93390798)
(92057, 0.93390789)
(158008, 0.93390789)
(115722, 0.93390789)
(56856, 0.93390789)
(371107, 0.93390789)
(274116, 0.93390789)
(160240, 0.93390789)
(395405, 0.93390789)
(229477, 0.93390789)
(314095, 0.93390789)
(168160, 0.93390789)
(15144, 0.93390789)
(92781, 0.93390789)
(352002, 0.93390789)
(169729, 0.93390789)
(216887, 0.93390789)
(271148, 0.93390789)
(320044, 0.93390789)
(193241, 0.93390789)
(109570, 0.93390789)
(35423, 0.93390789)
(73023, 0.93390781)
(175462, 0.93390102)
(179207, 0.93390093)
(350193, 0.93390093)
(114595, 0.93390093)
(92404, 0.93390093)
(378786, 0.93390093)
(140409, 0.93390093)
(254102, 0.93390093)
(3677, 0.93390093)
(290127, 0.93390093)
(18222, 0.93390093)
(130793, 0.93390093)
(131688, 0.93390093)
(362192, 0.93390085)
(221379, 0.93390085)
(662, 0.93390085)
(189300, 0.93389405)
(71582, 0.93389397)
(258348, 0.93389397)
(58595, 0.93389397)
(305262, 0.93389397)
(415365, 0.93389397)
(105066, 0.93389389)
(256547, 0.93389389)
(269000, 0.93389389)
(84274, 0.93389389)
(321984, 0.93389389)
(335905, 0.93389389)
(218353, 0.93389389)
(79213, 0.93389389)
(125132, 0.93388701)
(49264, 0.93388701)
(112466, 0.93388693)
(43154, 0.93388693)
(360527, 0.93388693)
(170854, 0.93388693)
(292653, 0.93388693)
(135974, 0.93388693)
(273429, 0.93388693)
(275923, 0.93388684)
(175346, 0.93388684)
(234844, 0.93388684)
(364720, 0.93387997)
(267095, 0.93387988)
(352287, 0.933873)
(410627, 0.93387292)
(88551, 0.93387284)
(52065, 0.93386588)
(178767, 0.9327804)
(229382, 0.93277344)
(286857, 0.93277344)
(163535, 0.93277344)
(356703, 0.93277344)
(179997, 0.93277344)
(124920, 0.93276648)
(388834, 0.93276648)
(390626, 0.93276648)
(201489, 0.93276648)
(135879, 0.93276648)
(257896, 0.93276648)
(396820, 0.93276648)
(89345, 0.9327664)
(268437, 0.9327664)
(155274, 0.9327664)
(95329, 0.9327664)
(218890, 0.93275952)
(71883, 0.93275952)
(18161, 0.93275952)
(126739, 0.93275952)
(20738, 0.93275952)
(177712, 0.93275952)
(87121, 0.93275952)
(313601, 0.93275952)
(89921, 0.93275952)
(341829, 0.93275952)
(229711, 0.93275944)
(151020, 0.93275944)
(55776, 0.93275944)
(44838, 0.93275944)
(269141, 0.93275944)
(247393, 0.93275944)
(401383, 0.93275944)
(120874, 0.93275944)
(360413, 0.93275944)
(232150, 0.93275944)
(247350, 0.93275944)
(302190, 0.93275944)
(319864, 0.93275944)
(338805, 0.93275944)
(90712, 0.93275944)
(209346, 0.93275944)
(344457, 0.93275944)
(392290, 0.93275944)
(202835, 0.93275944)
(418426, 0.93275944)
(295139, 0.93275944)
(87386, 0.93275264)
(184197, 0.93275256)
(102803, 0.93275256)
(208043, 0.93275247)
(79953, 0.93275247)
(202477, 0.93275247)
(336326, 0.93275247)
(233215, 0.93275247)
(261526, 0.93275247)
(345010, 0.93275247)
(174906, 0.93275247)
(294091, 0.93275247)
(270491, 0.93275247)
(82247, 0.93275247)
(180369, 0.93275247)
(168352, 0.93275247)
(19754, 0.93275247)
(233774, 0.93275247)
(301775, 0.93275247)
(400231, 0.93275247)
(92834, 0.93275247)
(189536, 0.93275247)
(105996, 0.93275247)
(226987, 0.93275247)
(125962, 0.93275247)
(396977, 0.93275247)
(63630, 0.93275247)
(386968, 0.93275247)
(207645, 0.93275247)
(230567, 0.93275247)
(239525, 0.93275239)
(401527, 0.93275239)
(19239, 0.93275239)
(282239, 0.93275239)
(53136, 0.93275239)
(417194, 0.9327456)
(308636, 0.93274551)
(403709, 0.93274551)
(389553, 0.93274551)
(180769, 0.93274551)
(294770, 0.93274551)
(134532, 0.93274551)
(360356, 0.93274551)
(249541, 0.93274551)
(287464, 0.93274551)
(243979, 0.93274551)
(245501, 0.93274551)
(147185, 0.93274551)
(10682, 0.93274551)
(171853, 0.93274551)
(301807, 0.93274551)
(316461, 0.93274551)
(327021, 0.93274551)
(26531, 0.93274551)
(83966, 0.93274551)
(76538, 0.93274551)
(65672, 0.93274551)
(62171, 0.93274551)
(367109, 0.93274551)
(52537, 0.93274551)
(276055, 0.93274551)
(378823, 0.93274551)
(258318, 0.93274551)
(95937, 0.93274551)
(77353, 0.93274543)
(333946, 0.93274543)
(310613, 0.93274543)
(253874, 0.93274543)
(78351, 0.93274543)
(262970, 0.93274543)
(289374, 0.93274543)
(265658, 0.93274543)
(304055, 0.93274543)
(339220, 0.93274543)
(36035, 0.93274543)
(97434, 0.93274543)
(6196, 0.93274543)
(215532, 0.93274543)
(172739, 0.93274543)
(399553, 0.93274543)
(273998, 0.93274543)
(103347, 0.93274543)
(303580, 0.93274543)
(230863, 0.93274543)
(389941, 0.93274543)
(223139, 0.93274543)
(406274, 0.93274543)
(375933, 0.93274543)
(361949, 0.93274543)
(386489, 0.93274543)
(114325, 0.93274535)
(73099, 0.93273863)
(312234, 0.93273855)
(350635, 0.93273855)
(323574, 0.93273855)
(56531, 0.93273855)
(304832, 0.93273855)
(263754, 0.93273855)
(64435, 0.93273855)
(184393, 0.93273855)
(177203, 0.93273855)
(160713, 0.93273855)
(69079, 0.93273847)
(180365, 0.93273847)
(53057, 0.93273847)
(390272, 0.93273847)
(100960, 0.93273847)
(188420, 0.93273847)
(353236, 0.93273847)
(114897, 0.93273847)
(114955, 0.93273847)
(349202, 0.93273847)
(267778, 0.93273847)
(301821, 0.93273847)
(102217, 0.93273847)
(319679, 0.93273847)
(21788, 0.93273847)
(221911, 0.93273847)
(314465, 0.93273847)
(4707, 0.93273847)
(202975, 0.93273847)
(54308, 0.93273847)
(347227, 0.93273847)
(160269, 0.93273847)
(315621, 0.93273847)
(386308, 0.93273847)
(361321, 0.93273847)
(64405, 0.93273847)
(1533, 0.93273839)
(294844, 0.93273839)
(169985, 0.93273839)
(315075, 0.93273839)
(56726, 0.93273839)
(78547, 0.93273839)
(210795, 0.93273839)
(170686, 0.93273159)
(215746, 0.93273159)
(203987, 0.93273159)
(46595, 0.93273159)
(247613, 0.93273159)
(72127, 0.93273159)
(84213, 0.93273159)
(190730, 0.93273159)
(197288, 0.93273159)
(144313, 0.93273151)
(386612, 0.93273151)
(270329, 0.93273151)
(418408, 0.93273151)
(104754, 0.93273151)
(30330, 0.93273151)
(24842, 0.93273151)
(309037, 0.93273151)
(237096, 0.93273151)
(98963, 0.93273151)
(54696, 0.93273151)
(75393, 0.93273151)
(249108, 0.93273151)
(189828, 0.93273151)
(419929, 0.93273151)
(259770, 0.93273151)
(46426, 0.93273151)
(126175, 0.93273151)
(371568, 0.93273151)
(298072, 0.93273142)
(302054, 0.93273142)
(354490, 0.93273142)
(256358, 0.93273142)
(32530, 0.93273142)
(284968, 0.93273142)
(84087, 0.93273142)
(15754, 0.93273142)
(288235, 0.93273142)
(405534, 0.93273142)
(305776, 0.93273142)
(59011, 0.93273142)
(153868, 0.93273142)
(287465, 0.93273142)
(17038, 0.93273142)
(416192, 0.93273142)
(352953, 0.93272455)
(23601, 0.93272455)
(363857, 0.93272455)
(172785, 0.93272455)
(280474, 0.93272455)
(303583, 0.93272455)
(116464, 0.93272455)
(160753, 0.93272455)
(394120, 0.93272455)
(145680, 0.93272455)
(338967, 0.93272455)
(274421, 0.93272446)
(221416, 0.93272446)
(259058, 0.93272446)
(373010, 0.93272446)
(201418, 0.93272446)
(18276, 0.93272446)
(166158, 0.93272446)
(36854, 0.93272446)
(66218, 0.93272446)
(89, 0.93272446)
(379400, 0.93272446)
(413564, 0.93272446)
(176657, 0.93272446)
(268953, 0.93272446)
(122702, 0.93272446)
(322880, 0.93272446)
(141754, 0.93272446)
(222667, 0.93272446)
(372849, 0.93272438)
(2145, 0.93272438)
(332344, 0.93272438)
(107770, 0.93272438)
(340911, 0.93272438)
(273422, 0.93271758)
(261864, 0.93271758)
(321761, 0.93271758)
(227582, 0.9327175)
(152222, 0.9327175)
(78124, 0.9327175)
(133773, 0.9327175)
(60160, 0.9327175)
(97639, 0.93271742)
(119668, 0.93271742)
(312311, 0.93271742)
(143851, 0.93271742)
(354482, 0.93271742)
(81541, 0.93271742)
(182234, 0.93271742)
(393901, 0.93271742)
(371197, 0.93271742)
(204665, 0.93271742)
(163490, 0.93271062)
(246205, 0.93271054)
(380803, 0.93271054)
(59989, 0.93271054)
(374869, 0.93271046)
(115042, 0.93271046)
(100716, 0.93271046)
(226707, 0.93271046)
(120502, 0.93271046)
(240981, 0.93271046)
(337174, 0.93271046)
(375041, 0.93271046)
(130656, 0.93271046)
(420085, 0.93271046)
(258649, 0.93271046)
(248542, 0.93271046)
(255392, 0.93271046)
(301307, 0.93271046)
(351606, 0.93271046)
(242376, 0.93271046)
(166772, 0.93271046)
(356468, 0.93271037)
(239430, 0.93271037)
(135096, 0.93271037)
(131681, 0.93270358)
(32701, 0.9327035)
(353184, 0.9327035)
(173943, 0.9327035)
(124640, 0.9327035)
(179253, 0.93270341)
(355047, 0.93270341)
(49289, 0.93270341)
(121376, 0.93270341)
(237072, 0.93270341)
(346341, 0.93270341)
(8708, 0.93270341)
(197755, 0.93270341)
(227679, 0.93270341)
(242571, 0.93270341)
(316795, 0.93269645)
(142886, 0.93269645)
(97212, 0.93269645)
(69566, 0.93268949)
(132334, 0.93268941)
(93753, 0.93159697)
(341870, 0.93159697)
(209527, 0.93159697)
(212652, 0.93159001)
(300257, 0.93159001)
(94699, 0.93159001)
(113195, 0.93159001)
(187736, 0.93159001)
(410259, 0.93158993)
(347537, 0.93158993)
(114223, 0.93158305)
(19854, 0.93158305)
(400442, 0.93158305)
(331686, 0.93158305)
(165198, 0.93158305)
(132503, 0.93158305)
(292679, 0.93158305)
(45787, 0.93158296)
(310897, 0.93158296)
(395640, 0.93158296)
(4701, 0.93158296)
(341295, 0.93158296)
(204982, 0.93158296)
(308883, 0.93158296)
(416145, 0.93158296)
(17126, 0.93158296)
(115969, 0.93158296)
(191947, 0.93158296)
(366313, 0.93157609)
(37630, 0.93157609)
(201132, 0.93157609)
(338969, 0.93157609)
(262275, 0.931576)
(367545, 0.931576)
(20069, 0.931576)
(89366, 0.931576)
(280272, 0.931576)
(287344, 0.931576)
(214558, 0.931576)
(381699, 0.931576)
(92630, 0.931576)
(188158, 0.931576)
(199163, 0.931576)
(334664, 0.931576)
(189881, 0.931576)
(113179, 0.931576)
(69494, 0.931576)
(213261, 0.931576)
(285001, 0.931576)
(129860, 0.931576)
(250731, 0.931576)
(53111, 0.931576)
(185076, 0.931576)
(246014, 0.931576)
(96585, 0.931576)
(366198, 0.931576)
(166520, 0.931576)
(247274, 0.931576)
(391182, 0.931576)
(127984, 0.93157592)
(73854, 0.93157592)
(297328, 0.93157592)
(364979, 0.93157592)
(275107, 0.93157592)
(13344, 0.93156912)
(95466, 0.93156912)
(297845, 0.93156912)
(403308, 0.93156904)
(104315, 0.93156904)
(356484, 0.93156904)
(77806, 0.93156904)
(374695, 0.93156904)
(297460, 0.93156904)
(122299, 0.93156904)
(121013, 0.93156904)
(354164, 0.93156904)
(40304, 0.93156904)
(165079, 0.93156896)
(353193, 0.93156896)
(194820, 0.93156896)
(384130, 0.93156896)
(264941, 0.93156896)
(198445, 0.93156896)
(341318, 0.93156896)
(270235, 0.93156896)
(85345, 0.93156896)
(328418, 0.93156896)
(53340, 0.93156896)
(317753, 0.93156896)
(152334, 0.93156896)
(81129, 0.93156896)
(105978, 0.93156896)
(200351, 0.93156896)
(165342, 0.93156896)
(213279, 0.93156896)
(335587, 0.93156896)
(151615, 0.93156896)
(318662, 0.93156216)
(258632, 0.93156208)
(94438, 0.93156208)
(264775, 0.93156208)
(338936, 0.93156208)
(214161, 0.93156208)
(132211, 0.931562)
(55818, 0.931562)
(390763, 0.931562)
(327200, 0.931562)
(5998, 0.931562)
(357633, 0.931562)
(371901, 0.931562)
(40421, 0.931562)
(244686, 0.931562)
(78647, 0.931562)
(2146, 0.931562)
(294460, 0.931562)
(265203, 0.931562)
(10187, 0.931562)
(261416, 0.931562)
(191255, 0.931562)
(331630, 0.931562)
(405035, 0.931562)
(55420, 0.931562)
(139457, 0.931562)
(81369, 0.931562)
(133114, 0.931562)
(375830, 0.93156191)
(257309, 0.93156191)
(333545, 0.93156191)
(44675, 0.93156191)
(192710, 0.93156191)
(194867, 0.93156191)
(187762, 0.93156191)
(419425, 0.93156191)
(204975, 0.93156191)
(89139, 0.93156183)
(204031, 0.93155512)
(311275, 0.93155512)
(61333, 0.93155512)
(257128, 0.93155512)
(102257, 0.93155504)
(328410, 0.93155504)
(216852, 0.93155504)
(81383, 0.93155504)
(118843, 0.93155504)
(33071, 0.93155504)
(169882, 0.93155504)
(378577, 0.93155504)
(316040, 0.93155504)
(247568, 0.93155504)
(150109, 0.93155504)
(105802, 0.93155504)
(288354, 0.93155504)
(110623, 0.93155504)
(152040, 0.93155504)
(361610, 0.93155504)
(29858, 0.93155504)
(311445, 0.93155504)
(403354, 0.93155504)
(333424, 0.93155495)
(270666, 0.93155495)
(372457, 0.93155495)
(41116, 0.93155495)
(168802, 0.93155495)
(399654, 0.93155495)
(32226, 0.93155495)
(349623, 0.93155495)
(74997, 0.93155495)
(271762, 0.93155495)
(391636, 0.93155495)
(246692, 0.93155495)
(165387, 0.93155495)
(193743, 0.93155495)
(25159, 0.93155495)
(9276, 0.93155495)
(3612, 0.93155495)
(84582, 0.93155495)
(29048, 0.93155495)
(331512, 0.93155495)
(191061, 0.93155495)
(170443, 0.93155495)
(411368, 0.93155495)
(164672, 0.93155495)
(130816, 0.93155487)
(368653, 0.93154816)
(77360, 0.93154807)
(418421, 0.93154807)
(313649, 0.93154807)
(248682, 0.93154807)
(313100, 0.93154807)
(56113, 0.93154807)
(40339, 0.93154807)
(179022, 0.93154807)
(246720, 0.93154807)
(45508, 0.93154807)
(186820, 0.93154799)
(36985, 0.93154799)
(228340, 0.93154799)
(233962, 0.93154799)
(230022, 0.93154799)
(163359, 0.93154799)
(200798, 0.93154799)
(229361, 0.93154799)
(373214, 0.93154799)
(140499, 0.93154799)
(340197, 0.93154799)
(190452, 0.93154799)
(313386, 0.93154799)
(417557, 0.93154799)
(8261, 0.93154799)
(294529, 0.93154799)
(246076, 0.93154799)
(310447, 0.93154799)
(170996, 0.93154799)
(54169, 0.93154799)
(12161, 0.93154799)
(403320, 0.93154791)
(55008, 0.93154791)
(77003, 0.93154791)
(275807, 0.93154791)
(412600, 0.93154791)
(219994, 0.93154111)
(371883, 0.93154111)
(175942, 0.93154103)
(134469, 0.93154103)
(323862, 0.93154103)
(223228, 0.93154103)
(191075, 0.93154103)
(257830, 0.93154103)
(425, 0.93154103)
(42421, 0.93154103)
(277504, 0.93154103)
(211757, 0.93154103)
(96216, 0.93154103)
(414399, 0.93154103)
(340528, 0.93154103)
(414937, 0.93154095)
(147541, 0.93154095)
(46580, 0.93154095)
(266680, 0.93154095)
(73732, 0.93154095)
(171269, 0.93154095)
(156728, 0.93154095)
(311846, 0.93154095)
(82727, 0.93154095)
(91677, 0.93154095)
(114197, 0.93154095)
(115427, 0.93154095)
(85676, 0.93154095)
(305041, 0.93154095)
(55506, 0.93154095)
(347753, 0.93154095)
(70362, 0.93153407)
(118697, 0.93153407)
(205711, 0.93153407)
(63403, 0.93153407)
(152567, 0.93153407)
(119563, 0.93153407)
(241076, 0.93153407)
(157365, 0.93153407)
(324434, 0.93153407)
(334387, 0.93153399)
(51388, 0.93153399)
(163323, 0.93153399)
(408167, 0.93153399)
(280042, 0.93153399)
(145967, 0.93153399)
(90673, 0.93153399)
(403801, 0.93153399)
(98437, 0.93153399)
(13560, 0.93153399)
(278306, 0.9315339)
(90209, 0.9315339)
(206450, 0.9315339)
(158931, 0.9315339)
(107561, 0.9315339)
(254123, 0.9315339)
(247593, 0.93152719)
(284752, 0.93152711)
(361386, 0.93152711)
(220791, 0.93152703)
(56397, 0.93152703)
(83019, 0.93152703)
(235765, 0.93152703)
(65799, 0.93152703)
(295919, 0.93152703)
(173574, 0.93152694)
(300026, 0.93152694)
(223425, 0.93152694)
(117873, 0.93152694)
(83180, 0.93152694)
(98728, 0.93152694)
(120123, 0.93152694)
(253414, 0.93152694)
(114510, 0.93152686)
(400955, 0.93152006)
(310466, 0.93152006)
(406257, 0.93152006)
(391409, 0.93151998)
(267161, 0.93151998)
(308240, 0.93151998)
(336199, 0.93151998)
(53030, 0.93151998)
(294143, 0.93151998)
(217407, 0.93151998)
(92526, 0.93151998)
(378225, 0.9315131)
(363740, 0.93151302)
(297484, 0.93151302)
(416825, 0.93151302)
(274443, 0.93150614)
(79714, 0.93150598)
(59698, 0.93150598)
(94799, 0.93150598)
(267516, 0.93150598)
(350006, 0.93150598)
(24749, 0.93149901)
(120841, 0.93149901)
(305945, 0.93149901)
(306279, 0.93149893)
(419740, 0.93149893)
(129726, 0.93149205)
(69597, 0.93149197)
(395700, 0.9304205)
(98263, 0.93041354)
(291968, 0.93041354)
(257652, 0.93041354)
(10050, 0.93041354)
(257859, 0.93041354)
(226428, 0.93041346)
(129050, 0.93040658)
(303729, 0.93040658)
(374358, 0.93040649)
(351923, 0.93040649)
(19301, 0.93040649)
(274548, 0.93040649)
(28999, 0.93040649)
(414214, 0.93040649)
(144306, 0.93040649)
(270075, 0.93039962)
(364568, 0.93039953)
(156417, 0.93039953)
(206032, 0.93039953)
(311304, 0.93039953)
(132581, 0.93039953)
(400870, 0.93039953)
(60759, 0.93039953)
(374795, 0.93039953)
(284591, 0.93039953)
(122541, 0.93039953)
(352026, 0.93039953)
(313161, 0.93039953)
(201960, 0.93039953)
(318253, 0.93039953)
(419132, 0.93039945)
(47549, 0.93039945)
(155884, 0.93039945)
(274633, 0.93039945)
(250314, 0.93039265)
(111836, 0.93039257)
(397806, 0.93039257)
(347763, 0.93039257)
(38608, 0.93039257)
(9268, 0.93039257)
(94006, 0.93039257)
(378881, 0.93039257)
(304336, 0.93039257)
(4383, 0.93039257)
(239965, 0.93039257)
(221760, 0.93039257)
(31041, 0.93039257)
(417301, 0.93039257)
(88971, 0.93039257)
(195253, 0.93039257)
(18540, 0.93039249)
(267268, 0.93039249)
(173590, 0.93039249)
(102306, 0.93039249)
(272281, 0.93039249)
(349151, 0.93039249)
(220767, 0.93039249)
(314750, 0.93039249)
(344020, 0.93039249)
(2923, 0.93039249)
(235990, 0.93039249)
(106345, 0.93039249)
(93743, 0.93039241)
(184224, 0.93038569)
(203416, 0.93038561)
(300716, 0.93038561)
(270622, 0.93038561)
(117507, 0.93038561)
(223243, 0.93038561)
(67437, 0.93038561)
(357136, 0.93038561)
(82119, 0.93038561)
(239161, 0.93038553)
(18656, 0.93038553)
(67917, 0.93038553)
(23786, 0.93038553)
(73470, 0.93038553)
(194992, 0.93038553)
(302641, 0.93038553)
(181494, 0.93038553)
(170025, 0.93038553)
(272479, 0.93038553)
(151696, 0.93038553)
(314468, 0.93038553)
(346866, 0.93038553)
(73678, 0.93038553)
(256001, 0.93038553)
(382834, 0.93038553)
(310859, 0.93038544)
(21734, 0.93038544)
(218570, 0.93038544)
(88836, 0.93038544)
(30848, 0.93038544)
(334228, 0.93038544)
(393018, 0.93038544)
(52220, 0.93037865)
(295893, 0.93037865)
(148578, 0.93037865)
(378975, 0.93037865)
(270107, 0.93037865)
(214932, 0.93037865)
(67650, 0.93037857)
(381239, 0.93037857)
(375005, 0.93037857)
(323501, 0.93037857)
(82026, 0.93037857)
(40664, 0.93037857)
(260994, 0.93037857)
(105911, 0.93037857)
(269146, 0.93037857)
(94020, 0.93037857)
(158844, 0.93037857)
(173038, 0.93037857)
(87578, 0.93037857)
(4039, 0.93037857)
(281170, 0.93037857)
(72350, 0.93037857)
(73478, 0.93037857)
(177527, 0.93037857)
(111921, 0.93037857)
(284051, 0.93037857)
(86749, 0.93037857)
(55750, 0.93037857)
(107845, 0.93037857)
(368550, 0.93037857)
(166796, 0.93037857)
(45452, 0.93037857)
(53034, 0.93037857)
(89129, 0.93037857)
(118575, 0.93037848)
(259217, 0.93037848)
(122602, 0.93037848)
(26964, 0.93037848)
(266247, 0.93037848)
(348691, 0.93037848)
(43637, 0.93037848)
(90694, 0.93037848)
(163267, 0.93037848)
(294491, 0.93037848)
(410582, 0.93037848)
(300369, 0.93037848)
(359587, 0.93037848)
(236379, 0.93037848)
(419448, 0.93037848)
(66993, 0.93037848)
(359729, 0.93037169)
(3990, 0.9303716)
(327100, 0.9303716)
(137232, 0.9303716)
(378276, 0.9303716)
(227607, 0.9303716)
(391217, 0.9303716)
(384063, 0.9303716)
(177189, 0.9303716)
(239281, 0.9303716)
(91900, 0.93037152)
(370751, 0.93037152)
(326544, 0.93037152)
(9017, 0.93037152)
(360587, 0.93037152)
(417861, 0.93037152)
(224875, 0.93037152)
(415411, 0.93037152)
(253029, 0.93037152)
(159830, 0.93037152)
(78355, 0.93037152)
(189807, 0.93037152)
(325972, 0.93037152)
(340537, 0.93037152)
(194855, 0.93037152)
(244688, 0.93037152)
(190574, 0.93037152)
(267264, 0.93037152)
(362669, 0.93037152)
(124349, 0.93037144)
(86703, 0.93037144)
(72939, 0.93037144)
(254905, 0.93036473)
(5344, 0.93036464)
(175088, 0.93036464)
(398211, 0.93036464)
(373195, 0.93036464)
(254745, 0.93036464)
(87106, 0.93036456)
(141972, 0.93036456)
(323673, 0.93036456)
(190080, 0.93036456)
(355834, 0.93036456)
(105318, 0.93036456)
(165125, 0.93036456)
(309683, 0.93036456)
(92201, 0.93036456)
(224607, 0.93036456)
(361706, 0.93036456)
(163787, 0.93036456)
(108309, 0.93036456)
(12975, 0.93036456)
(241574, 0.93036456)
(387519, 0.93036456)
(355616, 0.93036448)
(252096, 0.93036448)
(348495, 0.93036448)
(230689, 0.93036448)
(251785, 0.93036448)
(171529, 0.93036448)
(144267, 0.93036448)
(7505, 0.93036448)
(16305, 0.93036448)
(32333, 0.93036448)
(258953, 0.93036448)
(180540, 0.93036448)
(350344, 0.93036448)
(356622, 0.93036448)
(118830, 0.93036448)
(128762, 0.93035768)
(277507, 0.9303576)
(253365, 0.9303576)
(419182, 0.9303576)
(371794, 0.9303576)
(238798, 0.9303576)
(20084, 0.9303576)
(345368, 0.9303576)
(81829, 0.9303576)
(398454, 0.9303576)
(117648, 0.9303576)
(169461, 0.93035752)
(135923, 0.93035752)
(183761, 0.93035752)
(110592, 0.93035752)
(145086, 0.93035752)
(385608, 0.93035752)
(112309, 0.93035752)
(54212, 0.93035752)
(315444, 0.93035752)
(307689, 0.93035752)
(398644, 0.93035752)
(345071, 0.93035752)
(337603, 0.93035752)
(19739, 0.93035752)
(209763, 0.93035752)
(35181, 0.93035743)
(366940, 0.93035743)
(360953, 0.93035072)
(50374, 0.93035064)
(33362, 0.93035064)
(237618, 0.93035064)
(110513, 0.93035064)
(326240, 0.93035055)
(208103, 0.93035055)
(85018, 0.93035055)
(387244, 0.93035055)
(136318, 0.93035055)
(264020, 0.93035055)
(202536, 0.93035055)
(217312, 0.93035055)
(68908, 0.93035055)
(8937, 0.93035055)
(401167, 0.93035055)
(184697, 0.93035047)
(214864, 0.93035047)
(142904, 0.93035047)
(315594, 0.93035047)
(292966, 0.93035047)
(89072, 0.93035047)
(75539, 0.93035047)
(353602, 0.93035047)
(128928, 0.93034359)
(203660, 0.93034359)
(398955, 0.93034359)
(290007, 0.93034359)
(286087, 0.93034359)
(98805, 0.93034359)
(383338, 0.93034351)
(26951, 0.93034351)
(266799, 0.93034351)
(320619, 0.93034351)
(319512, 0.93034351)
(174435, 0.93034351)
(55799, 0.93034351)
(214439, 0.93034343)
(190539, 0.93033663)
(361584, 0.93033663)
(368257, 0.93033655)
(374431, 0.93033655)
(197420, 0.93033655)
(53830, 0.93033647)
(332113, 0.93033647)
(194733, 0.93032967)
(335297, 0.93032959)
(294023, 0.93032959)
(146332, 0.9303295)
(156693, 0.9303295)
(160134, 0.9303295)
(74990, 0.93032254)
(108987, 0.93032254)
(260770, 0.93032254)
(321910, 0.93032254)
(147744, 0.93032254)
(227184, 0.93032246)
(153260, 0.93032246)
(246064, 0.9303155)
(264030, 0.93030854)
(131094, 0.93030845)
(250597, 0.92923011)
(100817, 0.92923002)
(48755, 0.92922314)
(238561, 0.92922306)
(216609, 0.92922306)
(362520, 0.92922306)
(272640, 0.92922306)
(383312, 0.92922306)
(360606, 0.92922306)
(150049, 0.92922306)
(135040, 0.92922298)
(65923, 0.92921618)
(364261, 0.9292161)
(239731, 0.9292161)
(249313, 0.9292161)
(368351, 0.9292161)
(315312, 0.92921602)
(63008, 0.92921602)
(402598, 0.92921602)
(364781, 0.92921602)
(51455, 0.92921602)
(70475, 0.92921593)
(182640, 0.92921593)
(273417, 0.92920914)
(368838, 0.92920914)
(68571, 0.92920906)
(365773, 0.92920906)
(316533, 0.92920906)
(81472, 0.92920906)
(251747, 0.92920906)
(107316, 0.92920906)
(240580, 0.92920906)
(195678, 0.92920906)
(20559, 0.92920906)
(23654, 0.92920906)
(305535, 0.92920906)
(56164, 0.92920906)
(215612, 0.92920906)
(159388, 0.92920906)
(213128, 0.92920906)
(69798, 0.92920906)
(330140, 0.92920906)
(356533, 0.92920897)
(387042, 0.92920897)
(251559, 0.92920218)
(297630, 0.92920218)
(349934, 0.92920218)
(317041, 0.92920218)
(240513, 0.92920218)
(225220, 0.9292021)
(403973, 0.9292021)
(51463, 0.9292021)
(262511, 0.9292021)
(96378, 0.9292021)
(100929, 0.9292021)
(281075, 0.9292021)
(7759, 0.9292021)
(163098, 0.9292021)
(193217, 0.9292021)
(214753, 0.9292021)
(144543, 0.9292021)
(145820, 0.9292021)
(298291, 0.9292021)
(30057, 0.9292021)
(162747, 0.9292021)
(325677, 0.92920201)
(190594, 0.92920201)
(195402, 0.92920201)
(155796, 0.92920201)
(330094, 0.92920201)
(344396, 0.92920201)
(391148, 0.92920201)
(8076, 0.92920201)
(114348, 0.92920201)
(234445, 0.92919522)
(109474, 0.92919522)
(3253, 0.92919513)
(191208, 0.92919513)
(397330, 0.92919513)
(43969, 0.92919513)
(49608, 0.92919513)
(190926, 0.92919513)
(95997, 0.92919513)
(180783, 0.92919505)
(154543, 0.92919505)
(3807, 0.92919505)
(165171, 0.92919505)
(325578, 0.92919505)
(87350, 0.92919505)
(160983, 0.92919505)
(136774, 0.92919505)
(358066, 0.92919505)
(74895, 0.92919497)
(201424, 0.92919497)
(49849, 0.92919497)
(30464, 0.92919497)
(190140, 0.92919497)
(83873, 0.92919497)
(75732, 0.92919497)
(6280, 0.92919489)
(288202, 0.92918817)
(347559, 0.92918817)
(234178, 0.92918817)
(149501, 0.92918817)
(53658, 0.92918809)
(376101, 0.92918809)
(348322, 0.92918809)
(112944, 0.92918809)
(328647, 0.92918809)
(264995, 0.92918809)
(59172, 0.92918809)
(135215, 0.92918809)
(172827, 0.92918809)
(339944, 0.92918809)
(102475, 0.92918809)
(250707, 0.92918809)
(26214, 0.92918809)
(20356, 0.92918809)
(250835, 0.92918809)
(175052, 0.92918809)
(210463, 0.92918801)
(287570, 0.92918801)
(166376, 0.92918801)
(251169, 0.92918801)
(291655, 0.92918801)
(51162, 0.92918801)
(161807, 0.92918801)
(159299, 0.92918801)
(10785, 0.92918121)
(208673, 0.92918121)
(218754, 0.92918121)
(7926, 0.92918121)
(327793, 0.92918121)
(168397, 0.92918113)
(296028, 0.92918113)
(396353, 0.92918113)
(250323, 0.92918113)
(413903, 0.92918113)
(357011, 0.92918113)
(10939, 0.92918113)
(350340, 0.92918113)
(274281, 0.92918113)
(387064, 0.92918113)
(374177, 0.92918113)
(97841, 0.92918105)
(416948, 0.92918105)
(349106, 0.92918105)
(354420, 0.92918105)
(285771, 0.92918105)
(305516, 0.92918105)
(415105, 0.92918105)
(361146, 0.92918105)
(105540, 0.92918105)
(372103, 0.92918105)
(341673, 0.92918105)
(92129, 0.92918105)
(52583, 0.92918096)
(325229, 0.92918096)
(100450, 0.92918096)
(52411, 0.92918088)
(286973, 0.92917425)
(138386, 0.92917417)
(346146, 0.92917417)
(158507, 0.92917417)
(120206, 0.92917417)
(139145, 0.92917417)
(360144, 0.92917408)
(62350, 0.92917408)
(296339, 0.92917408)
(31825, 0.92917408)
(322978, 0.92917408)
(325869, 0.92917408)
(412232, 0.92917408)
(144999, 0.92917408)
(41641, 0.92917408)
(334513, 0.92917408)
(210835, 0.929174)
(330855, 0.929174)
(236021, 0.929174)
(127328, 0.929174)
(330672, 0.92916721)
(194356, 0.92916712)
(339784, 0.92916712)
(329021, 0.92916712)
(252792, 0.92916712)
(253628, 0.92916712)
(21599, 0.92916712)
(179761, 0.92916712)
(192322, 0.92916712)
(301599, 0.92916712)
(193736, 0.92916712)
(318694, 0.92916712)
(336915, 0.92916704)
(85063, 0.92916704)
(331688, 0.92916704)
(394626, 0.92916704)
(151521, 0.92916704)
(231946, 0.92916704)
(64987, 0.92916704)
(333756, 0.92916704)
(381244, 0.92916704)
(78975, 0.92916024)
(225889, 0.92916016)
(39758, 0.92916016)
(219309, 0.92916008)
(361442, 0.92916008)
(136472, 0.92916008)
(6479, 0.92916008)
(116612, 0.92916008)
(396403, 0.92916008)
(275731, 0.92916008)
(31505, 0.92916008)
(176757, 0.92916008)
(407459, 0.92916008)
(85031, 0.92916)
(260517, 0.92916)
(167085, 0.92916)
(216072, 0.92916)
(415997, 0.92916)
(247563, 0.92916)
(98492, 0.92915328)
(209546, 0.92915312)
(290593, 0.92915312)
(411493, 0.92915312)
(299218, 0.92915312)
(367541, 0.92915312)
(322860, 0.92915295)
(101626, 0.92914607)
(215519, 0.92914607)
(391394, 0.92914607)
(316129, 0.92914607)
(180643, 0.92914607)
(33638, 0.92914599)
(384015, 0.92913919)
(360148, 0.92913919)
(13010, 0.92913911)
(308349, 0.92913911)
(262045, 0.92913911)
(44594, 0.92913903)
(76374, 0.92913207)
(35103, 0.92806756)
(158582, 0.92805364)
(318195, 0.92805355)
(89130, 0.92805355)
(196066, 0.92804667)
(177453, 0.92804667)
(161672, 0.92804667)
(408056, 0.92804659)
(58218, 0.92804659)
(11056, 0.92804659)
(47168, 0.92804659)
(121934, 0.92804659)
(59454, 0.92804659)
(404330, 0.92804659)
(366339, 0.92804659)
(355293, 0.92804659)
(389414, 0.92804659)
(254062, 0.92804651)
(382003, 0.92804651)
(92826, 0.92804651)
(77802, 0.92803963)
(54714, 0.92803963)
(190097, 0.92803963)
(184008, 0.92803963)
(89519, 0.92803963)
(271811, 0.92803963)
(383866, 0.92803955)
(306015, 0.92803955)
(280125, 0.92803267)
(151636, 0.92803267)
(76990, 0.92803267)
(216787, 0.92803259)
(117154, 0.92803259)
(11802, 0.92803259)
(392301, 0.92803259)
(83349, 0.92803259)
(416766, 0.92803259)
(227973, 0.92803259)
(337029, 0.92803259)
(357339, 0.92803259)
(45789, 0.92803259)
(385633, 0.92803259)
(20497, 0.92803259)
(45115, 0.92803259)
(132200, 0.92803259)
(307661, 0.92803259)
(35889, 0.92803259)
(205538, 0.92802571)
(229794, 0.92802571)
(355911, 0.92802571)
(302892, 0.92802571)
(221357, 0.92802562)
(2982, 0.92802562)
(359497, 0.92802562)
(387548, 0.92802562)
(371359, 0.92802562)
(129721, 0.92802562)
(38862, 0.92802562)
(111962, 0.92802562)
(305026, 0.92802554)
(171762, 0.92802554)
(220318, 0.92802554)
(295420, 0.92802554)
(111486, 0.92802554)
(40728, 0.92802554)
(367402, 0.92802554)
(166382, 0.92801875)
(161137, 0.92801866)
(277186, 0.92801866)
(334084, 0.92801866)
(305042, 0.92801866)
(53322, 0.92801866)
(329515, 0.92801866)
(76964, 0.92801866)
(316909, 0.92801866)
(9021, 0.92801866)
(372722, 0.92801866)
(211310, 0.92801866)
(284022, 0.92801858)
(239415, 0.92801858)
(26024, 0.92801858)
(346848, 0.92801858)
(92101, 0.92801858)
(100191, 0.92801858)
(180924, 0.92801858)
(65819, 0.92801858)
(204453, 0.92801858)
(49064, 0.92801858)
(38924, 0.9280117)
(89243, 0.9280117)
(365242, 0.9280117)
(10131, 0.9280117)
(702, 0.9280117)
(34515, 0.9280117)
(322684, 0.9280117)
(289115, 0.9280117)
(221111, 0.92801162)
(158690, 0.92801162)
(86396, 0.92801162)
(416267, 0.92801162)
(24278, 0.92801162)
(385600, 0.92801162)
(179234, 0.92801162)
(369084, 0.92801162)
(242689, 0.92801162)
(98464, 0.92801162)
(72916, 0.92801162)
(287020, 0.92801162)
(105204, 0.92801162)
(55501, 0.92801162)
(5469, 0.92801162)
(318177, 0.92801154)
(21690, 0.92801154)
(162152, 0.92801154)
(44324, 0.92801154)
(228885, 0.92801154)
(385616, 0.92801154)
(336177, 0.92801154)
(248856, 0.92801154)
(285376, 0.92801154)
(174044, 0.92801154)
(418997, 0.92801154)
(162075, 0.92800474)
(416649, 0.92800474)
(355195, 0.92800474)
(210589, 0.92800474)
(394154, 0.92800466)
(127938, 0.92800466)
(324926, 0.92800466)
(240874, 0.92800466)
(331503, 0.92800466)
(257378, 0.92800466)
(145813, 0.92800466)
(191783, 0.92800466)
(235623, 0.92800466)
(227437, 0.92800466)
(142901, 0.92800466)
(409894, 0.92800466)
(98154, 0.92800466)
(377897, 0.92800457)
(209717, 0.92800457)
(222306, 0.92800457)
(351796, 0.92800457)
(367289, 0.92800457)
(402630, 0.92800457)
(187264, 0.92800457)
(399598, 0.92800457)
(241950, 0.92800449)
(32441, 0.92800449)
(47774, 0.92800449)
(157903, 0.92799778)
(235677, 0.9279977)
(89478, 0.9279977)
(333897, 0.9279977)
(210096, 0.9279977)
(76346, 0.9279977)
(295979, 0.9279977)
(189920, 0.9279977)
(98099, 0.92799761)
(406696, 0.92799761)
(266030, 0.92799761)
(223969, 0.92799761)
(188556, 0.92799761)
(112479, 0.92799761)
(168661, 0.92799761)
(192212, 0.92799761)
(374889, 0.92799761)
(259318, 0.92799761)
(42691, 0.92799761)
(57171, 0.92799761)
(54461, 0.92799753)
(324365, 0.92799753)
(61827, 0.92799753)
(364764, 0.92799753)
(342074, 0.92799753)
(7718, 0.92799753)
(88543, 0.92799753)
(167567, 0.92799745)
(112992, 0.92799745)
(375782, 0.92799073)
(48513, 0.92799073)
(327011, 0.92799065)
(167924, 0.92799065)
(409823, 0.92799065)
(65319, 0.92799065)
(199832, 0.92799065)
(228102, 0.92799065)
(75037, 0.92799065)
(151513, 0.92799065)
(283001, 0.92799065)
(378706, 0.92799065)
(110940, 0.92799065)
(263397, 0.92799057)
(200997, 0.92799057)
(28821, 0.92799057)
(274856, 0.92799057)
(303784, 0.92799057)
(199497, 0.92799057)
(6809, 0.92799057)
(82989, 0.92799049)
(98520, 0.92798377)
(107798, 0.92798377)
(186142, 0.92798369)
(213668, 0.92798369)
(15600, 0.92798369)
(51189, 0.92798361)
(81739, 0.92798361)
(313104, 0.92798361)
(363325, 0.92798361)
(216828, 0.92798361)
(77974, 0.92798352)
(44491, 0.92798352)
(317810, 0.92798352)
(188898, 0.92798352)
(332300, 0.92798352)
(151067, 0.92798352)
(56943, 0.92797673)
(357229, 0.92797665)
(29582, 0.92797665)
(352223, 0.92797656)
(186754, 0.92797656)
(408329, 0.92797656)
(333199, 0.92797656)
(356759, 0.92797656)
(123861, 0.92797656)
(142379, 0.92797656)
(186558, 0.92797656)
(222019, 0.92797656)
(18973, 0.92797656)
(319653, 0.92796968)
(275819, 0.92796256)
(348942, 0.92796256)
(96304, 0.92796256)
(187926, 0.9279556)
(398102, 0.92689109)
(392919, 0.92688404)
(399675, 0.92687717)
(407314, 0.92687708)
(227592, 0.92687708)
(51655, 0.9268702)
(154171, 0.92687012)
(112949, 0.92687012)
(133993, 0.92686324)
(13260, 0.92686316)
(317376, 0.92686316)
(5525, 0.92686316)
(305996, 0.92686316)
(327295, 0.92686316)
(38250, 0.92685628)
(419050, 0.9268562)
(125192, 0.9268562)
(177502, 0.9268562)
(47849, 0.9268562)
(116630, 0.92685612)
(273022, 0.92685612)
(226996, 0.92685612)
(315389, 0.92685612)
(320587, 0.92685612)
(103625, 0.92685603)
(69350, 0.92684924)
(144463, 0.92684924)
(65604, 0.92684924)
(149954, 0.92684924)
(138608, 0.92684915)
(369582, 0.92684915)
(269506, 0.92684915)
(136653, 0.92684915)
(246114, 0.92684915)
(24939, 0.92684915)
(153117, 0.92684915)
(389406, 0.92684915)
(128242, 0.92684915)
(305098, 0.92684915)
(2136, 0.92684915)
(283704, 0.92684915)
(84616, 0.92684915)
(61800, 0.92684915)
(383423, 0.92684915)
(221056, 0.92684907)
(250620, 0.92684907)
(48973, 0.92684907)
(21002, 0.92684907)
(363814, 0.92684907)
(156065, 0.92684907)
(319462, 0.92684907)
(356122, 0.92684907)
(116599, 0.92684907)
(54740, 0.92684228)
(299103, 0.92684228)
(219576, 0.92684219)
(360435, 0.92684219)
(343593, 0.92684219)
(264353, 0.92684219)
(417975, 0.92684219)
(17269, 0.92684219)
(293390, 0.92684219)
(313493, 0.92684219)
(319534, 0.92684219)
(76119, 0.92684219)
(122949, 0.92684219)
(156298, 0.92684211)
(242212, 0.92684211)
(372594, 0.92684211)
(65334, 0.92684211)
(320015, 0.92684211)
(383797, 0.92684211)
(200925, 0.92684211)
(266191, 0.92684211)
(166421, 0.92684211)
(268941, 0.92684211)
(4050, 0.92684211)
(69635, 0.92684211)
(56211, 0.92684211)
(239067, 0.92684211)
(228925, 0.92684211)
(176335, 0.92684211)
(311449, 0.92684211)
(318865, 0.92684211)
(112352, 0.92684211)
(273454, 0.92684203)
(302988, 0.92683531)
(347513, 0.92683523)
(160676, 0.92683523)
(284121, 0.92683523)
(244896, 0.92683523)
(183610, 0.92683523)
(399370, 0.92683523)
(28547, 0.92683523)
(110260, 0.92683523)
(254613, 0.92683523)
(323366, 0.92683523)
(361758, 0.92683523)
(27939, 0.92683523)
(199158, 0.92683523)
(31938, 0.92683515)
(324439, 0.92683515)
(207232, 0.92683515)
(196623, 0.92683515)
(296778, 0.92683515)
(120870, 0.92683515)
(302829, 0.92683515)
(218230, 0.92683515)
(335114, 0.92683515)
(294943, 0.92683515)
(144479, 0.92683515)
(153763, 0.92683515)
(380763, 0.92683515)
(157831, 0.92683515)
(28539, 0.92683515)
(336281, 0.92683515)
(106607, 0.92683507)
(152231, 0.92683507)
(17570, 0.92683507)
(419394, 0.92683507)
(232450, 0.92683507)
(379857, 0.92683507)
(55609, 0.92683507)
(244223, 0.92683507)
(235665, 0.92683507)
(383930, 0.92683498)
(191876, 0.92683498)
(250796, 0.92683498)
(95871, 0.92682835)
(234832, 0.92682835)
(265685, 0.92682827)
(141184, 0.92682827)
(391204, 0.92682827)
(181033, 0.92682819)
(393946, 0.92682819)
(248785, 0.92682819)
(388416, 0.92682819)
(348390, 0.92682819)
(114401, 0.92682819)
(246351, 0.92682819)
(214855, 0.92682819)
(378283, 0.9268281)
(12577, 0.9268281)
(218291, 0.9268281)
(49185, 0.9268281)
(360840, 0.9268281)
(54729, 0.9268281)
(242934, 0.9268281)
(84367, 0.9268281)
(21462, 0.9268281)
(333315, 0.9268281)
(126184, 0.9268281)
(281040, 0.9268281)
(184664, 0.92682802)
(414008, 0.92682131)
(52561, 0.92682123)
(388887, 0.92682123)
(377554, 0.92682123)
(249379, 0.92682123)
(335732, 0.92682123)
(51834, 0.92682123)
(303495, 0.92682123)
(339455, 0.92682123)
(372466, 0.92682123)
(390204, 0.92682114)
(22319, 0.92682114)
(412887, 0.92682114)
(92289, 0.92682114)
(378890, 0.92682114)
(207538, 0.92682114)
(334080, 0.92682114)
(303557, 0.92682114)
(367073, 0.92682114)
(331422, 0.92682114)
(205393, 0.92682114)
(63636, 0.92682114)
(173060, 0.92682114)
(273822, 0.92682114)
(19616, 0.92682114)
(106880, 0.92682114)
(238506, 0.92682114)
(29999, 0.92682114)
(302885, 0.92682114)
(10151, 0.92682114)
(367710, 0.92682106)
(344263, 0.92682106)
(361817, 0.92682106)
(13457, 0.92682106)
(41531, 0.92681426)
(285759, 0.92681426)
(333736, 0.92681426)
(340986, 0.92681426)
(220067, 0.92681418)
(283094, 0.92681418)
(182306, 0.92681418)
(141436, 0.92681418)
(128706, 0.92681418)
(173740, 0.92681418)
(63898, 0.92681418)
(96229, 0.92681418)
(58193, 0.9268141)
(178826, 0.9268141)
(176391, 0.9268141)
(150222, 0.9268141)
(106895, 0.9268141)
(369319, 0.9268141)
(57528, 0.9268141)
(272710, 0.9268141)
(344015, 0.92681402)
(305979, 0.92681402)
(127870, 0.92680722)
(146638, 0.92680722)
(420347, 0.92680722)
(240520, 0.92680722)
(338754, 0.92680714)
(108361, 0.92680714)
(368288, 0.92680714)
(152580, 0.92680714)
(340185, 0.92680714)
(356010, 0.92680714)
(312811, 0.92680714)
(36640, 0.92680705)
(68349, 0.92680705)
(339035, 0.92680026)
(203317, 0.92680026)
(131308, 0.92680026)
(29872, 0.92680018)
(8927, 0.92680018)
(396449, 0.92680018)
(322146, 0.92680018)
(386940, 0.92680018)
(366119, 0.92680018)
(267391, 0.92680018)
(387807, 0.92680009)
(161572, 0.92680009)
(42188, 0.92680009)
(25751, 0.92680009)
(193370, 0.92680009)
(254980, 0.92680009)
(364229, 0.92680009)
(92610, 0.92680001)
(284006, 0.92680001)
(186980, 0.9267933)
(182467, 0.92679321)
(247024, 0.92679321)
(380866, 0.92679321)
(258776, 0.92679321)
(236052, 0.92679321)
(52558, 0.92679321)
(257679, 0.92679313)
(99403, 0.92679305)
(37740, 0.92679305)
(357962, 0.92679305)
(131415, 0.92679305)
(211059, 0.92678625)
(345098, 0.92678617)
(147697, 0.92678617)
(365338, 0.92678609)
(386973, 0.92678609)
(393871, 0.926786)
(442, 0.926786)
(22108, 0.92677929)
(118369, 0.92677913)
(47696, 0.92677216)
(243264, 0.92677216)
(18030, 0.92677208)
(274619, 0.92572158)
(354825, 0.92570766)
(362990, 0.92570061)
(296175, 0.92569373)
(153855, 0.92568669)
(180199, 0.92568661)
(116230, 0.92568661)
(113991, 0.92567973)
(144674, 0.92567964)
(373315, 0.92567964)
(23919, 0.92567956)
(43848, 0.92567956)
(168897, 0.92567277)
(93727, 0.92567268)
(186518, 0.92567268)
(318637, 0.92567268)
(136965, 0.92567268)
(314996, 0.92567268)
(230775, 0.92567268)
(324322, 0.92567268)
(78990, 0.9256726)
(382967, 0.9256726)
(169733, 0.9256658)
(323957, 0.92566572)
(363349, 0.92566572)
(231065, 0.92566572)
(354972, 0.92566572)
(141306, 0.92566572)
(100104, 0.92566572)
(296466, 0.92566572)
(121027, 0.92566564)
(146047, 0.92566564)
(246748, 0.92566564)
(89913, 0.92566564)
(57386, 0.92566564)
(102999, 0.92566564)
(365629, 0.92566564)
(175808, 0.92566564)
(190294, 0.92566564)
(159756, 0.92566556)
(25503, 0.92566556)
(127666, 0.92566556)
(284026, 0.92565876)
(41537, 0.92565876)
(369535, 0.92565876)
(346674, 0.92565876)
(281850, 0.92565876)
(417097, 0.92565876)
(388579, 0.92565868)
(286932, 0.92565868)
(147433, 0.92565868)
(238564, 0.92565868)
(138996, 0.92565868)
(384982, 0.92565868)
(169422, 0.92565868)
(150183, 0.92565868)
(141669, 0.92565868)
(108004, 0.92565868)
(9561, 0.92565868)
(148251, 0.92565868)
(402374, 0.92565868)
(236146, 0.92565868)
(110152, 0.92565868)
(122610, 0.92565868)
(110066, 0.92565868)
(402734, 0.92565868)
(358589, 0.92565859)
(276868, 0.92565859)
(133029, 0.9256518)
(66006, 0.9256518)
(310063, 0.9256518)
(96881, 0.9256518)
(212271, 0.92565172)
(161922, 0.92565172)
(255264, 0.92565172)
(390876, 0.92565172)
(167435, 0.92565163)
(50028, 0.92565163)
(296320, 0.92565163)
(113497, 0.92565163)
(146690, 0.92565163)
(161851, 0.92565163)
(79411, 0.92565163)
(36435, 0.92565155)
(35523, 0.92565155)
(238272, 0.92564484)
(150734, 0.92564475)
(370284, 0.92564475)
(21133, 0.92564475)
(253041, 0.92564475)
(73446, 0.92564475)
(357693, 0.92564475)
(185753, 0.92564467)
(277233, 0.92564467)
(137684, 0.92564467)
(231618, 0.92564467)
(166098, 0.92564467)
(353847, 0.92564467)
(113744, 0.92564467)
(59595, 0.92564467)
(261660, 0.92564467)
(226732, 0.92564467)
(168210, 0.92564459)
(380725, 0.92564459)
(19976, 0.92564459)
(11474, 0.92564459)
(73161, 0.92564459)
(85799, 0.92564459)
(405793, 0.92563779)
(40584, 0.92563779)
(332628, 0.92563771)
(386453, 0.92563771)
(167815, 0.92563771)
(303293, 0.92563771)
(415390, 0.92563771)
(227835, 0.92563771)
(234583, 0.92563771)
(346105, 0.92563771)
(1371, 0.92563771)
(338147, 0.92563771)
(3526, 0.92563771)
(138336, 0.92563771)
(322555, 0.92563771)
(21766, 0.92563763)
(75741, 0.92563763)
(187885, 0.92563763)
(343571, 0.92563763)
(118622, 0.92563763)
(21890, 0.92563763)
(86734, 0.92563763)
(15992, 0.92563763)
(11576, 0.92563763)
(91446, 0.92563763)
(3311, 0.92563763)
(370163, 0.92563763)
(390248, 0.92563763)
(239361, 0.92563763)
(244538, 0.92563763)
(208298, 0.92563763)
(99303, 0.92563075)
(339293, 0.92563075)
(289069, 0.92563075)
(42216, 0.92563075)
(88137, 0.92563067)
(353846, 0.92563067)
(272011, 0.92563067)
(226602, 0.92563067)
(337765, 0.92563067)
(140846, 0.92563067)
(84280, 0.92563067)
(72803, 0.92563067)
(123075, 0.92563058)
(134239, 0.92563058)
(251008, 0.92563058)
(244808, 0.92563058)
(410995, 0.92563058)
(189950, 0.92563058)
(205545, 0.92562387)
(143994, 0.92562379)
(99746, 0.92562379)
(77205, 0.92562371)
(407448, 0.92562371)
(276874, 0.92562371)
(199117, 0.92562371)
(140269, 0.92562371)
(82479, 0.92562371)
(80643, 0.92562371)
(182857, 0.92562371)
(94912, 0.92562371)
(413011, 0.92562371)
(95503, 0.92562362)
(319250, 0.92562362)
(117155, 0.92561674)
(27480, 0.92561674)
(272949, 0.92561674)
(10169, 0.92561674)
(338371, 0.92561674)
(163906, 0.92561674)
(278413, 0.92561666)
(3245, 0.92561666)
(128281, 0.92561666)
(55662, 0.92561666)
(244700, 0.92561666)
(261666, 0.92561658)
(390145, 0.92560978)
(256399, 0.92560978)
(119252, 0.9256097)
(90966, 0.9256097)
(157856, 0.9256097)
(254494, 0.9256097)
(408545, 0.9256097)
(146371, 0.92560962)
(124702, 0.92560962)
(61689, 0.92560962)
(386492, 0.92560953)
(334193, 0.92560274)
(18051, 0.92560274)
(415110, 0.92560266)
(293649, 0.92559561)
(337897, 0.92558857)
(207797, 0.9245171)
(307769, 0.9245103)
(209470, 0.92451022)
(370442, 0.92451014)
(328476, 0.92451014)
(70461, 0.92450326)
(353113, 0.92450326)
(355415, 0.92450326)
(68033, 0.9244963)
(345132, 0.9244963)
(30399, 0.9244963)
(328950, 0.92449621)
(196357, 0.92449621)
(76555, 0.92449621)
(243978, 0.92449621)
(384782, 0.92449621)
(338560, 0.92449621)
(361702, 0.92449621)
(148548, 0.92449613)
(339855, 0.92449613)
(94250, 0.92449613)
(2693, 0.92448925)
(252085, 0.92448925)
(96646, 0.92448925)
(80352, 0.92448925)
(264371, 0.92448917)
(216584, 0.92448917)
(196171, 0.92448917)
(58747, 0.92448909)
(360300, 0.92448909)
(146062, 0.92448229)
(398820, 0.92448229)
(245247, 0.92448229)
(27859, 0.92448229)
(357256, 0.92448229)
(284131, 0.92448221)
(80051, 0.92448221)
(170196, 0.92448221)
(18648, 0.92448221)
(270187, 0.92448221)
(2574, 0.92448221)
(332108, 0.92448212)
(215937, 0.92448212)
(1058, 0.92448212)
(365095, 0.92447533)
(75281, 0.92447533)
(228814, 0.92447533)
(67606, 0.92447533)
(418178, 0.92447533)
(47966, 0.92447525)
(143410, 0.92447525)
(185734, 0.92447525)
(342453, 0.92447525)
(400259, 0.92447525)
(120276, 0.92447525)
(355929, 0.92447525)
(5598, 0.92447516)
(339939, 0.92447516)
(236263, 0.92447516)
(399130, 0.92447516)
(5479, 0.92446837)
(225991, 0.92446828)
(336338, 0.92446828)
(321351, 0.9244682)
(76926, 0.9244682)
(279615, 0.9244682)
(390049, 0.9244682)
(358709, 0.9244682)
(132506, 0.9244682)
(272658, 0.9244682)
(82764, 0.9244682)
(351677, 0.9244682)
(149798, 0.9244682)
(330944, 0.9244682)
(60713, 0.9244682)
(138591, 0.9244682)
(288157, 0.92446812)
(267224, 0.92446812)
(418974, 0.92446812)
(79046, 0.92446812)
(210935, 0.92446812)
(162858, 0.92446812)
(325886, 0.92446141)
(65579, 0.92446141)
(124589, 0.92446132)
(411099, 0.92446132)
(405307, 0.92446132)
(103998, 0.92446124)
(317643, 0.92446124)
(122576, 0.92446124)
(291609, 0.92446124)
(323994, 0.92446124)
(11042, 0.92446124)
(384213, 0.92446116)
(111105, 0.92446116)
(228628, 0.92446116)
(241224, 0.92446116)
(365684, 0.92446116)
(327669, 0.92446116)
(301688, 0.92446116)
(397259, 0.92446107)
(229588, 0.92445444)
(115764, 0.92445436)
(197723, 0.92445436)
(242562, 0.92445428)
(271217, 0.92445428)
(198959, 0.92445428)
(241182, 0.92445428)
(342931, 0.92445428)
(36371, 0.92445428)
(284618, 0.9244542)
(137804, 0.9244542)
(315806, 0.9244542)
(226356, 0.9244542)
(141308, 0.9244542)
(50594, 0.9244542)
(409139, 0.9244542)
(124449, 0.9244542)
(118293, 0.9244542)
(237959, 0.9244542)
(398520, 0.9244542)
(224981, 0.92445411)
(419714, 0.92445411)
(31995, 0.92444732)
(202169, 0.92444732)
(192663, 0.92444732)
(195460, 0.92444732)
(413671, 0.92444732)
(210850, 0.92444723)
(278267, 0.92444723)
(238609, 0.92444723)
(357572, 0.92444723)
(185217, 0.92444723)
(358614, 0.92444723)
(215837, 0.92444723)
(371685, 0.92444723)
(132448, 0.92444715)
(168423, 0.92444715)
(243214, 0.92444707)
(56806, 0.92444707)
(198576, 0.92444027)
(165175, 0.92444027)
(225466, 0.92444027)
(163511, 0.92444027)
(287972, 0.92444019)
(171944, 0.92444019)
(262960, 0.92444019)
(306974, 0.92444019)
(50449, 0.92444019)
(417622, 0.92444011)
(115331, 0.92444011)
(76238, 0.92443323)
(228468, 0.92443323)
(349722, 0.92443323)
(146844, 0.92443323)
(341882, 0.92443323)
(173013, 0.92443315)
(212575, 0.92443315)
(52908, 0.92443306)
(309331, 0.9244261)
(372408, 0.9244261)
(282812, 0.92441922)
(47973, 0.92441914)
(223205, 0.92441226)
(369735, 0.92441226)
(97774, 0.92441218)
(256153, 0.92441218)
(316838, 0.92440522)
(380759, 0.92440513)
(313199, 0.92439817)
(273052, 0.92439129)
(93581, 0.92336168)
(113786, 0.92334079)
(359871, 0.92333375)
(299395, 0.92333366)
(64886, 0.92333366)
(4899, 0.92332687)
(139752, 0.92332687)
(398588, 0.92332679)
(159030, 0.92332679)
(354734, 0.9233267)
(158043, 0.9233267)
(237890, 0.9233267)
(319983, 0.92331982)
(69899, 0.92331974)
(50587, 0.92331974)
(61394, 0.92331974)
(221812, 0.92331966)
(396947, 0.92331278)
(50312, 0.92331278)
(271168, 0.92331278)
(375985, 0.9233127)
(342335, 0.9233127)
(134109, 0.9233127)
(318618, 0.92331261)
(160082, 0.92330582)
(159804, 0.92330574)
(342823, 0.92330574)
(30596, 0.92330574)
(136671, 0.92330574)
(417885, 0.92330574)
(11046, 0.92330565)
(57497, 0.92330565)
(201806, 0.92329886)
(243138, 0.92329878)
(83558, 0.92329878)
(297902, 0.92329878)
(416978, 0.92329869)
(200588, 0.92329869)
(276745, 0.92329869)
(179898, 0.92329869)
(152280, 0.92329869)
(79304, 0.92329861)
(278378, 0.92329861)
(80680, 0.92329861)
(197408, 0.9232919)
(250123, 0.92329181)
(308416, 0.92329181)
(24532, 0.92329181)
(196179, 0.92329181)
(32780, 0.92329181)
(74647, 0.92329181)
(115316, 0.92329181)
(406439, 0.92329173)
(27438, 0.92329173)
(75998, 0.92329173)
(25222, 0.92329173)
(116129, 0.92329173)
(263227, 0.92329165)
(79762, 0.92328485)
(387737, 0.92328485)
(102461, 0.92328485)
(108219, 0.92328485)
(394803, 0.92328485)
(231983, 0.92328477)
(321992, 0.92328477)
(188582, 0.92328477)
(297087, 0.92328477)
(232649, 0.92328477)
(342767, 0.92328477)
(22540, 0.92328469)
(297122, 0.92328469)
(89747, 0.92328469)
(378612, 0.9232846)
(229615, 0.92327789)
(212566, 0.92327781)
(297730, 0.92327781)
(10779, 0.92327781)
(130312, 0.92327781)
(245704, 0.92327781)
(278790, 0.92327781)
(9968, 0.92327773)
(30567, 0.92327773)
(159858, 0.92327773)
(156611, 0.92327773)
(105372, 0.92327773)
(401972, 0.92327764)
(393556, 0.92327764)
(298479, 0.92327764)
(198663, 0.92327085)
(302329, 0.92327085)
(414732, 0.92327076)
(354090, 0.92327076)
(373759, 0.92327076)
(44772, 0.92327076)
(310129, 0.92327068)
(345442, 0.92327068)
(259991, 0.92327068)
(161495, 0.92327068)
(208310, 0.9232638)
(382144, 0.9232638)
(198995, 0.9232638)
(81979, 0.9232638)
(269435, 0.92326372)
(246398, 0.92326372)
(346128, 0.92326372)
(355087, 0.92326372)
(231903, 0.92326372)
(280995, 0.92326364)
(239538, 0.92326364)
(149978, 0.92325692)
(313477, 0.92325684)
(174669, 0.92325684)
(226095, 0.92325676)
(245190, 0.92325676)
(224787, 0.92325676)
(292233, 0.92325676)
(418525, 0.92325676)
(73063, 0.92325668)
(156966, 0.92325668)
(27045, 0.92325659)
(318721, 0.9232498)
(179230, 0.9232498)
(44882, 0.9232498)
(17060, 0.9232498)
(324132, 0.9232498)
(316670, 0.92324963)
(414397, 0.92324963)
(242133, 0.92324963)
(77314, 0.92324284)
(376656, 0.92324284)
(238846, 0.92324275)
(229675, 0.92324275)
(82034, 0.92324275)
(219674, 0.92324259)
(35611, 0.92323579)
(32070, 0.92323579)
(24375, 0.92323571)
(412461, 0.92322891)
(148384, 0.92322179)
(397200, 0.9232217)
(34460, 0.92321474)
(291703, 0.92217128)
(98839, 0.92216424)
(160398, 0.92216424)
(105711, 0.92215719)
(295595, 0.92215023)
(64902, 0.92215023)
(177533, 0.92214335)
(391600, 0.92214335)
(99244, 0.92214327)
(140599, 0.92214319)
(90276, 0.92213631)
(46071, 0.92213623)
(196795, 0.92213623)
(251617, 0.92213623)
(95170, 0.92212935)
(128076, 0.92212935)
(62557, 0.92212935)
(51473, 0.92212935)
(171409, 0.92212935)
(43431, 0.92212927)
(262935, 0.92212927)
(176840, 0.92212927)
(288144, 0.92212927)
(208709, 0.92212918)
(52697, 0.92212239)
(373268, 0.9221223)
(290361, 0.9221223)
(216271, 0.9221223)
(381435, 0.9221223)
(340967, 0.9221223)
(330581, 0.9221223)
(19297, 0.92211534)
(188658, 0.92211534)
(49915, 0.92211534)
(323446, 0.92211534)
(102725, 0.92211534)
(153197, 0.92211534)
(279765, 0.92211526)
(11904, 0.92211526)
(14647, 0.92211526)
(154915, 0.92211526)
(251942, 0.92211526)
(6901, 0.92211526)
(235893, 0.92211526)
(340700, 0.92211518)
(82286, 0.92211518)
(291672, 0.92211518)
(90468, 0.92210838)
(410810, 0.92210838)
(369807, 0.92210838)
(66414, 0.92210838)
(92804, 0.9221083)
(290004, 0.9221083)
(212308, 0.9221083)
(397801, 0.9221083)
(126032, 0.9221083)
(17486, 0.9221083)
(195063, 0.9221083)
(237874, 0.9221083)
(57600, 0.92210822)
(18038, 0.92210822)
(108453, 0.92210822)
(262048, 0.92210822)
(417986, 0.92210822)
(92232, 0.92210822)
(417023, 0.92210822)
(38620, 0.92210822)
(20787, 0.92210142)
(56293, 0.92210134)
(145791, 0.92210134)
(333495, 0.92210134)
(353700, 0.92210134)
(334653, 0.92210134)
(203449, 0.92210125)
(72313, 0.92210125)
(254739, 0.92210125)
(102347, 0.92210125)
(318632, 0.92210125)
(106664, 0.92210125)
(186476, 0.92210125)
(173377, 0.92210117)
(183477, 0.92210117)
(418320, 0.92210117)
(396481, 0.92209446)
(78296, 0.92209438)
(264078, 0.92209438)
(71040, 0.92209429)
(91332, 0.92209429)
(173466, 0.92209429)
(399037, 0.92209429)
(276447, 0.92209429)
(307373, 0.92209429)
(59679, 0.92209429)
(120858, 0.92209429)
(19857, 0.92209429)
(322256, 0.92209429)
(33210, 0.92209429)
(187909, 0.92209421)
(384150, 0.92209421)
(417217, 0.92209421)
(82481, 0.92209421)
(85242, 0.92208733)
(107539, 0.92208733)
(26199, 0.92208733)
(131545, 0.92208733)
(18569, 0.92208725)
(322464, 0.92208725)
(288277, 0.92208725)
(179055, 0.92208045)
(401608, 0.92208045)
(75017, 0.92208045)
(6620, 0.92208029)
(82280, 0.92208029)
(321437, 0.92208029)
(206017, 0.9220802)
(296380, 0.9220802)
(380904, 0.9220802)
(338942, 0.9220802)
(295247, 0.92207341)
(86407, 0.92207333)
(12264, 0.92207333)
(368123, 0.92207333)
(369573, 0.92207324)
(119589, 0.92207324)
(208519, 0.92206637)
(52562, 0.92206628)
(183792, 0.92206628)
(91648, 0.92206628)
(256246, 0.92205949)
(252753, 0.92205932)
(375955, 0.92205924)
(76222, 0.92205244)
(321100, 0.92205219)
(140355, 0.92203827)
(150256, 0.92203819)
(225374, 0.92097376)
(169056, 0.92096688)
(12260, 0.92096672)
(46620, 0.92095984)
(161887, 0.92095976)
(131793, 0.92095288)
(358437, 0.92095288)
(142770, 0.9209528)
(223333, 0.92095271)
(128654, 0.92094592)
(108613, 0.92094575)
(102595, 0.92094575)
(301118, 0.92093887)
(317386, 0.92093887)
(40705, 0.92093879)
(74763, 0.92093879)
(87722, 0.92093191)
(282637, 0.92093191)
(336784, 0.92093191)
(388007, 0.92093191)
(50452, 0.92093183)
(114064, 0.92093183)
(394077, 0.92093183)
(418264, 0.92093175)
(56416, 0.92093175)
(60858, 0.92092503)
(310833, 0.92092495)
(382689, 0.92092495)
(407606, 0.92092487)
(126089, 0.92092487)
(396872, 0.92092487)
(345203, 0.92092487)
(205935, 0.92092487)
(363373, 0.92092487)
(156247, 0.92092487)
(264292, 0.92092478)
(384804, 0.92092478)
(286853, 0.92092478)
(90893, 0.92092478)
(332227, 0.92092478)
(412861, 0.92092478)
(404104, 0.92092478)
(300655, 0.92091782)
(265025, 0.92091782)
(288995, 0.92091782)
(236773, 0.92091782)
(147585, 0.92091774)
(63968, 0.92091774)
(412547, 0.92091774)
(361079, 0.92091094)
(95551, 0.92091086)
(233974, 0.92091086)
(250768, 0.92091078)
(335933, 0.92091078)
(319549, 0.92091078)
(126853, 0.92091078)
(386355, 0.92091078)
(44070, 0.9209039)
(201382, 0.9209039)
(133008, 0.9209039)
(171454, 0.92090382)
(234392, 0.92090382)
(90599, 0.92089686)
(105732, 0.92089677)
(131273, 0.92089669)
(200545, 0.92088989)
(159067, 0.92088981)
(169426, 0.92088981)
(318396, 0.92088981)
(304352, 0.92088973)
(216452, 0.92088285)
(289195, 0.92088285)
(413139, 0.92088285)
(63159, 0.92088277)
(280734, 0.92087581)
(338652, 0.92087581)
(105118, 0.92086884)
(153092, 0.92086197)
(323108, 0.92086188)
(56418, 0.92085492)
(111565, 0.92085492)
(81954, 0.92085492)
(381483, 0.92084092)
(222887, 0.91979737)
(49656, 0.91979729)
(152238, 0.91979041)
(10748, 0.91979033)
(255532, 0.91979033)
(403437, 0.91978345)
(25861, 0.91978337)
(54348, 0.91977649)
(18124, 0.91977632)
(189871, 0.91977632)
(300546, 0.91976936)
(57135, 0.91976936)
(291895, 0.91976936)
(112586, 0.91976928)
(177222, 0.91976248)
(278700, 0.91976248)
(157651, 0.91976232)
(99591, 0.91976232)
(211863, 0.91976232)
(332521, 0.91976232)
(299578, 0.91976224)
(135371, 0.91976224)
(247290, 0.91976224)
(241779, 0.91975552)
(40857, 0.91975544)
(195265, 0.91975544)
(227149, 0.91975544)
(51794, 0.91975544)
(295890, 0.91975536)
(328094, 0.91975527)
(293657, 0.91975527)
(267882, 0.91975527)
(117560, 0.91975527)
(91635, 0.9197484)
(288655, 0.9197484)
(86633, 0.9197484)
(94173, 0.91974823)
(222964, 0.91974144)
(217763, 0.91974144)
(70344, 0.91974144)
(222752, 0.91974144)
(281448, 0.91974144)
(254538, 0.91974135)
(98832, 0.91974135)
(378826, 0.91974127)
(92230, 0.91974127)
(157970, 0.91974127)
(106654, 0.91974127)
(212866, 0.91973439)
(94888, 0.91973431)
(41805, 0.91973431)
(236398, 0.91973431)
(8102, 0.91973423)
(209809, 0.91972751)
(396810, 0.91972751)
(399195, 0.91972743)
(372265, 0.91972743)
(147835, 0.91972726)
(2211, 0.91972055)
(274695, 0.91972047)
(337393, 0.91972039)
(399363, 0.91972039)
(320372, 0.91972039)
(206940, 0.91972022)
(136453, 0.91971342)
(317894, 0.91971342)
(296176, 0.91971342)
(64107, 0.91971334)
(373799, 0.91971334)
(29036, 0.91971326)
(843, 0.91970646)
(128401, 0.91970646)
(49990, 0.91970638)
(327735, 0.91969934)
(351649, 0.91969934)
(255404, 0.91969934)
(112505, 0.91969254)
(245850, 0.91968525)
(277661, 0.91861386)
(111670, 0.91860682)
(102055, 0.91859994)
(23541, 0.91859985)
(81131, 0.91858593)
(371589, 0.91858593)
(139648, 0.91858585)
(153615, 0.91858577)
(402909, 0.91857897)
(326775, 0.91857897)
(102644, 0.91857889)
(99786, 0.91857889)
(186523, 0.9185788)
(386645, 0.9185788)
(183967, 0.91857201)
(61761, 0.91857193)
(252554, 0.91857184)
(299329, 0.91857184)
(333039, 0.91857184)
(127270, 0.91857184)
(318754, 0.91857184)
(150741, 0.91857184)
(13678, 0.91857176)
(331045, 0.91856505)
(244890, 0.91856496)
(259933, 0.91856496)
(157169, 0.91856488)
(151940, 0.91856488)
(82009, 0.91856488)
(322100, 0.91856488)
(118972, 0.91856488)
(401663, 0.91856488)
(233100, 0.9185648)
(392346, 0.9185648)
(41495, 0.9185648)
(23695, 0.9185648)
(151754, 0.91856472)
(118880, 0.918558)
(201394, 0.918558)
(73654, 0.918558)
(104254, 0.91855096)
(387230, 0.91855096)
(24031, 0.91855088)
(360079, 0.91855088)
(199788, 0.91855088)
(230818, 0.91855079)
(290535, 0.91855079)
(244953, 0.91855079)
(76634, 0.91855079)
(161489, 0.91854383)
(17837, 0.91854383)
(229275, 0.91852999)
(160926, 0.91852999)
(98787, 0.91852991)
(111629, 0.91852983)
(27878, 0.91852983)
(113510, 0.91852974)
(135965, 0.91852286)
(277670, 0.91851599)
(237692, 0.9185159)
(330225, 0.91850902)
(79312, 0.91848085)
(230994, 0.91743043)
(192934, 0.91742338)
(227264, 0.91741659)
(197642, 0.91741642)
(235578, 0.91741634)
(384506, 0.91740946)
(236950, 0.9174025)
(97830, 0.91740242)
(176861, 0.91740233)
(236, 0.91739562)
(33311, 0.91739554)
(28701, 0.91739546)
(360956, 0.91739546)
(178590, 0.91738858)
(59088, 0.91738849)
(222574, 0.91738849)
(306105, 0.91738841)
(115069, 0.91738841)
(95978, 0.91738833)
(35950, 0.91738145)
(26830, 0.91738137)
(56271, 0.91737457)
(228902, 0.91737449)
(372196, 0.91737449)
(21736, 0.91737449)
(206382, 0.91737441)
(390930, 0.91737441)
(396888, 0.91736753)
(367399, 0.91736744)
(204739, 0.91736736)
(317112, 0.91736048)
(311234, 0.9173604)
(150470, 0.91735352)
(52974, 0.91735352)
(297777, 0.91735352)
(244649, 0.91735344)
(5393, 0.91734648)
(73125, 0.91732559)
(225853, 0.91731142)
(384436, 0.9172975)
(89900, 0.91623299)
(214885, 0.91622603)
(340021, 0.91622603)
(404744, 0.91622595)
(265796, 0.91622595)
(339210, 0.91622595)
(27945, 0.91621898)
(276568, 0.91621202)
(400076, 0.91621202)
(262566, 0.9162049)
(38760, 0.9162049)
(111087, 0.91619802)
(90271, 0.91619793)
(37776, 0.91619114)
(43874, 0.91619106)
(240881, 0.91618409)
(416189, 0.91618409)
(290979, 0.91618409)
(203442, 0.91617697)
(94972, 0.91617688)
(105261, 0.91617009)
(197186, 0.91617009)
(42444, 0.91616984)
(168909, 0.91614896)
(218323, 0.91508437)
(19125, 0.91507053)
(80681, 0.91503539)
(265310, 0.91502867)
(226257, 0.91502851)
(390000, 0.91502843)
(156431, 0.91502155)
(410625, 0.91502146)
(25342, 0.91502138)
(282293, 0.9150145)
(58482, 0.91500754)
(407721, 0.91500754)
(190620, 0.91496561)
(280506, 0.91495856)
(308635, 0.91385908)
(161286, 0.91384499)
(416697, 0.91383812)
(264767, 0.91383812)
(117850, 0.91383107)
(395141, 0.91380306)
(193257, 0.9127035)
(302586, 0.91268261)
(267184, 0.91268253)
(351219, 0.91266869)
(389955, 0.91264756)
(199443, 0.91264068)
(321122, 0.91264068)
(186496, 0.91264059)
(165912, 0.91264059)
(52382, 0.91261946)
(69001, 0.91149205)
(386086, 0.91144995)
(254825, 0.91032271)
(352886, 0.91029478)
(164585, 0.91029461)
(357949, 0.91024572)
(405605, 0.90794864)
