(108019, 0.93982522)
(92404, 0.93864883)
(13567, 0.93864875)
(7363, 0.93864179)
(267757, 0.93864179)
(193634, 0.93747228)
(92507, 0.93747228)
(314785, 0.93747228)
(166502, 0.93747228)
(148155, 0.93747228)
(128489, 0.93747228)
(379643, 0.93747228)
(73951, 0.93747228)
(45617, 0.93747228)
(297576, 0.93747228)
(148592, 0.93747228)
(159337, 0.93747228)
(158795, 0.93747228)
(157162, 0.93747228)
(296610, 0.93747228)
(258237, 0.93747228)
(45516, 0.93747228)
(364068, 0.93747228)
(365747, 0.93747228)
(330561, 0.93747228)
(67892, 0.93747228)
(397077, 0.93747228)
(149451, 0.93746532)
(333042, 0.93746532)
(299304, 0.93746532)
(15375, 0.93746532)
(351972, 0.93746532)
(270491, 0.93746532)
(184318, 0.93746532)
(317550, 0.93746532)
(363666, 0.93746532)
(212556, 0.93746532)
(126073, 0.93746532)
(48002, 0.93746532)
(12110, 0.93746532)
(231074, 0.93746532)
(329676, 0.93745836)
(382420, 0.93745836)
(105181, 0.93745836)
(124640, 0.93745836)
(48031, 0.93745836)
(242366, 0.93745836)
(64992, 0.93745131)
(282717, 0.93630277)
(210474, 0.93629581)
(121390, 0.93629581)
(82239, 0.93629581)
(150964, 0.93629581)
(253676, 0.93629581)
(375892, 0.93629581)
(35670, 0.93629581)
(229090, 0.93629581)
(315726, 0.93629581)
(289769, 0.93629581)
(210445, 0.93629581)
(50108, 0.93629581)
(43274, 0.93629581)
(116402, 0.93629581)
(383349, 0.93629581)
(5349, 0.93629581)
(377142, 0.93629581)
(257719, 0.93629581)
(176690, 0.93629581)
(63934, 0.93629581)
(321535, 0.93629581)
(148683, 0.93629581)
(377202, 0.93629581)
(343694, 0.93629581)
(410737, 0.93629581)
(358956, 0.93629581)
(363914, 0.93629581)
(148990, 0.93629581)
(157289, 0.93629581)
(234801, 0.93629581)
(395544, 0.93629581)
(81693, 0.93629581)
(143032, 0.93629581)
(288468, 0.93629581)
(96920, 0.93629581)
(12537, 0.93629581)
(180556, 0.93629581)
(63630, 0.93629581)
(358943, 0.93629581)
(155688, 0.93629581)
(156516, 0.93628885)
(221814, 0.93628885)
(272932, 0.93628885)
(240706, 0.93628885)
(67232, 0.93628885)
(143963, 0.93628885)
(176110, 0.93628885)
(49140, 0.93628885)
(114637, 0.93628885)
(310812, 0.93628885)
(44436, 0.93628885)
(371347, 0.93628885)
(314484, 0.93628885)
(377295, 0.93628885)
(98620, 0.93628885)
(35805, 0.93628885)
(99356, 0.93628885)
(334780, 0.93628885)
(200969, 0.93628885)
(346480, 0.93628885)
(300163, 0.93628885)
(190972, 0.93628885)
(94792, 0.93628885)
(333754, 0.93628885)
(184550, 0.93628885)
(29778, 0.93628885)
(73927, 0.93628885)
(34659, 0.93628885)
(263304, 0.93628885)
(292089, 0.93628885)
(131688, 0.93628885)
(261084, 0.93628885)
(251733, 0.93628885)
(146807, 0.93628885)
(93220, 0.93628885)
(287824, 0.93628189)
(20428, 0.93628189)
(215573, 0.93628189)
(345704, 0.93628189)
(161913, 0.93628189)
(343564, 0.93628189)
(74419, 0.93628189)
(331293, 0.93628189)
(295667, 0.93628189)
(114455, 0.93628189)
(141921, 0.9362818)
(362938, 0.9362818)
(33795, 0.9362818)
(251426, 0.9362818)
(350265, 0.9362818)
(255600, 0.9362818)
(395977, 0.93627484)
(92895, 0.93627484)
(155403, 0.93626788)
(370990, 0.93511942)
(2078, 0.93511934)
(274837, 0.93511934)
(250414, 0.93511934)
(279432, 0.93511934)
(200790, 0.93511934)
(51310, 0.93511934)
(320481, 0.93511934)
(318486, 0.93511934)
(369038, 0.93511934)
(157944, 0.93511934)
(21658, 0.93511934)
(42649, 0.93511934)
(130291, 0.93511934)
(164680, 0.93511934)
(182054, 0.93511934)
(349260, 0.93511934)
(260811, 0.93511934)
(343800, 0.93511934)
(140499, 0.93511934)
(45137, 0.93511934)
(63106, 0.93511934)
(270103, 0.93511934)
(172739, 0.93511934)
(39750, 0.93511934)
(185050, 0.93511934)
(244066, 0.93511934)
(388249, 0.93511934)
(110990, 0.93511934)
(174190, 0.93511934)
(154347, 0.93511934)
(164765, 0.93511934)
(130710, 0.93511934)
(356577, 0.93511934)
(343333, 0.93511934)
(49038, 0.93511934)
(187384, 0.93511934)
(406274, 0.93511934)
(23044, 0.93511934)
(409007, 0.93511934)
(359164, 0.93511934)
(186207, 0.93511934)
(186200, 0.93511934)
(353035, 0.93511934)
(47588, 0.93511934)
(280434, 0.93511934)
(379403, 0.93511934)
(334740, 0.93511934)
(135914, 0.93511238)
(369107, 0.93511238)
(352275, 0.93511238)
(168173, 0.93511238)
(112158, 0.93511238)
(371045, 0.93511238)
(151745, 0.93511238)
(340146, 0.93511238)
(33470, 0.93511238)
(217714, 0.93511238)
(392162, 0.93511238)
(247093, 0.93511238)
(291430, 0.93511238)
(212660, 0.93511238)
(409651, 0.93511238)
(280570, 0.93511238)
(51111, 0.93511238)
(252667, 0.93511238)
(400715, 0.93511238)
(375550, 0.93511238)
(367627, 0.93511238)
(214172, 0.93511238)
(309304, 0.93511238)
(322639, 0.93511238)
(52209, 0.93511238)
(146245, 0.93511238)
(304511, 0.93511238)
(88506, 0.93511238)
(380970, 0.93511238)
(245443, 0.93511238)
(107861, 0.93511238)
(393105, 0.93511238)
(180369, 0.93511238)
(200434, 0.93511238)
(11426, 0.93511238)
(98184, 0.93511238)
(320708, 0.93511238)
(322147, 0.93511238)
(232030, 0.93511238)
(258547, 0.93511238)
(362595, 0.93511238)
(407326, 0.93511238)
(248542, 0.93511238)
(290094, 0.93511238)
(212000, 0.93511238)
(234083, 0.93511238)
(51162, 0.93511238)
(60025, 0.93511238)
(147575, 0.93511238)
(393106, 0.93511238)
(297683, 0.93511238)
(108498, 0.93511238)
(110166, 0.93511238)
(266565, 0.93511238)
(44787, 0.93511238)
(220784, 0.93511238)
(326237, 0.93511238)
(51715, 0.93511238)
(54303, 0.93511238)
(261669, 0.93511238)
(159656, 0.93511238)
(194670, 0.93511238)
(148897, 0.93511238)
(391568, 0.93511238)
(179603, 0.93511238)
(64405, 0.93511238)
(240092, 0.93511238)
(394026, 0.93511238)
(263568, 0.93511238)
(91971, 0.93511238)
(31937, 0.93511238)
(67917, 0.93510541)
(300067, 0.93510541)
(159952, 0.93510541)
(138300, 0.93510541)
(150332, 0.93510541)
(314326, 0.93510541)
(117218, 0.93510541)
(356484, 0.93510541)
(79749, 0.93510541)
(240981, 0.93510541)
(291856, 0.93510541)
(153518, 0.93510541)
(171479, 0.93510541)
(334328, 0.93510541)
(273918, 0.93510541)
(416834, 0.93510541)
(374406, 0.93510541)
(355773, 0.93510541)
(231355, 0.93510541)
(147185, 0.93510541)
(7071, 0.93510541)
(152668, 0.93510541)
(341607, 0.93510541)
(292264, 0.93510541)
(36367, 0.93510541)
(220348, 0.93510541)
(10676, 0.93510541)
(187840, 0.93510541)
(334762, 0.93510541)
(177195, 0.93510541)
(284276, 0.93510533)
(15679, 0.93510533)
(115190, 0.93510533)
(165342, 0.93510533)
(263396, 0.93510533)
(94902, 0.93510533)
(327881, 0.93510533)
(368653, 0.93509845)
(290007, 0.93509845)
(92825, 0.93509845)
(321761, 0.93509845)
(44086, 0.93509845)
(61116, 0.93509845)
(55047, 0.93509845)
(146520, 0.93509837)
(88333, 0.93509837)
(79953, 0.93509837)
(373926, 0.93509837)
(198610, 0.93509837)
(171269, 0.93509837)
(190452, 0.93509837)
(406606, 0.93509837)
(228142, 0.93509837)
(317587, 0.93509837)
(405534, 0.93509837)
(401714, 0.93509837)
(101678, 0.93509837)
(279483, 0.93509837)
(349746, 0.93509837)
(29718, 0.93509837)
(336348, 0.93509837)
(254637, 0.93509837)
(55506, 0.93509837)
(91116, 0.93509837)
(230718, 0.93509149)
(250835, 0.93509149)
(96050, 0.93509141)
(144843, 0.93509141)
(379261, 0.93509141)
(288767, 0.93509141)
(47958, 0.93509141)
(339374, 0.93508445)
(240489, 0.93394983)
(300231, 0.93394287)
(405326, 0.93394287)
(249692, 0.93394287)
(159537, 0.93394287)
(100821, 0.93394287)
(292962, 0.93394287)
(25885, 0.93394287)
(285918, 0.93394287)
(358193, 0.93394287)
(413035, 0.93394287)
(205004, 0.93394287)
(40961, 0.93394287)
(378062, 0.93394287)
(253061, 0.93394287)
(82247, 0.93394287)
(180008, 0.93394287)
(362082, 0.93394287)
(61170, 0.93394287)
(220327, 0.93394287)
(84406, 0.93394287)
(87602, 0.93394287)
(247248, 0.93394287)
(352002, 0.93394287)
(79603, 0.93394287)
(97067, 0.93394287)
(78468, 0.93394287)
(130156, 0.93394287)
(403031, 0.93394287)
(106350, 0.93394287)
(339879, 0.93394287)
(81433, 0.93394287)
(325025, 0.93394287)
(214940, 0.93394287)
(412943, 0.93394287)
(388466, 0.93394287)
(154741, 0.93394287)
(277207, 0.93394287)
(305041, 0.93394287)
(123302, 0.93394287)
(108497, 0.93394287)
(341372, 0.93394287)
(47304, 0.93393591)
(278793, 0.93393591)
(256547, 0.93393591)
(340418, 0.93393591)
(373637, 0.93393591)
(157040, 0.93393591)
(416478, 0.93393591)
(375373, 0.93393591)
(336788, 0.93393591)
(338025, 0.93393591)
(153079, 0.93393591)
(83775, 0.93393591)
(206490, 0.93393591)
(216871, 0.93393591)
(28692, 0.93393591)
(388834, 0.93393591)
(379792, 0.93393591)
(234068, 0.93393591)
(382594, 0.93393591)
(341425, 0.93393591)
(168906, 0.93393591)
(306486, 0.93393591)
(218057, 0.93393591)
(258618, 0.93393591)
(374661, 0.93393591)
(272747, 0.93393591)
(94085, 0.93393591)
(96330, 0.93393591)
(338866, 0.93393591)
(296922, 0.93393591)
(370636, 0.93393591)
(208002, 0.93393591)
(53905, 0.93393591)
(95756, 0.93393591)
(116080, 0.93393591)
(243979, 0.93393591)
(23894, 0.93393591)
(6196, 0.93393591)
(210674, 0.93393591)
(278633, 0.93393591)
(64198, 0.93393591)
(328557, 0.93393591)
(315314, 0.93393591)
(163639, 0.93393591)
(126940, 0.93393591)
(19923, 0.93393591)
(153652, 0.93393591)
(401826, 0.93393591)
(309125, 0.93393591)
(78583, 0.93393591)
(10187, 0.93393591)
(336687, 0.93393591)
(403899, 0.93393591)
(322497, 0.93393591)
(114197, 0.93393591)
(98208, 0.93393591)
(169193, 0.93393591)
(165015, 0.93393591)
(406857, 0.93393591)
(239364, 0.93393591)
(229029, 0.93393591)
(408114, 0.93393591)
(312305, 0.93393591)
(412357, 0.93393591)
(281745, 0.93393591)
(267209, 0.93393591)
(321194, 0.93393591)
(217152, 0.93393591)
(352465, 0.93393591)
(120751, 0.93393591)
(153291, 0.93393591)
(77633, 0.93393591)
(349310, 0.93393591)
(152188, 0.93393591)
(170443, 0.93393591)
(361949, 0.93393591)
(128190, 0.93393591)
(387667, 0.93393591)
(167678, 0.93393591)
(51622, 0.93393591)
(182329, 0.93393591)
(212746, 0.93393591)
(158540, 0.93393591)
(1668, 0.93393591)
(327434, 0.93393591)
(296691, 0.93392894)
(65078, 0.93392894)
(102252, 0.93392894)
(42584, 0.93392894)
(79383, 0.93392894)
(270252, 0.93392894)
(76173, 0.93392894)
(333916, 0.93392894)
(356497, 0.93392894)
(323862, 0.93392894)
(226046, 0.93392894)
(247772, 0.93392894)
(74037, 0.93392894)
(201300, 0.93392894)
(146277, 0.93392894)
(99930, 0.93392894)
(76441, 0.93392894)
(413225, 0.93392894)
(311099, 0.93392894)
(76291, 0.93392894)
(294473, 0.93392894)
(48668, 0.93392894)
(391717, 0.93392894)
(41119, 0.93392894)
(95421, 0.93392894)
(318731, 0.93392894)
(98611, 0.93392894)
(264347, 0.93392894)
(210800, 0.93392894)
(395051, 0.93392894)
(305482, 0.93392894)
(412707, 0.93392894)
(291501, 0.93392894)
(270343, 0.93392894)
(275100, 0.93392894)
(96007, 0.93392894)
(378762, 0.93392894)
(30633, 0.93392894)
(370005, 0.93392894)
(93384, 0.93392894)
(371389, 0.93392894)
(94511, 0.93392894)
(145502, 0.93392894)
(223403, 0.93392894)
(407952, 0.93392894)
(63519, 0.93392894)
(48042, 0.93392894)
(277504, 0.93392894)
(291809, 0.93392894)
(244227, 0.93392894)
(163787, 0.93392894)
(415170, 0.93392894)
(272871, 0.93392894)
(246261, 0.93392894)
(181363, 0.93392894)
(81510, 0.93392894)
(330140, 0.93392894)
(184393, 0.93392894)
(59346, 0.93392894)
(400780, 0.93392894)
(106296, 0.93392894)
(226987, 0.93392894)
(48844, 0.93392894)
(167673, 0.93392894)
(304689, 0.93392894)
(207645, 0.93392894)
(121549, 0.93392894)
(235596, 0.93392894)
(114511, 0.93392894)
(70493, 0.93392894)
(136411, 0.93392886)
(394537, 0.93392886)
(92057, 0.93392886)
(228340, 0.93392886)
(73916, 0.93392886)
(5572, 0.93392886)
(374613, 0.93392886)
(375499, 0.93392886)
(207570, 0.93392886)
(238208, 0.93392886)
(145642, 0.93392886)
(188630, 0.93392886)
(162284, 0.93392886)
(83180, 0.93392886)
(377480, 0.93392886)
(357740, 0.93392886)
(17513, 0.93392886)
(328378, 0.93392886)
(49284, 0.93392886)
(205433, 0.93392198)
(67194, 0.93392198)
(304646, 0.93392198)
(328247, 0.93392198)
(135001, 0.93392198)
(172274, 0.93392198)
(400870, 0.93392198)
(56212, 0.93392198)
(287679, 0.93392198)
(304832, 0.93392198)
(334810, 0.93392198)
(161130, 0.93392198)
(392113, 0.93392198)
(18835, 0.93392198)
(30584, 0.93392198)
(118807, 0.93392198)
(107845, 0.93392198)
(137553, 0.93392198)
(396137, 0.93392198)
(114325, 0.9339219)
(405883, 0.9339219)
(296340, 0.9339219)
(274421, 0.9339219)
(286882, 0.9339219)
(188281, 0.9339219)
(192231, 0.9339219)
(146048, 0.9339219)
(297707, 0.9339219)
(309540, 0.9339219)
(292232, 0.9339219)
(376853, 0.9339219)
(265581, 0.9339219)
(305262, 0.9339219)
(107328, 0.9339219)
(19064, 0.9339219)
(146223, 0.9339219)
(309792, 0.9339219)
(188259, 0.9339219)
(332881, 0.9339219)
(191255, 0.9339219)
(265149, 0.9339219)
(180377, 0.9339219)
(290932, 0.9339219)
(305884, 0.9339219)
(351606, 0.9339219)
(85196, 0.9339219)
(379091, 0.9339219)
(308736, 0.9339219)
(132588, 0.9339219)
(299834, 0.9339219)
(405965, 0.9339219)
(203348, 0.9339219)
(373522, 0.9339219)
(197040, 0.93391502)
(303583, 0.93391502)
(218723, 0.93391502)
(313100, 0.93391502)
(185309, 0.93391502)
(237373, 0.93391494)
(248506, 0.93391494)
(155228, 0.93391494)
(279030, 0.93391494)
(92017, 0.93391494)
(120121, 0.93391494)
(242042, 0.93391494)
(178767, 0.93391494)
(204791, 0.93391494)
(310604, 0.93391494)
(166158, 0.93391494)
(313386, 0.93391494)
(317241, 0.93391494)
(51306, 0.93391494)
(102408, 0.93391494)
(290127, 0.93391494)
(370457, 0.93391494)
(379443, 0.93391494)
(17101, 0.93391494)
(144537, 0.93391494)
(191947, 0.93391494)
(143017, 0.93391494)
(386469, 0.93391486)
(132334, 0.93391486)
(221379, 0.93391486)
(339220, 0.93391486)
(151646, 0.93391486)
(280490, 0.93391486)
(237618, 0.93390798)
(392081, 0.93390798)
(110650, 0.93390789)
(117159, 0.93390789)
(81541, 0.93390789)
(66218, 0.93390789)
(158931, 0.93390789)
(161035, 0.93390789)
(310466, 0.93390102)
(67895, 0.93390093)
(156231, 0.93390093)
(103235, 0.93390093)
(92526, 0.93390093)
(1533, 0.9327664)
(272861, 0.9327664)
(195129, 0.9327664)
(301301, 0.9327664)
(274116, 0.9327664)
(40182, 0.9327664)
(226428, 0.9327664)
(296618, 0.9327664)
(250280, 0.9327664)
(340014, 0.9327664)
(389643, 0.9327664)
(393086, 0.9327664)
(402828, 0.9327664)
(192826, 0.9327664)
(335214, 0.9327664)
(295139, 0.9327664)
(12026, 0.9327664)
(283132, 0.9327664)
(71905, 0.9327664)
(313056, 0.9327664)
(221345, 0.93275944)
(157058, 0.93275944)
(76383, 0.93275944)
(112687, 0.93275944)
(89366, 0.93275944)
(149295, 0.93275944)
(212624, 0.93275944)
(294212, 0.93275944)
(354490, 0.93275944)
(126179, 0.93275944)
(187178, 0.93275944)
(276816, 0.93275944)
(395535, 0.93275944)
(183761, 0.93275944)
(195925, 0.93275944)
(336440, 0.93275944)
(117567, 0.93275944)
(5649, 0.93275944)
(125626, 0.93275944)
(291968, 0.93275944)
(354482, 0.93275944)
(224518, 0.93275944)
(247393, 0.93275944)
(284968, 0.93275944)
(54463, 0.93275944)
(142633, 0.93275944)
(21117, 0.93275944)
(248224, 0.93275944)
(156112, 0.93275944)
(88180, 0.93275944)
(346223, 0.93275944)
(372616, 0.93275944)
(361511, 0.93275944)
(344058, 0.93275944)
(19239, 0.93275944)
(191564, 0.93275944)
(267204, 0.93275944)
(87852, 0.93275944)
(15754, 0.93275944)
(124771, 0.93275944)
(120874, 0.93275944)
(188578, 0.93275944)
(129860, 0.93275944)
(259813, 0.93275944)
(309781, 0.93275944)
(163535, 0.93275944)
(157272, 0.93275944)
(169729, 0.93275944)
(246014, 0.93275944)
(247350, 0.93275944)
(13998, 0.93275944)
(232299, 0.93275944)
(10309, 0.93275944)
(6893, 0.93275944)
(52055, 0.93275944)
(248711, 0.93275944)
(213279, 0.93275944)
(248786, 0.93275944)
(414214, 0.93275944)
(189536, 0.93275944)
(117641, 0.93275944)
(116168, 0.93275944)
(344279, 0.93275944)
(347227, 0.93275944)
(247274, 0.93275944)
(10819, 0.93275944)
(3576, 0.93275944)
(242376, 0.93275944)
(150144, 0.93275944)
(294904, 0.93275944)
(44851, 0.93275944)
(409261, 0.93275944)
(364167, 0.93275944)
(273300, 0.93275944)
(328606, 0.93275944)
(171495, 0.93275944)
(122874, 0.93275944)
(16935, 0.93275944)
(129064, 0.93275944)
(217300, 0.93275944)
(6337, 0.93275944)
(179443, 0.93275944)
(259356, 0.93275944)
(229711, 0.93275247)
(400305, 0.93275247)
(114223, 0.93275247)
(360587, 0.93275247)
(138454, 0.93275247)
(412046, 0.93275247)
(205713, 0.93275247)
(394577, 0.93275247)
(359377, 0.93275247)
(186706, 0.93275247)
(376506, 0.93275247)
(270334, 0.93275247)
(417542, 0.93275247)
(279454, 0.93275247)
(43268, 0.93275247)
(296028, 0.93275247)
(112122, 0.93275247)
(416442, 0.93275247)
(403598, 0.93275247)
(182651, 0.93275247)
(84087, 0.93275247)
(33273, 0.93275247)
(353184, 0.93275247)
(326964, 0.93275247)
(334952, 0.93275247)
(106562, 0.93275247)
(305947, 0.93275247)
(87121, 0.93275247)
(95503, 0.93275247)
(257446, 0.93275247)
(237096, 0.93275247)
(338571, 0.93275247)
(218023, 0.93275247)
(224576, 0.93275247)
(187220, 0.93275247)
(412313, 0.93275247)
(344856, 0.93275247)
(254102, 0.93275247)
(378577, 0.93275247)
(26764, 0.93275247)
(246692, 0.93275247)
(129721, 0.93275247)
(200295, 0.93275247)
(132503, 0.93275247)
(139845, 0.93275247)
(326257, 0.93275247)
(56679, 0.93275247)
(338938, 0.93275247)
(300345, 0.93275247)
(393044, 0.93275247)
(9856, 0.93275247)
(171173, 0.93275247)
(285442, 0.93275247)
(85122, 0.93275247)
(227437, 0.93275247)
(118398, 0.93275247)
(109520, 0.93275247)
(162941, 0.93275247)
(357084, 0.93275247)
(98240, 0.93275247)
(32848, 0.93275247)
(292246, 0.93275247)
(352146, 0.93275247)
(332620, 0.93275247)
(109212, 0.93275247)
(284845, 0.93275247)
(23055, 0.93275247)
(106345, 0.93275247)
(252186, 0.93275247)
(94082, 0.93275247)
(57353, 0.93275247)
(384579, 0.93275247)
(48151, 0.93275247)
(105450, 0.93275247)
(230567, 0.93275247)
(165028, 0.93275247)
(208863, 0.93275247)
(166085, 0.93275247)
(81702, 0.93275247)
(312544, 0.93275247)
(387477, 0.93275247)
(371789, 0.93275247)
(398032, 0.93275247)
(285377, 0.93275247)
(417745, 0.93275239)
(158008, 0.93275239)
(419132, 0.93275239)
(201576, 0.93275239)
(90481, 0.93275239)
(167085, 0.93275239)
(119331, 0.93275239)
(78547, 0.93275239)
(84582, 0.93275239)
(364014, 0.93275239)
(177828, 0.93275239)
(62827, 0.93274551)
(52220, 0.93274551)
(265300, 0.93274551)
(123327, 0.93274551)
(102257, 0.93274551)
(34644, 0.93274551)
(248308, 0.93274551)
(124972, 0.93274551)
(308636, 0.93274551)
(274946, 0.93274551)
(36949, 0.93274551)
(376618, 0.93274551)
(93734, 0.93274551)
(401717, 0.93274551)
(185792, 0.93274551)
(208728, 0.93274551)
(160753, 0.93274551)
(110353, 0.93274551)
(395494, 0.93274551)
(250948, 0.93274551)
(324334, 0.93274551)
(83309, 0.93274551)
(17381, 0.93274551)
(115047, 0.93274551)
(338969, 0.93274551)
(181933, 0.93274551)
(172755, 0.93274551)
(233931, 0.93274551)
(275773, 0.93274551)
(89928, 0.93274551)
(401635, 0.93274551)
(318963, 0.93274551)
(25313, 0.93274543)
(292375, 0.93274543)
(44838, 0.93274543)
(242217, 0.93274543)
(90668, 0.93274543)
(371107, 0.93274543)
(401507, 0.93274543)
(190255, 0.93274543)
(408426, 0.93274543)
(86058, 0.93274543)
(390051, 0.93274543)
(131442, 0.93274543)
(299900, 0.93274543)
(392315, 0.93274543)
(234941, 0.93274543)
(118416, 0.93274543)
(372756, 0.93274543)
(92781, 0.93274543)
(391636, 0.93274543)
(9268, 0.93274543)
(192710, 0.93274543)
(332677, 0.93274543)
(340515, 0.93274543)
(279779, 0.93274543)
(278364, 0.93274543)
(416159, 0.93274543)
(113195, 0.93274543)
(257618, 0.93274543)
(273429, 0.93274543)
(320044, 0.93274543)
(315621, 0.93274543)
(43820, 0.93274543)
(354223, 0.93273855)
(66863, 0.93273855)
(313649, 0.93273855)
(58279, 0.93273855)
(378072, 0.93273855)
(170856, 0.93273855)
(65672, 0.93273855)
(50547, 0.93273855)
(100310, 0.93273847)
(54018, 0.93273847)
(39167, 0.93273847)
(239896, 0.93273847)
(59451, 0.93273847)
(326797, 0.93273847)
(240874, 0.93273847)
(50374, 0.93273847)
(173226, 0.93273847)
(130656, 0.93273847)
(417764, 0.93273847)
(177712, 0.93273847)
(122323, 0.93273847)
(204453, 0.93273847)
(21788, 0.93273847)
(98437, 0.93273847)
(130793, 0.93273847)
(232691, 0.93273847)
(24708, 0.93273847)
(156565, 0.93273847)
(208188, 0.93273847)
(175808, 0.93273847)
(303663, 0.93273847)
(349901, 0.93273839)
(300026, 0.93273839)
(284244, 0.93273159)
(225034, 0.93273159)
(244681, 0.93273151)
(338983, 0.93273151)
(149430, 0.93273151)
(116889, 0.93273151)
(39517, 0.93273151)
(125123, 0.93273151)
(216149, 0.93273151)
(179022, 0.93273151)
(188387, 0.93273142)
(261507, 0.93273142)
(92168, 0.93273142)
(260046, 0.93273142)
(321984, 0.93273142)
(3677, 0.93273142)
(240851, 0.93273142)
(153868, 0.93273142)
(251610, 0.93272455)
(27356, 0.93272446)
(354585, 0.93272446)
(182306, 0.93272446)
(337174, 0.93272446)
(258649, 0.93272446)
(193217, 0.93272446)
(203150, 0.93272438)
(2145, 0.93272438)
(8261, 0.93272438)
(175346, 0.93272438)
(190539, 0.93271758)
(108987, 0.9327175)
(371932, 0.9327175)
(246064, 0.93271742)
(410259, 0.93271742)
(299218, 0.93271054)
(415365, 0.93271054)
(162747, 0.93271054)
(275819, 0.93271046)
(410627, 0.93271046)
(229477, 0.93270341)
(29187, 0.93269637)
(32022, 0.93158993)
(131716, 0.93158993)
(394372, 0.93158993)
(377593, 0.93158993)
(74854, 0.93158993)
(249481, 0.93158993)
(340537, 0.93158993)
(39308, 0.93158993)
(256942, 0.93158993)
(331512, 0.93158993)
(83702, 0.93158993)
(414443, 0.93158993)
(46372, 0.93158993)
(297072, 0.93158296)
(220533, 0.93158296)
(405663, 0.93158296)
(194820, 0.93158296)
(87693, 0.93158296)
(245608, 0.93158296)
(179658, 0.93158296)
(50344, 0.93158296)
(323050, 0.93158296)
(408610, 0.93158296)
(214558, 0.93158296)
(198343, 0.93158296)
(194979, 0.93158296)
(75998, 0.93158296)
(161450, 0.93158296)
(81487, 0.93158296)
(268236, 0.93158296)
(401383, 0.93158296)
(66240, 0.93158296)
(105899, 0.93158296)
(282271, 0.93158296)
(51655, 0.93158296)
(114955, 0.93158296)
(297328, 0.93158296)
(340478, 0.93158296)
(152992, 0.93158296)
(357339, 0.93158296)
(34665, 0.93158296)
(192470, 0.93158296)
(272281, 0.93158296)
(303580, 0.93158296)
(250930, 0.93158296)
(255882, 0.93158296)
(58581, 0.93158296)
(170814, 0.93158296)
(200351, 0.93158296)
(331233, 0.93158296)
(92834, 0.93158296)
(63274, 0.93158296)
(306460, 0.93158296)
(346956, 0.93158296)
(186406, 0.93158296)
(202139, 0.93158296)
(110744, 0.93158296)
(182452, 0.93158296)
(26895, 0.93158296)
(48163, 0.93158296)
(216401, 0.93158296)
(330214, 0.93158296)
(160379, 0.93158296)
(220176, 0.93158296)
(331234, 0.931576)
(364568, 0.931576)
(396178, 0.931576)
(264995, 0.931576)
(30755, 0.931576)
(284866, 0.931576)
(233215, 0.931576)
(372932, 0.931576)
(38555, 0.931576)
(220399, 0.931576)
(262970, 0.931576)
(373214, 0.931576)
(10510, 0.931576)
(110356, 0.931576)
(174906, 0.931576)
(400736, 0.931576)
(109381, 0.931576)
(213261, 0.931576)
(395640, 0.931576)
(105459, 0.931576)
(296630, 0.931576)
(59978, 0.931576)
(99668, 0.931576)
(77851, 0.931576)
(168160, 0.931576)
(54439, 0.931576)
(206280, 0.931576)
(378161, 0.931576)
(13714, 0.931576)
(305147, 0.931576)
(256691, 0.931576)
(412624, 0.931576)
(65141, 0.931576)
(258438, 0.931576)
(316040, 0.931576)
(162689, 0.931576)
(34780, 0.931576)
(103231, 0.931576)
(91630, 0.931576)
(209346, 0.931576)
(172965, 0.931576)
(345780, 0.931576)
(57683, 0.931576)
(328774, 0.931576)
(396820, 0.931576)
(283141, 0.931576)
(287020, 0.931576)
(401096, 0.931576)
(100817, 0.931576)
(333905, 0.931576)
(418426, 0.931576)
(304410, 0.931576)
(19901, 0.931576)
(251092, 0.931576)
(45508, 0.931576)
(208060, 0.931576)
(258855, 0.931576)
(356214, 0.931576)
(207151, 0.931576)
(136451, 0.931576)
(239525, 0.93157592)
(26983, 0.93157592)
(187732, 0.93157592)
(124899, 0.93157592)
(3807, 0.93157592)
(295889, 0.93157592)
(206960, 0.93157592)
(338138, 0.93157592)
(409681, 0.93157592)
(64973, 0.93157592)
(274285, 0.93157592)
(86347, 0.93157592)
(257078, 0.93157592)
(356574, 0.93156904)
(134469, 0.93156904)
(191208, 0.93156904)
(191381, 0.93156904)
(160676, 0.93156904)
(212292, 0.93156904)
(59780, 0.93156904)
(307388, 0.93156904)
(39946, 0.93156904)
(327200, 0.93156904)
(321682, 0.93156904)
(8080, 0.93156904)
(389553, 0.93156904)
(280844, 0.93156904)
(259378, 0.93156904)
(360527, 0.93156904)
(266030, 0.93156904)
(20878, 0.93156904)
(77806, 0.93156904)
(248256, 0.93156904)
(324649, 0.93156904)
(205243, 0.93156904)
(102803, 0.93156904)
(143999, 0.93156904)
(180577, 0.93156904)
(304053, 0.93156904)
(239555, 0.93156904)
(218976, 0.93156904)
(79091, 0.93156904)
(211157, 0.93156904)
(70147, 0.93156904)
(414544, 0.93156904)
(51034, 0.93156904)
(369542, 0.93156904)
(3105, 0.93156904)
(108545, 0.93156904)
(347246, 0.93156904)
(319679, 0.93156904)
(163098, 0.93156904)
(331374, 0.93156904)
(7618, 0.93156904)
(285679, 0.93156904)
(23258, 0.93156904)
(100293, 0.93156904)
(14127, 0.93156904)
(367109, 0.93156904)
(171670, 0.93156904)
(231711, 0.93156904)
(54308, 0.93156904)
(419929, 0.93156904)
(29858, 0.93156904)
(385461, 0.93156904)
(338967, 0.93156904)
(247797, 0.93156904)
(256827, 0.93156904)
(141754, 0.93156904)
(179997, 0.93156904)
(182561, 0.93156904)
(328782, 0.93156904)
(323112, 0.93156904)
(259517, 0.93156904)
(156298, 0.93156896)
(226211, 0.93156896)
(311015, 0.93156896)
(299649, 0.93156896)
(405749, 0.93156896)
(316533, 0.93156896)
(375830, 0.93156896)
(55008, 0.93156896)
(112043, 0.93156896)
(408056, 0.93156896)
(337463, 0.93156896)
(336915, 0.93156896)
(333446, 0.93156896)
(345909, 0.93156896)
(265658, 0.93156896)
(10354, 0.93156896)
(316379, 0.93156896)
(5367, 0.93156896)
(150020, 0.93156896)
(32333, 0.93156896)
(335905, 0.93156896)
(171853, 0.93156896)
(250731, 0.93156896)
(412326, 0.93156896)
(216093, 0.93156896)
(90673, 0.93156896)
(147319, 0.93156896)
(89072, 0.93156896)
(56667, 0.93156896)
(94000, 0.93156896)
(88154, 0.93156896)
(272859, 0.93156896)
(105996, 0.93156896)
(260006, 0.93156896)
(387042, 0.93156896)
(116497, 0.93156896)
(57446, 0.93156896)
(202835, 0.93156896)
(50645, 0.93156896)
(109570, 0.93156896)
(127721, 0.93156896)
(142802, 0.93156896)
(49697, 0.93156896)
(369982, 0.93156896)
(206948, 0.93156208)
(130659, 0.93156208)
(199163, 0.93156208)
(69494, 0.93156208)
(263754, 0.93156208)
(15592, 0.93156208)
(110394, 0.93156208)
(62171, 0.93156208)
(71586, 0.93156208)
(287443, 0.93156208)
(401167, 0.93156208)
(126175, 0.93156208)
(149501, 0.93156208)
(30057, 0.93156208)
(98561, 0.93156208)
(202324, 0.931562)
(55818, 0.931562)
(154733, 0.931562)
(60862, 0.931562)
(158765, 0.931562)
(416948, 0.931562)
(31334, 0.931562)
(138608, 0.931562)
(224848, 0.931562)
(46539, 0.931562)
(333465, 0.931562)
(253874, 0.931562)
(264883, 0.931562)
(132924, 0.931562)
(205874, 0.931562)
(110348, 0.931562)
(285720, 0.931562)
(266680, 0.931562)
(94414, 0.931562)
(387244, 0.931562)
(425, 0.931562)
(383046, 0.931562)
(3974, 0.931562)
(101442, 0.931562)
(103347, 0.931562)
(17227, 0.931562)
(299528, 0.931562)
(228925, 0.931562)
(312687, 0.931562)
(379429, 0.931562)
(264030, 0.931562)
(361146, 0.931562)
(33700, 0.931562)
(267264, 0.931562)
(29048, 0.931562)
(311151, 0.931562)
(120123, 0.931562)
(154381, 0.931562)
(396977, 0.931562)
(26808, 0.931562)
(177856, 0.931562)
(17038, 0.931562)
(350669, 0.931562)
(114208, 0.931562)
(294884, 0.931562)
(239071, 0.931562)
(37273, 0.93156191)
(403320, 0.93156191)
(7505, 0.93156191)
(56726, 0.93156191)
(356178, 0.93156191)
(287465, 0.93156191)
(323574, 0.93155512)
(197288, 0.93155512)
(194050, 0.93155512)
(243947, 0.93155504)
(402710, 0.93155504)
(250723, 0.93155504)
(2982, 0.93155504)
(259217, 0.93155504)
(381699, 0.93155504)
(398288, 0.93155504)
(250323, 0.93155504)
(12045, 0.93155504)
(344949, 0.93155504)
(71161, 0.93155504)
(417557, 0.93155504)
(173038, 0.93155504)
(247568, 0.93155504)
(241076, 0.93155504)
(13289, 0.93155504)
(100375, 0.93155504)
(117648, 0.93155504)
(368398, 0.93155504)
(197051, 0.93155504)
(109969, 0.93155504)
(205826, 0.93155504)
(5598, 0.93155495)
(180783, 0.93155495)
(391409, 0.93155495)
(9017, 0.93155495)
(323673, 0.93155495)
(260517, 0.93155495)
(13457, 0.93155495)
(298610, 0.93155495)
(406157, 0.93155495)
(79213, 0.93155495)
(138523, 0.93155495)
(334825, 0.93155495)
(77003, 0.93155495)
(139534, 0.93155495)
(122702, 0.93155495)
(257569, 0.93155495)
(236379, 0.93155495)
(88543, 0.93155495)
(113726, 0.93155495)
(72939, 0.93155495)
(9460, 0.93155495)
(406343, 0.93154807)
(400955, 0.93154807)
(98963, 0.93154807)
(167920, 0.93154807)
(345368, 0.93154807)
(209618, 0.93154807)
(64712, 0.93154799)
(21996, 0.93154799)
(114897, 0.93154799)
(8708, 0.93154799)
(108081, 0.93154799)
(59698, 0.93154799)
(294529, 0.93154799)
(271930, 0.93154799)
(98728, 0.93154799)
(161495, 0.93154799)
(334815, 0.93154799)
(350006, 0.93154799)
(243214, 0.93154791)
(197755, 0.93154791)
(315594, 0.93154791)
(361584, 0.93154111)
(3361, 0.93154103)
(42421, 0.93154103)
(246076, 0.93154103)
(52583, 0.93154095)
(317419, 0.93154095)
(52065, 0.93154095)
(268891, 0.93154095)
(186142, 0.93153407)
(209717, 0.93153407)
(94438, 0.93153407)
(267095, 0.93153407)
(249108, 0.93153399)
(61827, 0.93152703)
(156693, 0.93152703)
(251989, 0.93152694)
(142904, 0.93152694)
(35423, 0.93152694)
(401259, 0.93151998)
(391394, 0.93151302)
(419740, 0.93151294)
(173956, 0.93042042)
(5123, 0.93041346)
(356533, 0.93041346)
(73854, 0.93041346)
(257293, 0.93041346)
(156730, 0.93041346)
(196871, 0.93040649)
(156062, 0.93040649)
(390763, 0.93040649)
(340701, 0.93040649)
(417861, 0.93040649)
(330870, 0.93040649)
(191646, 0.93040649)
(225361, 0.93040649)
(54290, 0.93040649)
(18294, 0.93040649)
(317376, 0.93040649)
(358589, 0.93040649)
(32592, 0.93040649)
(286339, 0.93040649)
(384806, 0.93040649)
(286857, 0.93040649)
(300257, 0.93040649)
(195369, 0.93040649)
(373341, 0.93040649)
(60759, 0.93040649)
(96732, 0.93040649)
(79479, 0.93040649)
(316461, 0.93040649)
(281170, 0.93040649)
(283800, 0.93040649)
(180194, 0.93040649)
(273751, 0.93040649)
(105243, 0.93040649)
(275107, 0.93040649)
(104468, 0.93040649)
(51455, 0.93040649)
(407032, 0.93040649)
(209527, 0.93040649)
(139457, 0.93040649)
(301474, 0.93040649)
(382834, 0.93040649)
(12171, 0.93040649)
(146699, 0.93040649)
(392613, 0.93039962)
(365671, 0.93039953)
(7895, 0.93039953)
(402151, 0.93039953)
(278332, 0.93039953)
(250597, 0.93039953)
(406439, 0.93039953)
(150606, 0.93039953)
(416766, 0.93039953)
(225086, 0.93039953)
(140409, 0.93039953)
(184075, 0.93039953)
(351923, 0.93039953)
(353236, 0.93039953)
(381301, 0.93039953)
(137245, 0.93039953)
(415493, 0.93039953)
(110969, 0.93039953)
(118843, 0.93039953)
(19301, 0.93039953)
(90019, 0.93039953)
(285001, 0.93039953)
(243, 0.93039953)
(42801, 0.93039953)
(4334, 0.93039953)
(15144, 0.93039953)
(411906, 0.93039953)
(37799, 0.93039953)
(102475, 0.93039953)
(158305, 0.93039953)
(230863, 0.93039953)
(172147, 0.93039953)
(191284, 0.93039953)
(158582, 0.93039953)
(45552, 0.93039953)
(50764, 0.93039953)
(319864, 0.93039953)
(155466, 0.93039953)
(81643, 0.93039953)
(288354, 0.93039953)
(224202, 0.93039953)
(6901, 0.93039953)
(234620, 0.93039953)
(326390, 0.93039953)
(99144, 0.93039953)
(31213, 0.93039953)
(161013, 0.93039953)
(286267, 0.93039953)
(161298, 0.93039953)
(386932, 0.93039953)
(196921, 0.93039953)
(166665, 0.93039953)
(246597, 0.93039953)
(220177, 0.93039953)
(196100, 0.93039953)
(315218, 0.93039953)
(394348, 0.93039953)
(333946, 0.93039945)
(225878, 0.93039945)
(17126, 0.93039945)
(386612, 0.93039257)
(87087, 0.93039257)
(24187, 0.93039257)
(265884, 0.93039257)
(172616, 0.93039257)
(403308, 0.93039257)
(208043, 0.93039257)
(202477, 0.93039257)
(70362, 0.93039257)
(364788, 0.93039257)
(395312, 0.93039257)
(341318, 0.93039257)
(104754, 0.93039257)
(11468, 0.93039257)
(143851, 0.93039257)
(112299, 0.93039257)
(381228, 0.93039257)
(272640, 0.93039257)
(269787, 0.93039257)
(7769, 0.93039257)
(225304, 0.93039257)
(311275, 0.93039257)
(169116, 0.93039257)
(23654, 0.93039257)
(184971, 0.93039257)
(49181, 0.93039257)
(133884, 0.93039257)
(530, 0.93039257)
(383342, 0.93039257)
(156974, 0.93039257)
(126184, 0.93039257)
(313161, 0.93039257)
(354164, 0.93039257)
(150109, 0.93039257)
(115714, 0.93039257)
(243444, 0.93039257)
(160983, 0.93039257)
(105802, 0.93039257)
(408658, 0.93039257)
(406080, 0.93039257)
(96216, 0.93039257)
(256001, 0.93039257)
(347256, 0.93039257)
(282647, 0.93039257)
(361610, 0.93039257)
(298396, 0.93039257)
(359997, 0.93039257)
(399130, 0.93039257)
(211788, 0.93039257)
(308084, 0.93039257)
(100877, 0.93039257)
(260715, 0.93039249)
(313250, 0.93039249)
(9145, 0.93039249)
(24180, 0.93039249)
(19854, 0.93039249)
(94561, 0.93039249)
(32226, 0.93039249)
(349623, 0.93039249)
(29613, 0.93039249)
(173590, 0.93039249)
(189881, 0.93039249)
(379865, 0.93039249)
(315075, 0.93039249)
(128754, 0.93039249)
(101444, 0.93039249)
(340565, 0.93039249)
(144306, 0.93039249)
(55799, 0.93039249)
(368550, 0.93039249)
(322880, 0.93039249)
(250780, 0.93039249)
(419448, 0.93039249)
(141817, 0.93039249)
(350635, 0.93038561)
(362920, 0.93038561)
(46595, 0.93038561)
(412781, 0.93038561)
(349202, 0.93038561)
(156027, 0.93038561)
(86679, 0.93038561)
(308956, 0.93038561)
(76497, 0.93038561)
(165280, 0.93038561)
(380301, 0.93038561)
(34515, 0.93038561)
(260434, 0.93038561)
(229381, 0.93038561)
(22398, 0.93038561)
(355415, 0.93038561)
(193087, 0.93038561)
(361321, 0.93038561)
(376770, 0.93038561)
(7257, 0.93038561)
(67083, 0.93038561)
(216787, 0.93038553)
(151020, 0.93038553)
(36985, 0.93038553)
(94556, 0.93038553)
(91616, 0.93038553)
(390272, 0.93038553)
(310613, 0.93038553)
(193723, 0.93038553)
(400442, 0.93038553)
(210711, 0.93038553)
(164436, 0.93038553)
(40421, 0.93038553)
(318001, 0.93038553)
(280787, 0.93038553)
(252085, 0.93038553)
(78647, 0.93038553)
(312849, 0.93038553)
(297484, 0.93038553)
(105911, 0.93038553)
(216908, 0.93038553)
(325770, 0.93038553)
(313493, 0.93038553)
(394852, 0.93038553)
(341143, 0.93038553)
(14923, 0.93038553)
(12975, 0.93038553)
(147826, 0.93038553)
(73933, 0.93038553)
(123550, 0.93038553)
(288338, 0.93038553)
(110940, 0.93038553)
(351775, 0.93038553)
(38800, 0.93038553)
(341829, 0.93038553)
(362669, 0.93038553)
(89129, 0.93038553)
(262988, 0.93038553)
(348876, 0.93038553)
(105072, 0.93038553)
(79283, 0.93038553)
(396906, 0.93038553)
(58034, 0.93038544)
(74997, 0.93038544)
(314095, 0.93038544)
(340911, 0.93038544)
(77360, 0.93037865)
(18161, 0.93037865)
(20069, 0.93037865)
(170686, 0.93037865)
(208673, 0.93037865)
(203987, 0.93037865)
(285759, 0.93037865)
(5344, 0.93037865)
(317041, 0.93037865)
(84213, 0.93037865)
(373195, 0.93037865)
(406257, 0.93037865)
(122949, 0.93037865)
(310981, 0.93037865)
(388414, 0.93037865)
(352916, 0.93037865)
(409823, 0.93037857)
(328410, 0.93037857)
(172785, 0.93037857)
(293650, 0.93037857)
(179850, 0.93037857)
(180769, 0.93037857)
(412126, 0.93037857)
(257830, 0.93037857)
(163490, 0.93037857)
(41584, 0.93037857)
(22936, 0.93037857)
(19754, 0.93037857)
(65799, 0.93037857)
(135879, 0.93037857)
(110513, 0.93037857)
(252770, 0.93037857)
(387519, 0.93037857)
(347146, 0.93037857)
(69543, 0.93037857)
(66797, 0.93037857)
(193984, 0.93037857)
(284691, 0.93037857)
(411218, 0.93037848)
(239430, 0.93037848)
(257533, 0.93037848)
(117873, 0.93037848)
(284006, 0.93037848)
(79366, 0.93037848)
(203839, 0.93037848)
(300011, 0.93037848)
(381244, 0.93037848)
(274443, 0.9303716)
(319597, 0.9303716)
(309037, 0.9303716)
(366874, 0.9303716)
(267778, 0.9303716)
(369735, 0.9303716)
(358614, 0.9303716)
(110436, 0.9303716)
(217312, 0.9303716)
(117252, 0.9303716)
(91777, 0.9303716)
(298291, 0.9303716)
(348322, 0.93037152)
(43044, 0.93037152)
(417221, 0.93037152)
(120841, 0.93037152)
(56856, 0.93037152)
(220791, 0.93037152)
(158455, 0.93037152)
(81129, 0.93037152)
(75037, 0.93037152)
(88171, 0.93037152)
(119563, 0.93037152)
(274436, 0.93037152)
(166772, 0.93037152)
(133523, 0.93037152)
(416192, 0.93037152)
(57266, 0.93037152)
(55115, 0.93037152)
(227973, 0.93037144)
(138929, 0.93037144)
(101034, 0.93037144)
(392335, 0.93036464)
(214763, 0.93036464)
(84274, 0.93036456)
(363857, 0.93036456)
(65319, 0.93036456)
(297353, 0.93036456)
(396449, 0.93036456)
(54212, 0.93036456)
(165125, 0.93036456)
(379400, 0.93036456)
(77042, 0.93036456)
(206450, 0.93036456)
(331422, 0.93036456)
(59011, 0.93036456)
(45873, 0.93036456)
(190046, 0.93036456)
(85676, 0.93036456)
(337663, 0.93036456)
(147744, 0.93036456)
(350208, 0.93036448)
(251008, 0.93036448)
(33638, 0.93036448)
(73732, 0.93036448)
(305945, 0.93036448)
(371197, 0.93036448)
(258348, 0.93035768)
(89, 0.93035768)
(413903, 0.9303576)
(151696, 0.9303576)
(68908, 0.9303576)
(357136, 0.9303576)
(36760, 0.93035752)
(297592, 0.93035752)
(124702, 0.93035752)
(218353, 0.93035752)
(403801, 0.93035752)
(414399, 0.93035752)
(25110, 0.93035064)
(18030, 0.93035055)
(335232, 0.93035055)
(84286, 0.93035055)
(112466, 0.93035047)
(364720, 0.93035047)
(214932, 0.93034368)
(376430, 0.92923698)
(152334, 0.92923698)
(210795, 0.92923698)
(8076, 0.92923698)
(273998, 0.92923011)
(254383, 0.92923002)
(221416, 0.92923002)
(168802, 0.92923002)
(289374, 0.92923002)
(225118, 0.92923002)
(390626, 0.92923002)
(201489, 0.92923002)
(299183, 0.92923002)
(395851, 0.92923002)
(228885, 0.92923002)
(162259, 0.92923002)
(215532, 0.92923002)
(25847, 0.92923002)
(66703, 0.92923002)
(330094, 0.92923002)
(87350, 0.92923002)
(90712, 0.92923002)
(151615, 0.92923002)
(184960, 0.92923002)
(359587, 0.92923002)
(249470, 0.92923002)
(318819, 0.92923002)
(12161, 0.92923002)
(89784, 0.92923002)
(338001, 0.92922306)
(217065, 0.92922306)
(116476, 0.92922306)
(357871, 0.92922306)
(171762, 0.92922306)
(256358, 0.92922306)
(32530, 0.92922306)
(294091, 0.92922306)
(161699, 0.92922306)
(240580, 0.92922306)
(269739, 0.92922306)
(400855, 0.92922306)
(395970, 0.92922306)
(186632, 0.92922306)
(399553, 0.92922306)
(141263, 0.92922306)
(97129, 0.92922306)
(36134, 0.92922306)
(212314, 0.92922306)
(30271, 0.92922306)
(102217, 0.92922306)
(9276, 0.92922306)
(156166, 0.92922306)
(180361, 0.92922306)
(221911, 0.92922306)
(89921, 0.92922306)
(385997, 0.92922306)
(112352, 0.92922306)
(395289, 0.92922306)
(356703, 0.92922306)
(221033, 0.92922306)
(201960, 0.92922306)
(386968, 0.92922306)
(310824, 0.92922306)
(273727, 0.92922306)
(149009, 0.92922298)
(155274, 0.92922298)
(158690, 0.92922298)
(302725, 0.9292161)
(227208, 0.9292161)
(364261, 0.9292161)
(204031, 0.9292161)
(104684, 0.9292161)
(42414, 0.9292161)
(360678, 0.9292161)
(258632, 0.9292161)
(121429, 0.9292161)
(67954, 0.9292161)
(257017, 0.9292161)
(249541, 0.9292161)
(311455, 0.9292161)
(178829, 0.9292161)
(275244, 0.9292161)
(274910, 0.9292161)
(109474, 0.9292161)
(158844, 0.9292161)
(165198, 0.9292161)
(245247, 0.9292161)
(234574, 0.9292161)
(361706, 0.9292161)
(399971, 0.9292161)
(271148, 0.9292161)
(4383, 0.9292161)
(259770, 0.9292161)
(113285, 0.9292161)
(335593, 0.9292161)
(171683, 0.9292161)
(330136, 0.9292161)
(45787, 0.92921602)
(251959, 0.92921602)
(262275, 0.92921602)
(262306, 0.92921602)
(150129, 0.92921602)
(318195, 0.92921602)
(348691, 0.92921602)
(237072, 0.92921602)
(53340, 0.92921602)
(111486, 0.92921602)
(258953, 0.92921602)
(192498, 0.92921602)
(43848, 0.92921602)
(389941, 0.92921602)
(379533, 0.92921602)
(343444, 0.92921602)
(367629, 0.92921602)
(263191, 0.92921602)
(378823, 0.92921602)
(54169, 0.92921602)
(204665, 0.92921602)
(253414, 0.92921602)
(212249, 0.92921602)
(347741, 0.92921602)
(97696, 0.92921602)
(183130, 0.92921593)
(175942, 0.92920914)
(403973, 0.92920914)
(403433, 0.92920914)
(208310, 0.92920914)
(306425, 0.92920914)
(184197, 0.92920914)
(147011, 0.92920914)
(85018, 0.92920914)
(252876, 0.92920914)
(270622, 0.92920914)
(60356, 0.92920914)
(72127, 0.92920914)
(412587, 0.92920914)
(345511, 0.92920914)
(28474, 0.92920914)
(184027, 0.92920914)
(179990, 0.92920914)
(227607, 0.92920914)
(394120, 0.92920914)
(76538, 0.92920914)
(418898, 0.92920914)
(258318, 0.92920914)
(407459, 0.92920914)
(324434, 0.92920914)
(115316, 0.92920914)
(318253, 0.92920914)
(235669, 0.92920914)
(76803, 0.92920906)
(202752, 0.92920906)
(242212, 0.92920906)
(180199, 0.92920906)
(336326, 0.92920906)
(221154, 0.92920906)
(407203, 0.92920906)
(87769, 0.92920906)
(5998, 0.92920906)
(253029, 0.92920906)
(159181, 0.92920906)
(135215, 0.92920906)
(229361, 0.92920906)
(311304, 0.92920906)
(47549, 0.92920906)
(221200, 0.92920906)
(354420, 0.92920906)
(383656, 0.92920906)
(395405, 0.92920906)
(48973, 0.92920906)
(325972, 0.92920906)
(320234, 0.92920906)
(15972, 0.92920906)
(288235, 0.92920906)
(112479, 0.92920906)
(384554, 0.92920906)
(4701, 0.92920906)
(286794, 0.92920906)
(352717, 0.92920906)
(331630, 0.92920906)
(111921, 0.92920906)
(255392, 0.92920906)
(190926, 0.92920906)
(294143, 0.92920906)
(211757, 0.92920906)
(387064, 0.92920906)
(304336, 0.92920906)
(187762, 0.92920906)
(145680, 0.92920906)
(245169, 0.92920906)
(8515, 0.92920906)
(222667, 0.92920906)
(341257, 0.92920906)
(183477, 0.92920897)
(393018, 0.92920897)
(56917, 0.92920218)
(397330, 0.92920218)
(194733, 0.92920218)
(282637, 0.92920218)
(271762, 0.92920218)
(169481, 0.92920218)
(343261, 0.92920218)
(67650, 0.9292021)
(243860, 0.9292021)
(144313, 0.9292021)
(116630, 0.9292021)
(370751, 0.9292021)
(240610, 0.9292021)
(68720, 0.9292021)
(260994, 0.9292021)
(373010, 0.9292021)
(268941, 0.9292021)
(390049, 0.9292021)
(198796, 0.9292021)
(296339, 0.9292021)
(2146, 0.9292021)
(387548, 0.9292021)
(89391, 0.9292021)
(67227, 0.9292021)
(56943, 0.9292021)
(53111, 0.9292021)
(91677, 0.9292021)
(37575, 0.9292021)
(94699, 0.9292021)
(234117, 0.9292021)
(336407, 0.9292021)
(75393, 0.9292021)
(73478, 0.9292021)
(302190, 0.9292021)
(301307, 0.9292021)
(152567, 0.9292021)
(325473, 0.9292021)
(316909, 0.9292021)
(136774, 0.9292021)
(346853, 0.9292021)
(412322, 0.9292021)
(388125, 0.9292021)
(165079, 0.92920201)
(356468, 0.92920201)
(55776, 0.92920201)
(49185, 0.92920201)
(158791, 0.92920201)
(344263, 0.92920201)
(230689, 0.92920201)
(127984, 0.92920201)
(251785, 0.92920201)
(345442, 0.92920201)
(21915, 0.92920201)
(115969, 0.92920201)
(219935, 0.92920201)
(127328, 0.92920201)
(334084, 0.92919522)
(7926, 0.92919522)
(355911, 0.92919522)
(318662, 0.92919522)
(347803, 0.92919522)
(264292, 0.92919513)
(150734, 0.92919513)
(120502, 0.92919513)
(273422, 0.92919513)
(333897, 0.92919513)
(360435, 0.92919513)
(402374, 0.92919513)
(175088, 0.92919513)
(245454, 0.92919513)
(310135, 0.92919513)
(33071, 0.92919513)
(239239, 0.92919513)
(114401, 0.92919513)
(157295, 0.92919513)
(278749, 0.92919513)
(142901, 0.92919513)
(340104, 0.92919513)
(85478, 0.92919513)
(412440, 0.92919505)
(179207, 0.92919505)
(227582, 0.92919505)
(75741, 0.92919505)
(350193, 0.92919505)
(407728, 0.92919505)
(115722, 0.92919505)
(312311, 0.92919505)
(266191, 0.92919505)
(230022, 0.92919505)
(30330, 0.92919505)
(144267, 0.92919505)
(170854, 0.92919505)
(84367, 0.92919505)
(309683, 0.92919505)
(320619, 0.92919505)
(346611, 0.92919505)
(224607, 0.92919505)
(393901, 0.92919505)
(294169, 0.92919505)
(353602, 0.92919505)
(55420, 0.92919505)
(50612, 0.92919505)
(164672, 0.92919505)
(143053, 0.92919505)
(390427, 0.92919505)
(165387, 0.92919497)
(189950, 0.92919497)
(375782, 0.92918817)
(205711, 0.92918817)
(255932, 0.92918817)
(418421, 0.92918817)
(414060, 0.92918817)
(87578, 0.92918817)
(177189, 0.92918817)
(15600, 0.92918817)
(112944, 0.92918809)
(115042, 0.92918809)
(119668, 0.92918809)
(280272, 0.92918809)
(167765, 0.92918809)
(385608, 0.92918809)
(171529, 0.92918809)
(18051, 0.92918809)
(321437, 0.92918809)
(18222, 0.92918809)
(202536, 0.92918809)
(173060, 0.92918809)
(97212, 0.92918809)
(130816, 0.92918801)
(227184, 0.92918801)
(275923, 0.92918801)
(97639, 0.92918801)
(184697, 0.92918801)
(223425, 0.92918801)
(46580, 0.92918801)
(307428, 0.92918801)
(73023, 0.92918801)
(289495, 0.92918801)
(189300, 0.92918121)
(138386, 0.92918113)
(235765, 0.92918113)
(412232, 0.92918113)
(241950, 0.92918105)
(105066, 0.92918105)
(316670, 0.92918105)
(415411, 0.92918105)
(333199, 0.92918105)
(332344, 0.92918105)
(44675, 0.92918105)
(216072, 0.92918105)
(146332, 0.92918105)
(231946, 0.92918105)
(94799, 0.92918105)
(3612, 0.92918105)
(31995, 0.92917417)
(9968, 0.92917417)
(248682, 0.92917417)
(337603, 0.92917417)
(371794, 0.92917408)
(248856, 0.92917408)
(302054, 0.929174)
(355047, 0.929174)
(160240, 0.929174)
(292966, 0.929174)
(147697, 0.92916712)
(384878, 0.92916712)
(260770, 0.92916712)
(292653, 0.92916712)
(147541, 0.92916704)
(316795, 0.92916704)
(96229, 0.92916704)
(131094, 0.92916704)
(242571, 0.92916704)
(94912, 0.92916016)
(398644, 0.92916008)
(153260, 0.92916)
(209546, 0.92915312)
(336199, 0.92915303)
(88551, 0.92915295)
(173574, 0.92914599)
(305979, 0.92913895)
(299395, 0.92806748)
(116096, 0.92806051)
(216611, 0.92806051)
(378431, 0.92805355)
(257652, 0.92805355)
(132581, 0.92805355)
(38608, 0.92805355)
(222267, 0.92805355)
(374924, 0.92805355)
(410295, 0.92805355)
(134109, 0.92805355)
(341589, 0.92805355)
(280167, 0.92805355)
(35604, 0.92804659)
(375735, 0.92804659)
(310897, 0.92804659)
(81383, 0.92804659)
(314786, 0.92804659)
(328138, 0.92804659)
(346866, 0.92804659)
(220767, 0.92804659)
(270107, 0.92804659)
(274633, 0.92804659)
(223458, 0.92804659)
(69798, 0.92804659)
(28999, 0.92804659)
(239965, 0.92804659)
(204975, 0.92804659)
(78524, 0.92804659)
(42691, 0.92804659)
(123314, 0.92804659)
(10352, 0.92804659)
(95329, 0.92804651)
(86703, 0.92804651)
(25503, 0.92804651)
(376101, 0.92803963)
(152169, 0.92803963)
(124920, 0.92803963)
(88003, 0.92803963)
(385035, 0.92803963)
(82026, 0.92803963)
(80051, 0.92803963)
(126739, 0.92803963)
(63008, 0.92803963)
(121636, 0.92803963)
(337060, 0.92803963)
(66011, 0.92803963)
(111105, 0.92803963)
(294770, 0.92803963)
(18276, 0.92803963)
(150957, 0.92803963)
(282239, 0.92803963)
(287464, 0.92803963)
(97434, 0.92803963)
(416267, 0.92803963)
(195678, 0.92803963)
(112949, 0.92803963)
(269518, 0.92803963)
(331686, 0.92803963)
(269146, 0.92803963)
(265203, 0.92803963)
(210630, 0.92803963)
(264353, 0.92803963)
(374795, 0.92803963)
(244688, 0.92803963)
(215612, 0.92803963)
(93753, 0.92803963)
(367541, 0.92803963)
(391217, 0.92803963)
(86749, 0.92803963)
(52537, 0.92803963)
(276055, 0.92803963)
(419425, 0.92803963)
(31041, 0.92803963)
(122811, 0.92803963)
(355293, 0.92803963)
(100575, 0.92803963)
(336281, 0.92803963)
(63019, 0.92803963)
(310859, 0.92803955)
(389574, 0.92803955)
(291655, 0.92803955)
(232150, 0.92803955)
(319462, 0.92803955)
(291220, 0.92803955)
(303729, 0.92803955)
(23211, 0.92803955)
(133500, 0.92803955)
(161137, 0.92803267)
(130438, 0.92803267)
(91635, 0.92803267)
(235658, 0.92803267)
(10682, 0.92803267)
(301807, 0.92803267)
(268953, 0.92803267)
(8482, 0.92803267)
(311445, 0.92803267)
(338936, 0.92803267)
(355929, 0.92803267)
(257128, 0.92803267)
(305839, 0.92803267)
(384213, 0.92803259)
(402035, 0.92803259)
(69079, 0.92803259)
(26024, 0.92803259)
(396103, 0.92803259)
(41116, 0.92803259)
(78351, 0.92803259)
(226996, 0.92803259)
(368257, 0.92803259)
(279615, 0.92803259)
(324322, 0.92803259)
(189807, 0.92803259)
(107770, 0.92803259)
(358230, 0.92803259)
(361239, 0.92803259)
(180924, 0.92803259)
(310447, 0.92803259)
(111962, 0.92803259)
(403354, 0.92803259)
(18036, 0.92803259)
(230881, 0.92803259)
(96888, 0.92803259)
(344015, 0.9280325)
(366313, 0.92802571)
(380720, 0.92802571)
(148578, 0.92802571)
(322198, 0.92802571)
(73051, 0.92802571)
(73099, 0.92802571)
(318327, 0.92802571)
(366198, 0.92802571)
(417194, 0.92802571)
(384063, 0.92802571)
(177203, 0.92802571)
(312408, 0.92802571)
(240297, 0.92802571)
(210004, 0.92802571)
(180365, 0.92802562)
(98099, 0.92802562)
(122602, 0.92802562)
(104315, 0.92802562)
(320015, 0.92802562)
(414937, 0.92802562)
(323957, 0.92802562)
(371901, 0.92802562)
(90966, 0.92802562)
(56359, 0.92802562)
(234392, 0.92802562)
(63898, 0.92802562)
(18648, 0.92802562)
(282111, 0.92802562)
(279816, 0.92802562)
(327021, 0.92802562)
(69137, 0.92802562)
(348390, 0.92802562)
(176657, 0.92802562)
(148939, 0.92802562)
(60160, 0.92802562)
(235990, 0.92802562)
(88971, 0.92802562)
(168170, 0.92802562)
(351365, 0.92802562)
(269174, 0.92802562)
(334387, 0.92802554)
(21734, 0.92802554)
(6280, 0.92802554)
(163267, 0.92802554)
(271689, 0.92802554)
(193743, 0.92802554)
(115427, 0.92802554)
(315389, 0.92802554)
(333756, 0.92802554)
(281040, 0.92802554)
(159299, 0.92802554)
(19976, 0.92802546)
(59989, 0.92801875)
(133649, 0.92801875)
(190730, 0.92801875)
(128762, 0.92801875)
(284618, 0.92801866)
(251559, 0.92801866)
(13344, 0.92801866)
(348062, 0.92801866)
(403709, 0.92801866)
(234445, 0.92801866)
(334664, 0.92801866)
(262511, 0.92801866)
(286395, 0.92801866)
(285771, 0.92801866)
(378276, 0.92801866)
(64435, 0.92801866)
(177527, 0.92801866)
(249313, 0.92801866)
(96585, 0.92801866)
(286087, 0.92801866)
(195460, 0.92801866)
(6668, 0.92801866)
(238886, 0.92801866)
(91155, 0.92801866)
(77974, 0.92801858)
(89345, 0.92801858)
(275308, 0.92801858)
(394154, 0.92801858)
(186820, 0.92801858)
(200925, 0.92801858)
(302387, 0.92801858)
(116612, 0.92801858)
(135040, 0.92801858)
(360356, 0.92801858)
(314468, 0.92801858)
(239067, 0.92801858)
(190097, 0.92801858)
(166098, 0.92801858)
(227679, 0.92801858)
(344020, 0.92801858)
(350836, 0.92801858)
(118622, 0.9280185)
(256399, 0.9280117)
(344185, 0.9280117)
(342931, 0.9280117)
(95937, 0.9280117)
(97841, 0.92801162)
(55591, 0.92801162)
(190080, 0.92801162)
(92630, 0.92801162)
(100960, 0.92801162)
(331503, 0.92801162)
(14647, 0.92801162)
(413564, 0.92801162)
(319512, 0.92801162)
(216887, 0.92801162)
(82479, 0.92801162)
(158995, 0.92801162)
(326005, 0.92801162)
(189828, 0.92801162)
(145820, 0.92801162)
(335108, 0.92801162)
(160713, 0.92801162)
(105502, 0.92801162)
(259784, 0.92801162)
(342823, 0.92801154)
(17467, 0.92801154)
(269000, 0.92801154)
(418408, 0.92801154)
(400484, 0.92801154)
(393556, 0.92801154)
(275807, 0.92801154)
(247563, 0.92801154)
(98464, 0.92801154)
(386973, 0.92801154)
(271109, 0.92801154)
(127870, 0.92800474)
(81739, 0.92800466)
(324926, 0.92800466)
(259058, 0.92800466)
(308240, 0.92800466)
(131681, 0.92800466)
(14033, 0.92800466)
(296320, 0.92800466)
(179230, 0.92800466)
(264020, 0.92800466)
(76346, 0.92800466)
(9021, 0.92800466)
(103047, 0.92800466)
(26951, 0.92800457)
(387807, 0.92800457)
(367710, 0.92800457)
(357633, 0.92800457)
(266799, 0.92800457)
(170025, 0.92800457)
(157856, 0.92800457)
(30464, 0.92800457)
(315444, 0.92800457)
(294460, 0.92800457)
(257679, 0.92800457)
(88836, 0.92800457)
(416145, 0.92800457)
(64987, 0.92800457)
(312241, 0.92800457)
(152040, 0.92800457)
(333424, 0.92800449)
(399654, 0.92800449)
(53030, 0.92800449)
(330855, 0.92800449)
(357011, 0.9279977)
(87106, 0.92799761)
(219309, 0.92799761)
(53057, 0.92799761)
(200798, 0.92799761)
(252792, 0.92799761)
(173740, 0.92799761)
(331649, 0.92799761)
(165171, 0.92799761)
(179234, 0.92799761)
(6809, 0.92799761)
(204300, 0.92799761)
(261293, 0.92799761)
(36640, 0.92799753)
(287972, 0.92799753)
(305516, 0.92799753)
(363814, 0.92799753)
(128928, 0.92799065)
(27480, 0.92799065)
(295893, 0.92799065)
(78124, 0.92799065)
(361386, 0.92799065)
(162152, 0.92799057)
(263397, 0.92799057)
(44594, 0.92799057)
(317658, 0.92799057)
(273454, 0.92799057)
(345071, 0.92799057)
(305776, 0.92799057)
(17308, 0.92799057)
(186558, 0.92799049)
(100716, 0.92798361)
(406696, 0.92798361)
(121376, 0.92798361)
(420314, 0.92798361)
(416825, 0.92798361)
(346341, 0.92798352)
(90209, 0.92798352)
(62350, 0.92797665)
(385600, 0.92797665)
(308349, 0.92796264)
(101626, 0.92796256)
(167917, 0.92688404)
(218570, 0.92688404)
(274646, 0.92688404)
(251747, 0.92687708)
(35103, 0.92687708)
(273947, 0.92687708)
(94905, 0.92687012)
(91900, 0.92687012)
(154171, 0.92687012)
(71883, 0.92687012)
(11972, 0.92687012)
(229382, 0.92687012)
(212652, 0.92687012)
(91270, 0.92687012)
(89130, 0.92687012)
(26531, 0.92687012)
(59595, 0.92687012)
(341870, 0.92687012)
(368351, 0.92687012)
(344457, 0.92687012)
(356344, 0.92687012)
(61800, 0.92687012)
(74659, 0.92687012)
(156792, 0.92687012)
(344063, 0.92687004)
(204947, 0.92687004)
(333545, 0.92687004)
(364979, 0.92687004)
(70461, 0.92686316)
(185866, 0.92686316)
(83349, 0.92686316)
(264371, 0.92686316)
(136653, 0.92686316)
(287344, 0.92686316)
(371490, 0.92686316)
(221576, 0.92686316)
(107316, 0.92686316)
(105978, 0.92686316)
(78749, 0.92686316)
(352026, 0.92686316)
(5525, 0.92686316)
(335112, 0.92686316)
(389414, 0.92686316)
(79320, 0.92686316)
(237874, 0.92686316)
(267324, 0.92686316)
(412873, 0.92686308)
(374358, 0.92686308)
(81472, 0.92686308)
(11056, 0.92686308)
(93743, 0.92686308)
(36620, 0.92686308)
(195402, 0.92686308)
(662, 0.92686308)
(297730, 0.92685628)
(73470, 0.9268562)
(177453, 0.9268562)
(40664, 0.9268562)
(273417, 0.9268562)
(206032, 0.9268562)
(37630, 0.9268562)
(320128, 0.9268562)
(397806, 0.9268562)
(226749, 0.9268562)
(210589, 0.9268562)
(324296, 0.9268562)
(207362, 0.9268562)
(264775, 0.9268562)
(284414, 0.9268562)
(231585, 0.9268562)
(372594, 0.92685612)
(327100, 0.92685612)
(111836, 0.92685612)
(252096, 0.92685612)
(139646, 0.92685612)
(412887, 0.92685612)
(201418, 0.92685612)
(120870, 0.92685612)
(270235, 0.92685612)
(102306, 0.92685612)
(335587, 0.92685612)
(386308, 0.92685612)
(86192, 0.92685612)
(233267, 0.92685612)
(34220, 0.92685612)
(75869, 0.92685612)
(392280, 0.92685612)
(254062, 0.92685603)
(70475, 0.92685603)
(294491, 0.92685603)
(118830, 0.92685603)
(57152, 0.92685603)
(80528, 0.92684924)
(56241, 0.92684924)
(138996, 0.92684924)
(349621, 0.92684924)
(250314, 0.92684924)
(396353, 0.92684924)
(396403, 0.92684924)
(116464, 0.92684924)
(129050, 0.92684924)
(4039, 0.92684924)
(398588, 0.92684924)
(240513, 0.92684924)
(295979, 0.92684924)
(157365, 0.92684924)
(74647, 0.92684924)
(239281, 0.92684924)
(172583, 0.92684924)
(270329, 0.92684915)
(135923, 0.92684915)
(56531, 0.92684915)
(76555, 0.92684915)
(323501, 0.92684915)
(223228, 0.92684915)
(147433, 0.92684915)
(246114, 0.92684915)
(3245, 0.92684915)
(188158, 0.92684915)
(113497, 0.92684915)
(156728, 0.92684915)
(188556, 0.92684915)
(347559, 0.92684915)
(180540, 0.92684915)
(295919, 0.92684915)
(56113, 0.92684915)
(308883, 0.92684915)
(144999, 0.92684915)
(73678, 0.92684915)
(4707, 0.92684915)
(257896, 0.92684915)
(110623, 0.92684915)
(46426, 0.92684915)
(195253, 0.92684915)
(214161, 0.92684915)
(407314, 0.92684907)
(17570, 0.92684907)
(163359, 0.92684907)
(150222, 0.92684907)
(302829, 0.92684907)
(220772, 0.92684907)
(16305, 0.92684907)
(213128, 0.92684907)
(288454, 0.92684907)
(25159, 0.92684907)
(124349, 0.92684907)
(49064, 0.92684907)
(68349, 0.92684907)
(402630, 0.92684907)
(114348, 0.92684907)
(245501, 0.92684228)
(261416, 0.92684228)
(234178, 0.92684228)
(204009, 0.92684228)
(82119, 0.92684228)
(239161, 0.92684219)
(279653, 0.92684219)
(221111, 0.92684219)
(219994, 0.92684219)
(300716, 0.92684219)
(355195, 0.92684219)
(48189, 0.92684219)
(218230, 0.92684219)
(20738, 0.92684219)
(168661, 0.92684219)
(10939, 0.92684219)
(54696, 0.92684219)
(313601, 0.92684219)
(227439, 0.92684219)
(302892, 0.92684219)
(233774, 0.92684219)
(368838, 0.92684219)
(56800, 0.92684219)
(398211, 0.92684219)
(240860, 0.92684219)
(218890, 0.92684211)
(352223, 0.92684211)
(77353, 0.92684211)
(222306, 0.92684211)
(74990, 0.92684211)
(86396, 0.92684211)
(396872, 0.92684211)
(108004, 0.92684211)
(293657, 0.92684211)
(267268, 0.92684211)
(304055, 0.92684211)
(356759, 0.92684211)
(333315, 0.92684211)
(339855, 0.92684211)
(102391, 0.92684211)
(13560, 0.92684211)
(10151, 0.92684211)
(157590, 0.92684211)
(44324, 0.92684203)
(55662, 0.92684203)
(194867, 0.92684203)
(79762, 0.92683523)
(142446, 0.92683523)
(32701, 0.92683523)
(54740, 0.92683523)
(238798, 0.92683523)
(63403, 0.92683523)
(274001, 0.92683523)
(417975, 0.92683523)
(49264, 0.92683523)
(369807, 0.92683523)
(371568, 0.92683523)
(398173, 0.92683523)
(390204, 0.92683515)
(29872, 0.92683515)
(326544, 0.92683515)
(296778, 0.92683515)
(159830, 0.92683515)
(56211, 0.92683515)
(100929, 0.92683515)
(156611, 0.92683515)
(31825, 0.92683515)
(322978, 0.92683515)
(350340, 0.92683515)
(205393, 0.92683515)
(330944, 0.92683515)
(358066, 0.92683515)
(216033, 0.92683515)
(114634, 0.92683515)
(278306, 0.92683507)
(294844, 0.92683507)
(22319, 0.92683507)
(163323, 0.92683507)
(284591, 0.92683507)
(30848, 0.92683507)
(236021, 0.92683507)
(100450, 0.92683507)
(107561, 0.92683507)
(190294, 0.92683507)
(215746, 0.92682835)
(3253, 0.92682819)
(221357, 0.92682819)
(152222, 0.92682819)
(220067, 0.92682819)
(146047, 0.92682819)
(118697, 0.92682819)
(409587, 0.92682819)
(253365, 0.92682819)
(215519, 0.92682819)
(79714, 0.92682819)
(252928, 0.92682819)
(346105, 0.92682819)
(7759, 0.92682819)
(335297, 0.92682819)
(364229, 0.92682819)
(166796, 0.92682819)
(262045, 0.92682819)
(340528, 0.92682819)
(21766, 0.9268281)
(23786, 0.9268281)
(304352, 0.9268281)
(154543, 0.9268281)
(277233, 0.9268281)
(15992, 0.9268281)
(145967, 0.9268281)
(241224, 0.9268281)
(331688, 0.9268281)
(152580, 0.9268281)
(20356, 0.9268281)
(366119, 0.9268281)
(305256, 0.9268281)
(49849, 0.92682802)
(247593, 0.92682131)
(104254, 0.92682131)
(327011, 0.92682123)
(340185, 0.92682123)
(153763, 0.92682123)
(174669, 0.92682123)
(305996, 0.92682123)
(383338, 0.92682114)
(79746, 0.92682114)
(388416, 0.92682114)
(122541, 0.92682114)
(180643, 0.92682114)
(414397, 0.92682114)
(319534, 0.92682114)
(322464, 0.92682114)
(41641, 0.92682114)
(294023, 0.92682114)
(298072, 0.92682106)
(214864, 0.92682106)
(361817, 0.92682106)
(370899, 0.92682106)
(251169, 0.92682106)
(380803, 0.92681426)
(384015, 0.92681426)
(238506, 0.92681426)
(203660, 0.92681418)
(208103, 0.92681418)
(105318, 0.92681418)
(224787, 0.92681418)
(217407, 0.92681418)
(346973, 0.92681418)
(410560, 0.92681418)
(233962, 0.9268141)
(329021, 0.9268141)
(244808, 0.9268141)
(151521, 0.9268141)
(415997, 0.9268141)
(160134, 0.9268141)
(276745, 0.9268141)
(96304, 0.9268141)
(53830, 0.92681402)
(219674, 0.92681402)
(146638, 0.9268073)
(8937, 0.92680722)
(69597, 0.92680714)
(187885, 0.92680714)
(118369, 0.92680714)
(275731, 0.92680714)
(301821, 0.92680714)
(115331, 0.92680714)
(128281, 0.92680705)
(286021, 0.92680034)
(115764, 0.92680026)
(419182, 0.92680026)
(13010, 0.92680026)
(98787, 0.92680026)
(98492, 0.92680026)
(313104, 0.92680018)
(69566, 0.92680018)
(34460, 0.92680018)
(76374, 0.92680018)
(82727, 0.92680009)
(366940, 0.92680001)
(312234, 0.92679321)
(99403, 0.92679321)
(410433, 0.92679321)
(56397, 0.92679313)
(187926, 0.92679313)
(52558, 0.92679313)
(188898, 0.92679305)
(198576, 0.92678625)
(339035, 0.92678625)
(418974, 0.92678609)
(286973, 0.92677921)
(92610, 0.92677913)
(150633, 0.92677913)
(309096, 0.92570061)
(89139, 0.92570053)
(167435, 0.92569365)
(43637, 0.92569365)
(250620, 0.92569365)
(360413, 0.92569365)
(295004, 0.92569365)
(187736, 0.92569365)
(30795, 0.92569365)
(132211, 0.92568669)
(136965, 0.92568669)
(236263, 0.92568669)
(345010, 0.92568669)
(134532, 0.92568669)
(285199, 0.92568669)
(369084, 0.92568669)
(59454, 0.92568669)
(314465, 0.92568669)
(327295, 0.92568669)
(238561, 0.92568661)
(141436, 0.92568661)
(273022, 0.92568661)
(416978, 0.92568661)
(236146, 0.92568661)
(349151, 0.92568661)
(375933, 0.92568661)
(93581, 0.92568661)
(367402, 0.92568661)
(249379, 0.92567973)
(9561, 0.92567973)
(201132, 0.92567973)
(56915, 0.92567973)
(85045, 0.92567973)
(191783, 0.92567973)
(221727, 0.92567973)
(319983, 0.92567973)
(230296, 0.92567973)
(38862, 0.92567973)
(270075, 0.92567973)
(102055, 0.92567973)
(338560, 0.92567973)
(102725, 0.92567973)
(125962, 0.92567973)
(378283, 0.92567964)
(196357, 0.92567964)
(401527, 0.92567964)
(89913, 0.92567964)
(190594, 0.92567964)
(244686, 0.92567964)
(221056, 0.92567964)
(339944, 0.92567964)
(149798, 0.92567964)
(144543, 0.92567964)
(89519, 0.92567964)
(57528, 0.92567964)
(208298, 0.92567964)
(391182, 0.92567964)
(273017, 0.92567964)
(310727, 0.92567964)
(36435, 0.92567956)
(280125, 0.92567277)
(6479, 0.92567277)
(166382, 0.92567277)
(219576, 0.92567277)
(408167, 0.92567277)
(301118, 0.92567277)
(361758, 0.92567277)
(702, 0.92567277)
(181626, 0.92567277)
(383423, 0.92567277)
(6032, 0.92567277)
(77802, 0.92567268)
(170196, 0.92567268)
(362192, 0.92567268)
(191075, 0.92567268)
(153117, 0.92567268)
(364764, 0.92567268)
(287570, 0.92567268)
(50587, 0.92567268)
(53322, 0.92567268)
(158507, 0.92567268)
(146690, 0.92567268)
(2923, 0.92567268)
(71777, 0.92567268)
(181948, 0.92567268)
(368051, 0.92567268)
(2574, 0.92567268)
(212117, 0.92567268)
(270666, 0.9256726)
(204982, 0.9256726)
(244223, 0.9256726)
(156065, 0.9256726)
(150741, 0.9256726)
(161807, 0.9256726)
(235677, 0.9256658)
(268437, 0.9256658)
(133008, 0.9256658)
(272535, 0.9256658)
(360144, 0.92566572)
(31010, 0.92566572)
(156417, 0.92566572)
(229615, 0.92566572)
(181494, 0.92566572)
(145791, 0.92566572)
(24842, 0.92566572)
(128242, 0.92566572)
(145813, 0.92566572)
(61394, 0.92566572)
(94020, 0.92566572)
(79988, 0.92566572)
(260208, 0.92566572)
(133773, 0.92566572)
(113718, 0.92566572)
(400231, 0.92566572)
(378881, 0.92566572)
(166520, 0.92566572)
(372722, 0.92566572)
(19857, 0.92566572)
(221760, 0.92566572)
(246351, 0.92566572)
(133114, 0.92566572)
(175462, 0.92566572)
(51189, 0.92566564)
(32441, 0.92566564)
(359497, 0.92566564)
(409139, 0.92566564)
(188420, 0.92566564)
(69635, 0.92566564)
(121013, 0.92566564)
(410582, 0.92566564)
(342074, 0.92566564)
(415105, 0.92566564)
(196171, 0.92566564)
(241574, 0.92566564)
(85799, 0.92566564)
(417529, 0.92566564)
(41531, 0.92565876)
(239731, 0.92565876)
(386453, 0.92565876)
(184224, 0.92565876)
(213668, 0.92565876)
(76990, 0.92565876)
(55924, 0.92565876)
(274281, 0.92565876)
(27939, 0.92565876)
(133993, 0.92565876)
(242689, 0.92565876)
(261864, 0.92565876)
(105204, 0.92565876)
(36371, 0.92565876)
(284022, 0.92565868)
(352953, 0.92565868)
(24749, 0.92565868)
(286932, 0.92565868)
(110592, 0.92565868)
(346848, 0.92565868)
(210463, 0.92565868)
(113179, 0.92565868)
(166376, 0.92565868)
(122610, 0.92565868)
(161851, 0.92565868)
(95997, 0.92565868)
(184111, 0.92565868)
(108309, 0.92565868)
(42444, 0.92565868)
(210935, 0.92565868)
(356122, 0.92565868)
(246720, 0.92565868)
(226200, 0.92565868)
(118575, 0.92565859)
(220318, 0.92565859)
(24939, 0.92565859)
(92129, 0.92565859)
(234832, 0.92565188)
(5475, 0.9256518)
(374869, 0.9256518)
(89478, 0.9256518)
(373268, 0.9256518)
(133029, 0.9256518)
(117507, 0.9256518)
(299103, 0.9256518)
(136472, 0.92565172)
(348495, 0.92565172)
(11904, 0.92565172)
(288202, 0.92565172)
(369319, 0.92565172)
(108361, 0.92565172)
(271093, 0.92565172)
(281075, 0.92565172)
(24532, 0.92565172)
(355087, 0.92565172)
(365629, 0.92565172)
(192322, 0.92565172)
(156247, 0.92565172)
(253041, 0.92565172)
(390385, 0.92565172)
(334513, 0.92565172)
(163906, 0.92565172)
(18656, 0.92565163)
(293649, 0.92565163)
(11802, 0.92565163)
(269141, 0.92565163)
(408329, 0.92565163)
(35181, 0.92565163)
(231618, 0.92565163)
(92201, 0.92565163)
(182234, 0.92565163)
(83966, 0.92565163)
(332113, 0.92565163)
(186476, 0.92565163)
(399598, 0.92565163)
(411368, 0.92565163)
(159756, 0.92565155)
(114510, 0.92565155)
(87386, 0.92564484)
(305026, 0.92564475)
(188582, 0.92564475)
(245190, 0.92564475)
(17269, 0.92564475)
(51834, 0.92564475)
(179761, 0.92564475)
(420347, 0.92564475)
(328647, 0.92564467)
(169461, 0.92564467)
(339784, 0.92564467)
(317810, 0.92564467)
(278267, 0.92564467)
(161572, 0.92564467)
(415110, 0.92564467)
(365338, 0.92564467)
(85063, 0.92564467)
(49289, 0.92564467)
(325229, 0.92564467)
(340197, 0.92564467)
(363740, 0.92564467)
(338371, 0.92564467)
(127535, 0.92564467)
(352287, 0.92564467)
(176757, 0.92564467)
(151513, 0.92564467)
(235623, 0.92564467)
(311449, 0.92564467)
(81829, 0.92564467)
(170996, 0.92564467)
(226707, 0.92564459)
(134239, 0.92564459)
(332300, 0.92564459)
(66993, 0.92564459)
(280474, 0.92563788)
(38924, 0.92563779)
(22108, 0.92563779)
(120206, 0.92563779)
(372466, 0.92563779)
(85242, 0.92563771)
(51875, 0.92563771)
(250056, 0.92563771)
(43154, 0.92563771)
(246205, 0.92563771)
(253628, 0.92563771)
(407448, 0.92563771)
(334080, 0.92563771)
(283001, 0.92563771)
(105540, 0.92563771)
(239538, 0.92563771)
(84280, 0.92563771)
(355616, 0.92563763)
(325578, 0.92563763)
(353847, 0.92563763)
(55750, 0.92563763)
(94972, 0.92563763)
(347753, 0.92563763)
(82989, 0.92563754)
(173943, 0.92563075)
(210096, 0.92563075)
(382144, 0.92563075)
(24278, 0.92563075)
(360148, 0.92563075)
(40339, 0.92563075)
(98154, 0.92563075)
(145086, 0.92563067)
(290593, 0.92563067)
(85031, 0.92563067)
(112309, 0.92563067)
(336177, 0.92563067)
(306974, 0.92563067)
(179253, 0.92563058)
(386492, 0.92563058)
(161887, 0.92563058)
(151067, 0.92563058)
(194356, 0.92562379)
(98520, 0.92562371)
(125132, 0.92562371)
(372849, 0.92562362)
(92101, 0.92562362)
(417217, 0.92562362)
(312811, 0.92562362)
(214439, 0.92562354)
(234844, 0.92562354)
(82280, 0.92561666)
(54461, 0.92561666)
(354090, 0.92561666)
(267391, 0.92561666)
(18973, 0.92561666)
(49608, 0.92560978)
(185217, 0.9256097)
(256153, 0.9256097)
(193370, 0.9256097)
(244538, 0.9256097)
(47973, 0.92560266)
(321910, 0.92558873)
(45789, 0.92452414)
(328107, 0.92451726)
(399675, 0.92451718)
(334228, 0.92451718)
(398102, 0.92451718)
(80680, 0.9245171)
(191876, 0.9245171)
(207797, 0.9245171)
(375005, 0.92451022)
(186518, 0.92451022)
(325677, 0.92451022)
(338805, 0.92451022)
(306015, 0.92451022)
(160398, 0.92451022)
(386489, 0.92451022)
(148548, 0.92451014)
(85345, 0.92451014)
(362990, 0.92451014)
(383312, 0.92451014)
(137166, 0.92451014)
(261526, 0.92450326)
(43671, 0.92450326)
(385616, 0.92450326)
(257859, 0.92450326)
(417301, 0.92450326)
(339550, 0.92450326)
(400259, 0.92450317)
(327669, 0.92450317)
(132200, 0.92450317)
(23919, 0.92450309)
(47774, 0.92450309)
(419050, 0.9244963)
(254613, 0.9244963)
(122299, 0.9244963)
(265685, 0.9244963)
(61333, 0.9244963)
(297845, 0.9244963)
(326199, 0.9244963)
(74895, 0.92449621)
(205538, 0.92449621)
(169985, 0.92449621)
(294943, 0.92449621)
(113786, 0.92449621)
(383866, 0.92449621)
(82764, 0.92449621)
(300546, 0.92449621)
(344396, 0.92449621)
(18569, 0.92449621)
(190574, 0.92449621)
(223139, 0.92449621)
(284051, 0.92449621)
(413889, 0.92449621)
(201382, 0.92449621)
(128788, 0.92449621)
(392339, 0.92449621)
(250060, 0.92449621)
(78990, 0.92449613)
(276868, 0.92449613)
(410995, 0.92449613)
(78355, 0.92448933)
(326775, 0.92448933)
(67437, 0.92448933)
(369582, 0.92448925)
(8927, 0.92448925)
(150183, 0.92448925)
(51463, 0.92448925)
(75281, 0.92448925)
(328418, 0.92448925)
(349934, 0.92448925)
(305535, 0.92448925)
(168352, 0.92448925)
(32780, 0.92448925)
(390876, 0.92448925)
(392290, 0.92448925)
(320587, 0.92448925)
(160269, 0.92448925)
(230169, 0.92448925)
(266994, 0.92448925)
(353193, 0.92448917)
(310129, 0.92448917)
(264941, 0.92448917)
(342335, 0.92448917)
(226602, 0.92448917)
(232649, 0.92448917)
(351677, 0.92448917)
(117560, 0.92448917)
(200127, 0.92448917)
(95871, 0.92448237)
(302988, 0.92448237)
(278790, 0.92448237)
(283094, 0.92448229)
(146062, 0.92448229)
(10785, 0.92448229)
(284026, 0.92448229)
(201394, 0.92448229)
(336338, 0.92448229)
(153855, 0.92448229)
(100104, 0.92448229)
(216609, 0.92448221)
(26964, 0.92448221)
(402598, 0.92448221)
(110152, 0.92448221)
(185076, 0.92448221)
(174044, 0.92448221)
(318865, 0.92448221)
(318694, 0.92448221)
(214855, 0.92448221)
(330639, 0.92448221)
(11046, 0.92448212)
(21002, 0.92448212)
(57497, 0.92448212)
(347513, 0.92447533)
(43969, 0.92447533)
(391204, 0.92447533)
(52561, 0.92447525)
(141972, 0.92447525)
(216852, 0.92447525)
(169426, 0.92447525)
(410810, 0.92447525)
(225889, 0.92447525)
(405793, 0.92447525)
(329515, 0.92447525)
(199832, 0.92447525)
(319653, 0.92447525)
(169882, 0.92447525)
(28539, 0.92447525)
(273822, 0.92447525)
(182857, 0.92447525)
(322555, 0.92447525)
(22823, 0.92447525)
(31938, 0.92447516)
(137804, 0.92447516)
(261666, 0.92447516)
(420085, 0.92447516)
(299329, 0.92447516)
(37740, 0.92447516)
(31505, 0.92447516)
(65819, 0.92447516)
(405035, 0.92447516)
(390248, 0.92447516)
(237890, 0.92447516)
(350344, 0.92447516)
(378612, 0.92447508)
(289115, 0.92446837)
(168397, 0.92446828)
(71582, 0.92446828)
(330672, 0.92446828)
(357572, 0.92446828)
(78975, 0.92446828)
(257378, 0.92446828)
(365242, 0.92446828)
(367073, 0.92446828)
(160082, 0.92446828)
(10131, 0.92446828)
(291609, 0.92446828)
(244618, 0.92446828)
(225220, 0.9244682)
(224875, 0.9244682)
(58218, 0.9244682)
(207538, 0.9244682)
(254494, 0.9244682)
(190140, 0.9244682)
(303784, 0.9244682)
(105372, 0.9244682)
(235893, 0.9244682)
(57171, 0.9244682)
(183093, 0.9244682)
(217324, 0.9244682)
(316315, 0.9244682)
(339939, 0.92446812)
(393871, 0.92446812)
(3959, 0.92446812)
(13678, 0.92446812)
(123861, 0.92446812)
(56806, 0.92446812)
(131415, 0.92446812)
(11474, 0.92446812)
(414732, 0.92446132)
(163511, 0.92446132)
(307769, 0.92446132)
(401972, 0.92446124)
(238846, 0.92446124)
(236773, 0.92446124)
(258776, 0.92446124)
(325466, 0.92446124)
(310929, 0.92446124)
(114595, 0.92446116)
(210835, 0.92446116)
(230775, 0.92446116)
(156966, 0.92446116)
(11576, 0.92446116)
(379857, 0.92446116)
(394626, 0.92446116)
(309246, 0.92446116)
(239361, 0.92446116)
(150049, 0.92446116)
(412600, 0.92446107)
(256246, 0.92445444)
(48513, 0.92445444)
(108596, 0.92445436)
(205396, 0.92445436)
(271217, 0.92445428)
(223969, 0.92445428)
(313477, 0.92445428)
(216292, 0.92445428)
(153321, 0.92445428)
(183362, 0.92445428)
(6620, 0.9244542)
(267161, 0.9244542)
(393946, 0.9244542)
(51388, 0.9244542)
(44491, 0.9244542)
(157651, 0.9244542)
(58595, 0.9244542)
(36854, 0.9244542)
(222019, 0.9244542)
(374431, 0.9244542)
(271099, 0.9244542)
(79046, 0.92445411)
(75017, 0.9244474)
(333736, 0.92444732)
(102461, 0.92444732)
(310063, 0.92444732)
(193736, 0.92444732)
(413671, 0.92444732)
(240520, 0.92444732)
(349106, 0.92444723)
(50594, 0.92444723)
(316129, 0.92444723)
(24375, 0.92444723)
(398454, 0.92444723)
(106607, 0.92444715)
(306279, 0.92444715)
(142379, 0.92444715)
(267516, 0.92444715)
(319250, 0.92444715)
(367289, 0.92444715)
(254905, 0.92444036)
(399363, 0.92444027)
(136318, 0.92444027)
(111447, 0.92444019)
(17060, 0.92443331)
(316838, 0.92443323)
(373759, 0.92443323)
(192212, 0.92443323)
(212601, 0.92443323)
(380759, 0.92443315)
(21599, 0.92442627)
(129726, 0.92442618)
(147835, 0.92442618)
(378225, 0.92441939)
(276874, 0.92441922)
(356010, 0.92441922)
(341295, 0.92335463)
(93727, 0.92334071)
(30596, 0.92334071)
(354825, 0.92334071)
(382003, 0.92334063)
(196066, 0.92333375)
(10050, 0.92333375)
(337029, 0.92333375)
(12260, 0.92333366)
(68571, 0.92332679)
(286853, 0.92332679)
(293390, 0.92332679)
(391600, 0.92332679)
(292679, 0.92332679)
(271811, 0.92332679)
(98263, 0.9233267)
(246748, 0.9233267)
(144674, 0.9233267)
(272658, 0.9233267)
(159388, 0.9233267)
(301775, 0.9233267)
(330581, 0.9233267)
(182640, 0.92332662)
(69350, 0.92331982)
(23601, 0.92331982)
(243138, 0.92331982)
(296175, 0.92331982)
(247613, 0.92331982)
(69001, 0.92331982)
(151636, 0.92331982)
(118293, 0.92331982)
(199158, 0.92331982)
(396947, 0.92331974)
(324439, 0.92331974)
(54729, 0.92331974)
(231065, 0.92331974)
(100191, 0.92331974)
(64902, 0.92331974)
(235665, 0.92331974)
(53034, 0.92331974)
(193241, 0.92331974)
(375985, 0.92331966)
(295420, 0.92331966)
(50028, 0.92331966)
(135371, 0.92331966)
(53136, 0.92331966)
(79411, 0.92331966)
(277507, 0.92331286)
(13260, 0.92331286)
(411474, 0.92331286)
(157903, 0.92331286)
(65579, 0.92331286)
(51794, 0.92331286)
(53658, 0.92331278)
(161922, 0.92331278)
(161672, 0.92331278)
(27438, 0.92331278)
(305042, 0.92331278)
(28547, 0.92331278)
(297460, 0.92331278)
(47849, 0.92331278)
(371883, 0.92331278)
(261660, 0.92331278)
(255532, 0.92331278)
(169733, 0.92331278)
(203708, 0.92331278)
(194992, 0.9233127)
(137684, 0.9233127)
(290361, 0.9233127)
(57386, 0.9233127)
(194855, 0.9233127)
(267882, 0.9233127)
(391148, 0.9233127)
(257309, 0.92331261)
(167567, 0.92331261)
(112992, 0.92331261)
(144463, 0.92330582)
(110260, 0.92330582)
(413139, 0.92330582)
(223243, 0.92330582)
(81979, 0.92330582)
(380763, 0.92330582)
(369535, 0.92330582)
(346674, 0.92330582)
(209470, 0.92330574)
(12577, 0.92330574)
(314996, 0.92330574)
(265796, 0.92330574)
(345132, 0.92330574)
(36035, 0.92330574)
(333039, 0.92330574)
(94006, 0.92330574)
(20497, 0.92330574)
(332521, 0.92330574)
(176335, 0.92330574)
(26830, 0.92330574)
(45452, 0.92330574)
(281850, 0.92330574)
(217026, 0.92330574)
(121027, 0.92330565)
(299578, 0.92330565)
(280995, 0.92330565)
(75539, 0.92330565)
(73161, 0.92330565)
(112505, 0.92329894)
(197408, 0.92329894)
(198663, 0.92329886)
(185753, 0.92329886)
(52697, 0.92329886)
(95466, 0.92329886)
(21736, 0.92329886)
(127938, 0.92329878)
(355834, 0.92329878)
(137232, 0.92329878)
(238609, 0.92329878)
(21462, 0.92329878)
(121934, 0.92329878)
(360606, 0.92329878)
(98805, 0.92329878)
(149954, 0.92329878)
(394803, 0.92329878)
(123963, 0.92329878)
(173013, 0.92329869)
(392301, 0.92329869)
(383797, 0.92329869)
(92289, 0.92329869)
(335114, 0.92329869)
(371359, 0.92329869)
(342453, 0.92329869)
(378706, 0.92329869)
(300220, 0.92329869)
(159569, 0.92329869)
(332672, 0.92329869)
(13238, 0.92329869)
(21690, 0.92329861)
(27045, 0.92329861)
(200997, 0.92329861)
(184664, 0.92329861)
(62557, 0.9232919)
(411099, 0.9232919)
(382689, 0.9232919)
(1371, 0.9232919)
(264078, 0.9232919)
(162075, 0.92329181)
(212271, 0.92329181)
(212866, 0.92329181)
(91648, 0.92329181)
(274548, 0.92329181)
(369573, 0.92329181)
(176503, 0.92329181)
(318177, 0.92329173)
(91332, 0.92329173)
(326240, 0.92329173)
(215937, 0.92329173)
(227835, 0.92329173)
(389406, 0.92329173)
(337765, 0.92329173)
(113991, 0.92329173)
(372103, 0.92329173)
(140269, 0.92329173)
(140846, 0.92329173)
(116599, 0.92329173)
(5260, 0.92329173)
(135096, 0.92329165)
(56416, 0.92329165)
(90468, 0.92328485)
(39758, 0.92328485)
(183792, 0.92328477)
(272479, 0.92328477)
(282812, 0.92328477)
(142886, 0.92328477)
(106664, 0.92328477)
(338754, 0.92328469)
(358709, 0.92328469)
(274856, 0.92328469)
(259991, 0.92328469)
(157831, 0.92328469)
(191061, 0.92328469)
(29036, 0.92328469)
(277186, 0.92327781)
(255264, 0.92327781)
(141669, 0.92327781)
(363349, 0.92327781)
(302885, 0.92327781)
(228628, 0.92327773)
(91446, 0.92327773)
(144479, 0.92327773)
(155796, 0.92327773)
(241182, 0.92327773)
(301688, 0.92327764)
(139145, 0.92327085)
(181033, 0.92327076)
(288995, 0.92327076)
(375041, 0.92327076)
(20084, 0.92327076)
(325869, 0.92327076)
(73063, 0.92327068)
(224981, 0.92327068)
(338942, 0.92327068)
(324874, 0.92327068)
(167924, 0.9232638)
(345098, 0.9232638)
(272011, 0.9232638)
(368288, 0.9232638)
(284752, 0.9232638)
(47696, 0.9232638)
(301599, 0.9232638)
(29582, 0.9232638)
(367545, 0.92326372)
(201424, 0.92326372)
(25751, 0.92326372)
(50449, 0.92326372)
(35523, 0.92326364)
(296176, 0.92325684)
(202169, 0.92325684)
(408545, 0.92325684)
(99746, 0.92325684)
(254123, 0.92325668)
(211059, 0.92324988)
(252753, 0.9232498)
(407721, 0.9232498)
(324132, 0.9232498)
(273052, 0.92323579)
(223205, 0.92323579)
(311234, 0.92323571)
(146356, 0.92217816)
(392919, 0.9221712)
(179898, 0.9221712)
(105711, 0.92216424)
(404330, 0.92215728)
(159030, 0.92215728)
(366810, 0.92215728)
(111670, 0.92215719)
(274619, 0.92215719)
(347763, 0.92215032)
(80352, 0.92215032)
(18540, 0.92215023)
(67026, 0.92215023)
(176840, 0.92215023)
(155884, 0.92215015)
(183610, 0.92214335)
(96378, 0.92214335)
(398820, 0.92214335)
(250123, 0.92214335)
(41537, 0.92214335)
(171409, 0.92214327)
(288144, 0.92214327)
(75732, 0.92214319)
(128076, 0.92213639)
(66006, 0.92213639)
(83019, 0.92213631)
(340967, 0.92213631)
(40304, 0.92213631)
(253267, 0.92213631)
(8564, 0.92213631)
(221812, 0.92213623)
(372457, 0.92213623)
(419714, 0.92213623)
(364781, 0.92213623)
(250707, 0.92213623)
(222887, 0.92213623)
(226732, 0.92213623)
(48755, 0.92212935)
(378786, 0.92212935)
(214885, 0.92212935)
(202975, 0.92212935)
(361442, 0.92212927)
(65334, 0.92212927)
(238564, 0.92212927)
(317753, 0.92212927)
(391262, 0.92212927)
(262960, 0.92212918)
(388887, 0.92212247)
(198995, 0.92212239)
(359729, 0.92212239)
(188658, 0.92212239)
(331045, 0.92212239)
(402734, 0.92212239)
(233837, 0.9221223)
(46620, 0.9221223)
(103998, 0.9221223)
(143410, 0.9221223)
(20559, 0.9221223)
(96646, 0.9221223)
(76964, 0.9221223)
(305098, 0.9221223)
(394077, 0.9221223)
(115069, 0.9221223)
(381435, 0.9221223)
(297902, 0.9221223)
(84616, 0.9221223)
(383930, 0.92212222)
(58193, 0.92212222)
(3311, 0.92212222)
(92232, 0.92212222)
(236398, 0.92212222)
(292551, 0.92212222)
(330947, 0.92212222)
(25321, 0.92212222)
(416649, 0.92211543)
(228814, 0.92211543)
(357693, 0.92211543)
(388579, 0.92211534)
(365773, 0.92211534)
(139752, 0.92211534)
(363373, 0.92211534)
(197642, 0.92211534)
(203317, 0.92211534)
(289069, 0.92211534)
(108219, 0.92211534)
(80643, 0.92211534)
(322256, 0.92211534)
(189920, 0.92211534)
(413011, 0.92211534)
(377897, 0.92211526)
(375955, 0.92211526)
(90276, 0.92211526)
(17486, 0.92211526)
(296380, 0.92211526)
(60713, 0.92211526)
(320372, 0.92211526)
(7718, 0.92211518)
(76222, 0.92210838)
(346146, 0.92210838)
(384782, 0.92210838)
(335732, 0.92210838)
(418997, 0.92210838)
(96881, 0.92210838)
(357256, 0.92210838)
(279765, 0.9221083)
(324365, 0.9221083)
(169422, 0.9221083)
(90694, 0.9221083)
(418525, 0.9221083)
(110066, 0.9221083)
(72350, 0.9221083)
(195063, 0.9221083)
(296466, 0.9221083)
(72916, 0.9221083)
(371685, 0.9221083)
(76238, 0.92210822)
(266247, 0.92210822)
(206017, 0.92210822)
(244700, 0.92210822)
(300369, 0.92210822)
(242133, 0.92210822)
(105424, 0.92210822)
(360953, 0.9221015)
(396481, 0.9221015)
(44772, 0.92210142)
(197723, 0.92210142)
(192663, 0.92210142)
(30399, 0.92210142)
(254745, 0.92210142)
(203416, 0.92210134)
(3990, 0.92210134)
(59172, 0.92210134)
(186980, 0.92210134)
(107539, 0.92210134)
(76926, 0.92210134)
(210850, 0.92210134)
(374695, 0.92210134)
(199117, 0.92210134)
(386940, 0.92210134)
(131545, 0.92210134)
(73446, 0.92210134)
(186754, 0.92210125)
(353846, 0.92210125)
(123075, 0.92210125)
(319549, 0.92210125)
(122576, 0.92210125)
(106654, 0.92210125)
(254980, 0.92210125)
(351796, 0.92210125)
(60867, 0.92209446)
(399370, 0.92209438)
(198959, 0.92209438)
(387301, 0.92209438)
(361032, 0.92209438)
(146371, 0.92209429)
(321351, 0.92209429)
(21890, 0.92209429)
(28821, 0.92209429)
(237959, 0.92209429)
(146844, 0.92209429)
(374889, 0.92209429)
(280734, 0.92209429)
(3526, 0.92209429)
(382407, 0.92209429)
(322860, 0.92209421)
(242934, 0.92209421)
(377554, 0.92208741)
(327793, 0.92208741)
(335933, 0.92208733)
(357229, 0.92208733)
(363325, 0.92208733)
(152010, 0.92208733)
(26407, 0.92208733)
(280042, 0.92208725)
(245850, 0.92208725)
(231903, 0.92208725)
(321100, 0.92208717)
(357962, 0.92208717)
(127666, 0.92208717)
(179055, 0.92208045)
(143994, 0.92208037)
(303293, 0.92208037)
(88137, 0.92208029)
(90893, 0.92208029)
(32070, 0.92208029)
(206940, 0.9220802)
(19739, 0.9220802)
(378307, 0.9220802)
(334193, 0.92207333)
(380866, 0.92207324)
(348942, 0.92207324)
(351649, 0.92207324)
(148384, 0.92205932)
(269435, 0.92205228)
(236052, 0.92205228)
(79312, 0.92202427)
(354734, 0.92099473)
(103625, 0.92099473)
(295595, 0.92098777)
(291703, 0.92098777)
(362520, 0.92098081)
(112586, 0.92097385)
(245492, 0.92097385)
(47168, 0.92097376)
(94250, 0.92097376)
(81369, 0.92097376)
(227264, 0.92096688)
(315312, 0.9209668)
(360840, 0.9209668)
(99591, 0.9209668)
(185734, 0.9209668)
(1058, 0.9209668)
(21626, 0.92095992)
(395700, 0.92095984)
(99244, 0.92095984)
(342767, 0.92095984)
(76119, 0.92095984)
(35084, 0.92095984)
(207232, 0.92095976)
(311846, 0.92095976)
(64886, 0.92095976)
(65923, 0.92095296)
(65604, 0.92095296)
(345203, 0.92095288)
(282666, 0.92095288)
(251617, 0.9209528)
(40728, 0.9209528)
(244935, 0.9209528)
(52411, 0.92095271)
(162858, 0.92095271)
(318637, 0.92094592)
(222964, 0.92094592)
(381239, 0.92094583)
(56293, 0.92094583)
(201806, 0.92094583)
(339210, 0.92094583)
(116230, 0.92094583)
(153197, 0.92094583)
(384130, 0.92094575)
(370163, 0.92094575)
(83873, 0.92094575)
(102347, 0.92094575)
(106880, 0.92094575)
(35889, 0.92094575)
(373851, 0.92094567)
(318721, 0.92093896)
(21133, 0.92093896)
(410625, 0.92093887)
(169056, 0.92093887)
(26214, 0.92093887)
(120276, 0.92093887)
(33210, 0.92093887)
(178826, 0.92093879)
(25222, 0.92093879)
(378890, 0.92093879)
(124449, 0.92093879)
(404104, 0.92093879)
(216828, 0.92093879)
(120858, 0.92093879)
(116129, 0.92093879)
(23695, 0.92093879)
(361702, 0.92093879)
(386364, 0.92093879)
(360300, 0.92093871)
(80681, 0.92093871)
(297630, 0.92093199)
(365095, 0.92093191)
(98832, 0.92093191)
(417097, 0.92093191)
(119130, 0.92093191)
(130258, 0.92093191)
(250768, 0.92093183)
(218291, 0.92093183)
(384982, 0.92093183)
(307373, 0.92093183)
(200588, 0.92093183)
(228102, 0.92093183)
(114064, 0.92093183)
(94173, 0.92093183)
(338147, 0.92093183)
(374177, 0.92093183)
(292233, 0.92093175)
(341673, 0.92093175)
(417986, 0.92093175)
(407675, 0.92093175)
(168210, 0.92093166)
(40857, 0.92092495)
(212566, 0.92092495)
(300655, 0.92092487)
(315806, 0.92092487)
(152231, 0.92092487)
(407606, 0.92092487)
(19616, 0.92092487)
(42216, 0.92092487)
(236950, 0.92092487)
(340838, 0.92092487)
(168423, 0.92092478)
(398520, 0.92092478)
(50312, 0.92092478)
(88336, 0.92092478)
(397259, 0.9209247)
(229588, 0.92091807)
(2211, 0.92091799)
(74763, 0.92091791)
(66414, 0.92091791)
(385209, 0.92091791)
(250485, 0.92091791)
(182467, 0.92091782)
(239415, 0.92091782)
(86407, 0.92091782)
(297087, 0.92091782)
(317643, 0.92091782)
(165175, 0.92091782)
(45115, 0.92091782)
(72803, 0.92091782)
(92826, 0.92091774)
(376656, 0.92091094)
(117155, 0.92091086)
(228468, 0.92091086)
(4050, 0.92091086)
(33362, 0.92091086)
(285376, 0.92091086)
(314750, 0.92091086)
(360079, 0.92091086)
(409894, 0.92091086)
(270616, 0.92091086)
(212308, 0.92091078)
(27878, 0.92091078)
(82034, 0.92091078)
(8102, 0.92091078)
(272710, 0.9209107)
(119252, 0.9209039)
(295247, 0.9209039)
(97774, 0.92090382)
(135974, 0.92090382)
(198445, 0.92090373)
(42188, 0.92089686)
(322146, 0.92089686)
(309331, 0.92089669)
(77205, 0.92089669)
(12264, 0.92088998)
(187264, 0.92088981)
(111629, 0.92088973)
(183688, 0.92088293)
(337897, 0.92088277)
(76634, 0.92088277)
(380904, 0.92088277)
(140355, 0.92086884)
(381483, 0.92086188)
(237692, 0.9208618)
(79304, 0.91980425)
(46071, 0.91979729)
(166421, 0.91979041)
(69899, 0.91979041)
(225374, 0.91979033)
(158043, 0.91979033)
(260849, 0.91979033)
(324891, 0.91979033)
(208709, 0.91979025)
(58747, 0.91979025)
(229794, 0.91978345)
(343593, 0.91978345)
(184008, 0.91978337)
(353113, 0.91978337)
(214753, 0.91978337)
(227592, 0.91978337)
(322684, 0.91978337)
(139648, 0.91978329)
(361079, 0.91977649)
(51473, 0.91977641)
(311049, 0.91977641)
(105732, 0.91977632)
(54714, 0.91977632)
(136671, 0.91977632)
(366339, 0.91977632)
(89747, 0.91977632)
(23541, 0.91977624)
(95170, 0.91976945)
(128654, 0.91976945)
(56164, 0.91976945)
(10748, 0.91976945)
(159804, 0.91976936)
(262935, 0.91976936)
(40705, 0.91976936)
(125192, 0.91976936)
(270187, 0.91976936)
(267224, 0.91976928)
(328476, 0.91976928)
(117154, 0.91976248)
(328950, 0.9197624)
(172827, 0.9197624)
(124589, 0.9197624)
(370284, 0.9197624)
(288157, 0.91976232)
(81131, 0.91976232)
(18038, 0.91976232)
(216584, 0.91976232)
(102999, 0.91976232)
(153615, 0.91976232)
(82286, 0.91976232)
(297122, 0.91976232)
(318632, 0.91976232)
(29999, 0.91976232)
(138591, 0.91976232)
(278378, 0.91976224)
(347805, 0.91975561)
(339455, 0.91975552)
(302641, 0.91975544)
(90599, 0.91975544)
(28701, 0.91975536)
(43431, 0.91975536)
(226356, 0.91975536)
(18124, 0.91975536)
(365684, 0.91975536)
(34690, 0.91975536)
(166619, 0.91975536)
(154915, 0.91975527)
(126853, 0.91975527)
(2693, 0.91974848)
(288655, 0.91974848)
(243978, 0.91974848)
(290004, 0.9197484)
(284121, 0.9197484)
(269506, 0.9197484)
(126089, 0.9197484)
(176391, 0.9197484)
(52974, 0.9197484)
(216271, 0.9197484)
(73654, 0.9197484)
(259318, 0.9197484)
(371589, 0.9197484)
(38620, 0.9197484)
(86734, 0.91974831)
(148251, 0.91974831)
(55609, 0.91974831)
(356622, 0.91974831)
(52908, 0.91974823)
(298479, 0.91974823)
(5479, 0.91974152)
(396810, 0.91974152)
(398955, 0.91974144)
(233974, 0.91974144)
(141184, 0.91974144)
(340986, 0.91974144)
(222752, 0.91974144)
(211310, 0.91974144)
(225991, 0.91974135)
(367399, 0.91974135)
(306105, 0.91974135)
(63968, 0.91974127)
(212575, 0.91974127)
(244896, 0.91973447)
(323366, 0.91973447)
(107798, 0.91973447)
(242562, 0.91973439)
(395141, 0.91973439)
(302329, 0.91973439)
(288277, 0.91973431)
(843, 0.91972743)
(247024, 0.91972743)
(390145, 0.91972743)
(248785, 0.91972743)
(77314, 0.91972743)
(307689, 0.91972743)
(245704, 0.91972743)
(187909, 0.91972735)
(157970, 0.91972735)
(417622, 0.91972735)
(349722, 0.91972735)
(310833, 0.91972055)
(153092, 0.91972047)
(372265, 0.91972047)
(388007, 0.91972047)
(262634, 0.91972047)
(339293, 0.91972039)
(373799, 0.91972039)
(168909, 0.91972039)
(368123, 0.91972039)
(199497, 0.9197203)
(174435, 0.91972022)
(131273, 0.91972022)
(56418, 0.91971351)
(276447, 0.91971342)
(246398, 0.91971342)
(289195, 0.91971342)
(313199, 0.91971334)
(367674, 0.91971334)
(272949, 0.91970638)
(384150, 0.9197063)
(243264, 0.91969942)
(397200, 0.91969925)
(370442, 0.91862787)
(247290, 0.91862082)
(218323, 0.91861386)
(230994, 0.91861386)
(354025, 0.9186069)
(46446, 0.91860682)
(271168, 0.91860002)
(19125, 0.91859994)
(98839, 0.91859985)
(127270, 0.91859985)
(277661, 0.91859985)
(307661, 0.91859985)
(55501, 0.91859977)
(68033, 0.91859298)
(218754, 0.91859298)
(4899, 0.91859298)
(358437, 0.91859298)
(343571, 0.91859289)
(2136, 0.91859289)
(63636, 0.91859289)
(291895, 0.91859289)
(4646, 0.91859289)
(347537, 0.91859281)
(152280, 0.91859281)
(20787, 0.91858601)
(387737, 0.91858601)
(86633, 0.91858601)
(205935, 0.91858601)
(89243, 0.91858601)
(168897, 0.91858601)
(262566, 0.91858593)
(346128, 0.91858593)
(252554, 0.91858585)
(157169, 0.91858585)
(392346, 0.91858585)
(108453, 0.91858577)
(25342, 0.91858577)
(54348, 0.91857905)
(196623, 0.91857889)
(132506, 0.91857889)
(113744, 0.91857889)
(61761, 0.91857889)
(135965, 0.91857889)
(130312, 0.91857889)
(254739, 0.9185788)
(142885, 0.9185788)
(236, 0.91857209)
(240881, 0.91857201)
(418178, 0.91857201)
(305588, 0.91857201)
(399037, 0.91857193)
(332227, 0.91857193)
(27945, 0.91857193)
(178590, 0.91856505)
(325886, 0.91856505)
(26199, 0.91856496)
(336784, 0.91856496)
(90995, 0.91856496)
(378826, 0.91856488)
(72313, 0.91856488)
(30567, 0.91856488)
(318396, 0.91856488)
(202884, 0.91856488)
(197420, 0.9185648)
(337393, 0.91855792)
(284131, 0.91855792)
(254538, 0.91855792)
(216452, 0.91855792)
(128706, 0.91855792)
(59679, 0.91855792)
(389955, 0.91855784)
(386355, 0.91855784)
(209763, 0.91855784)
(380725, 0.91855775)
(353700, 0.91855104)
(150470, 0.91855096)
(384436, 0.91855096)
(141308, 0.91855088)
(171454, 0.91855088)
(160926, 0.91855088)
(90271, 0.91855088)
(229675, 0.91854408)
(414008, 0.91854408)
(278413, 0.91854391)
(52562, 0.91854391)
(234583, 0.91854391)
(291672, 0.91854383)
(418320, 0.91854375)
(113510, 0.91854375)
(209809, 0.91853704)
(297777, 0.91853704)
(146392, 0.91853704)
(128401, 0.91853695)
(17837, 0.91853687)
(372408, 0.91853679)
(200545, 0.91852991)
(136453, 0.91852991)
(208519, 0.91852991)
(327735, 0.9185159)
(141306, 0.91743043)
(359871, 0.91743043)
(49656, 0.91743034)
(83558, 0.91741642)
(138336, 0.91741642)
(89900, 0.91741634)
(235578, 0.91741634)
(78296, 0.91740954)
(278700, 0.91740954)
(227149, 0.91740954)
(192934, 0.91740946)
(222574, 0.91740946)
(57135, 0.91740946)
(49915, 0.91740946)
(321992, 0.91740938)
(47966, 0.91740938)
(108613, 0.91740938)
(283704, 0.91740938)
(92804, 0.9174025)
(322826, 0.9174025)
(64107, 0.91740242)
(102595, 0.91740242)
(281448, 0.91740242)
(318754, 0.91740233)
(412547, 0.91740233)
(43874, 0.91739554)
(57600, 0.91739546)
(332628, 0.91739546)
(390930, 0.91739546)
(384804, 0.91739537)
(159858, 0.91739537)
(373315, 0.91739537)
(41495, 0.91739537)
(225466, 0.91738858)
(203449, 0.91738849)
(22540, 0.91738849)
(167815, 0.91738849)
(400076, 0.91738849)
(303495, 0.91738849)
(262048, 0.91738849)
(391867, 0.91738849)
(419394, 0.91738841)
(151940, 0.91738841)
(106895, 0.91738841)
(203442, 0.91738841)
(334653, 0.91738841)
(5469, 0.91738841)
(82009, 0.91738833)
(250796, 0.91738825)
(378975, 0.91738162)
(322100, 0.91738153)
(171944, 0.91738153)
(99303, 0.91738145)
(27859, 0.91738145)
(82481, 0.91738145)
(173466, 0.91738137)
(186523, 0.91738137)
(418264, 0.91738137)
(87722, 0.91737457)
(265310, 0.91737457)
(341882, 0.91737449)
(11042, 0.91737441)
(58065, 0.91737441)
(102644, 0.91737432)
(40584, 0.91736753)
(131308, 0.91736753)
(405307, 0.91736744)
(85477, 0.91736744)
(147585, 0.91736736)
(199788, 0.91736736)
(119589, 0.91736736)
(290979, 0.91736057)
(317894, 0.91736048)
(111565, 0.91735352)
(229275, 0.91735352)
(61689, 0.91735336)
(277670, 0.91733952)
(159067, 0.91733943)
(442, 0.91733935)
(280506, 0.91733247)
(411493, 0.91733247)
(44882, 0.91733247)
(176861, 0.91627492)
(340700, 0.91624691)
(241779, 0.91624012)
(238272, 0.91623307)
(402909, 0.91623299)
(37776, 0.91622611)
(39955, 0.91622595)
(332108, 0.91622586)
(386645, 0.91622586)
(318618, 0.91622586)
(126032, 0.91621898)
(295890, 0.9162189)
(290535, 0.9162189)
(177222, 0.91621211)
(118880, 0.91621211)
(396888, 0.91621211)
(165886, 0.91621211)
(416697, 0.91621202)
(244890, 0.91621202)
(67606, 0.91621202)
(387230, 0.91621202)
(19297, 0.91621194)
(196795, 0.91621194)
(333495, 0.91621186)
(156431, 0.91620506)
(199443, 0.91620506)
(354972, 0.91620498)
(84746, 0.91620498)
(303557, 0.9162049)
(95978, 0.9162049)
(41805, 0.9162049)
(223333, 0.91620481)
(259933, 0.91619802)
(118972, 0.91619802)
(264767, 0.91619802)
(49990, 0.91619802)
(71040, 0.91619793)
(251942, 0.91619793)
(416189, 0.91619106)
(33311, 0.91619106)
(26253, 0.91619106)
(111087, 0.91619097)
(386086, 0.91619081)
(60858, 0.91618418)
(197186, 0.91618409)
(35611, 0.91618401)
(226095, 0.91618393)
(204739, 0.91618393)
(282293, 0.91617697)
(321122, 0.91617009)
(205545, 0.91617001)
(323108, 0.91616992)
(330225, 0.91616305)
(10169, 0.91616296)
(63159, 0.91616288)
(338652, 0.91615592)
(150256, 0.91615584)
(412461, 0.91614208)
(73125, 0.91613503)
(161286, 0.91509141)
(211863, 0.91507044)
(412861, 0.91507044)
(25861, 0.91506348)
(152238, 0.91505652)
(177533, 0.91505652)
(385633, 0.91504948)
(142770, 0.91504948)
(92230, 0.91504939)
(38250, 0.9150426)
(95551, 0.91504251)
(38760, 0.91504251)
(360956, 0.91503555)
(215837, 0.91503555)
(97830, 0.91503555)
(94888, 0.91503547)
(402323, 0.91503547)
(415390, 0.91502859)
(59088, 0.91502859)
(217763, 0.91502859)
(10779, 0.91502859)
(397801, 0.91502851)
(232450, 0.91502851)
(417023, 0.91502843)
(233100, 0.91502834)
(308416, 0.91502155)
(231983, 0.91502146)
(24031, 0.91502146)
(195265, 0.91501459)
(372196, 0.91501459)
(323994, 0.91501442)
(196179, 0.91500754)
(225853, 0.9150005)
(399195, 0.91499354)
(357949, 0.91498649)
(105118, 0.91497249)
(255404, 0.91497249)
(401608, 0.9149516)
(340021, 0.91388013)
(382967, 0.91387997)
(317386, 0.91387309)
(384506, 0.913873)
(177502, 0.91386604)
(390000, 0.91386596)
(189871, 0.91386596)
(58482, 0.91385908)
(151754, 0.91385883)
(131793, 0.91385212)
(99786, 0.91385212)
(292166, 0.91385212)
(206382, 0.91385204)
(244649, 0.91384508)
(175052, 0.91384499)
(44070, 0.91383812)
(265025, 0.91383795)
(5393, 0.91383115)
(56271, 0.91382411)
(274695, 0.91382403)
(275469, 0.91381707)
(161489, 0.91380994)
(52382, 0.91380994)
(400262, 0.91380298)
(190620, 0.91378914)
(81954, 0.91376817)
(405605, 0.91272446)
(193257, 0.91269653)
(401663, 0.91268949)
(323446, 0.91268261)
(132448, 0.91268245)
(140599, 0.91267557)
(417885, 0.91267557)
(244953, 0.91267548)
(149978, 0.91266869)
(50452, 0.91266852)
(183967, 0.91266173)
(352886, 0.91266173)
(404744, 0.91266156)
(165912, 0.91265452)
(263227, 0.91265443)
(276568, 0.91264764)
(328094, 0.91152703)
(302586, 0.9115131)
(403437, 0.91150622)
(308635, 0.91150614)
(267184, 0.91150614)
(371755, 0.91150598)
(69500, 0.9114991)
(228902, 0.91149214)
(117850, 0.91147821)
(230818, 0.91147805)
(317112, 0.91147117)
(35950, 0.91033671)
(351219, 0.91032967)
(164585, 0.91032263)
(173377, 0.91029461)
(186496, 0.91025268)
(70344, 0.90913919)
(105261, 0.90912519)
(226257, 0.90797665)
(254825, 0.90796985)
