(135914, 0.94217816)
(13567, 0.94217816)
(143963, 0.94100865)
(156516, 0.94100169)
(270252, 0.94100169)
(296340, 0.94100169)
(333916, 0.94100169)
(168173, 0.94100169)
(67232, 0.94100169)
(138454, 0.94100169)
(166502, 0.94100169)
(82239, 0.94100169)
(148155, 0.94100169)
(63106, 0.94100169)
(191564, 0.94100169)
(259813, 0.94100169)
(19923, 0.94100169)
(74419, 0.94100169)
(296610, 0.94100169)
(331293, 0.94100169)
(272871, 0.94100169)
(143032, 0.94100169)
(220784, 0.94100169)
(363666, 0.94100169)
(172755, 0.94100169)
(263304, 0.94100169)
(67892, 0.94100169)
(369107, 0.94099473)
(221814, 0.94099473)
(307388, 0.94099473)
(314326, 0.94099473)
(37273, 0.94098769)
(285918, 0.94098769)
(53905, 0.94098769)
(395051, 0.94098769)
(6893, 0.94098769)
(123302, 0.93983218)
(47304, 0.93982522)
(149451, 0.93982522)
(220533, 0.93982522)
(121390, 0.93982522)
(67194, 0.93982522)
(76383, 0.93982522)
(7895, 0.93982522)
(112158, 0.93982522)
(25885, 0.93982522)
(130291, 0.93982522)
(291430, 0.93982522)
(212660, 0.93982522)
(190255, 0.93982522)
(306486, 0.93982522)
(93734, 0.93982522)
(112122, 0.93982522)
(349260, 0.93982522)
(260811, 0.93982522)
(391717, 0.93982522)
(334952, 0.93982522)
(253061, 0.93982522)
(84406, 0.93982522)
(239555, 0.93982522)
(267757, 0.93982522)
(389643, 0.93982522)
(316461, 0.93982522)
(322497, 0.93982522)
(39308, 0.93982522)
(362595, 0.93982522)
(234083, 0.93982522)
(223458, 0.93982522)
(325025, 0.93982522)
(214940, 0.93982522)
(116497, 0.93982522)
(54303, 0.93982522)
(34659, 0.93982522)
(128190, 0.93982522)
(261084, 0.93982522)
(251733, 0.93982522)
(149295, 0.93981826)
(117218, 0.93981826)
(215573, 0.93981826)
(15375, 0.93981826)
(248224, 0.93981826)
(318731, 0.93981826)
(326964, 0.93981826)
(401826, 0.93981826)
(250948, 0.93981826)
(297683, 0.93981826)
(85122, 0.93981826)
(292264, 0.93981826)
(357084, 0.93981826)
(283141, 0.93981826)
(386932, 0.93981826)
(242366, 0.93981826)
(146520, 0.93981121)
(279432, 0.93981121)
(247772, 0.93981121)
(338025, 0.93981121)
(110650, 0.93981121)
(382420, 0.93981121)
(7363, 0.93981121)
(341425, 0.93981121)
(35670, 0.93981121)
(310812, 0.93981121)
(309304, 0.93981121)
(338866, 0.93981121)
(379643, 0.93981121)
(257719, 0.93981121)
(96050, 0.93981121)
(159337, 0.93981121)
(184318, 0.93981121)
(35805, 0.93981121)
(346480, 0.93981121)
(147575, 0.93981121)
(393086, 0.93981121)
(44787, 0.93981121)
(184550, 0.93981121)
(33795, 0.93981121)
(365747, 0.93981121)
(148897, 0.93981121)
(330561, 0.93981121)
(369982, 0.93981121)
(373926, 0.93980425)
(340478, 0.93980425)
(335905, 0.93980425)
(19064, 0.93980425)
(370457, 0.93980425)
(394537, 0.93864875)
(112687, 0.93864875)
(34644, 0.93864875)
(284866, 0.93864875)
(340146, 0.93864875)
(217714, 0.93864875)
(176110, 0.93864875)
(379792, 0.93864875)
(247093, 0.93864875)
(382594, 0.93864875)
(150964, 0.93864875)
(374661, 0.93864875)
(51111, 0.93864875)
(140409, 0.93864875)
(214172, 0.93864875)
(116402, 0.93864875)
(19239, 0.93864875)
(95756, 0.93864875)
(316379, 0.93864875)
(243979, 0.93864875)
(23894, 0.93864875)
(77851, 0.93864875)
(371389, 0.93864875)
(152668, 0.93864875)
(110990, 0.93864875)
(258547, 0.93864875)
(130156, 0.93864875)
(154347, 0.93864875)
(279779, 0.93864875)
(98208, 0.93864875)
(105181, 0.93864875)
(415170, 0.93864875)
(300163, 0.93864875)
(395544, 0.93864875)
(56667, 0.93864875)
(266565, 0.93864875)
(294169, 0.93864875)
(344279, 0.93864875)
(359587, 0.93864875)
(326237, 0.93864875)
(64973, 0.93864875)
(261669, 0.93864875)
(167678, 0.93864875)
(69079, 0.93864179)
(159537, 0.93864179)
(354223, 0.93864179)
(274946, 0.93864179)
(161450, 0.93864179)
(185792, 0.93864179)
(416442, 0.93864179)
(176690, 0.93864179)
(87852, 0.93864179)
(392315, 0.93864179)
(210674, 0.93864179)
(51306, 0.93864179)
(54439, 0.93864179)
(211157, 0.93864179)
(412313, 0.93864179)
(63519, 0.93864179)
(169193, 0.93864179)
(190972, 0.93864179)
(408114, 0.93864179)
(81510, 0.93864179)
(184393, 0.93864179)
(254637, 0.93864179)
(294904, 0.93864179)
(152188, 0.93864179)
(334762, 0.93864179)
(371789, 0.93864179)
(162284, 0.93864171)
(297576, 0.93864171)
(282717, 0.93864171)
(287824, 0.93863483)
(191381, 0.93863483)
(123327, 0.93863483)
(59780, 0.93863483)
(296922, 0.93863483)
(366874, 0.93863483)
(157295, 0.93863483)
(114511, 0.93863483)
(157058, 0.93863474)
(292375, 0.93863474)
(396178, 0.93863474)
(405883, 0.93863474)
(272932, 0.93863474)
(54018, 0.93863474)
(340418, 0.93863474)
(402035, 0.93863474)
(92507, 0.93863474)
(158791, 0.93863474)
(88333, 0.93863474)
(157040, 0.93863474)
(333042, 0.93863474)
(249692, 0.93863474)
(205713, 0.93863474)
(5572, 0.93863474)
(28692, 0.93863474)
(234068, 0.93863474)
(253676, 0.93863474)
(164680, 0.93863474)
(280570, 0.93863474)
(294473, 0.93863474)
(224518, 0.93863474)
(198610, 0.93863474)
(375550, 0.93863474)
(367627, 0.93863474)
(94414, 0.93863474)
(12045, 0.93863474)
(50108, 0.93863474)
(282271, 0.93863474)
(208002, 0.93863474)
(40961, 0.93863474)
(377142, 0.93863474)
(345704, 0.93863474)
(137245, 0.93863474)
(380970, 0.93863474)
(355773, 0.93863474)
(63934, 0.93863474)
(188578, 0.93863474)
(39750, 0.93863474)
(384554, 0.93863474)
(247248, 0.93863474)
(98184, 0.93863474)
(317550, 0.93863474)
(388249, 0.93863474)
(392113, 0.93863474)
(79603, 0.93863474)
(255882, 0.93863474)
(145502, 0.93863474)
(358956, 0.93863474)
(115190, 0.93863474)
(334780, 0.93863474)
(157162, 0.93863474)
(357740, 0.93863474)
(316040, 0.93863474)
(339879, 0.93863474)
(343333, 0.93863474)
(171173, 0.93863474)
(81693, 0.93863474)
(17513, 0.93863474)
(364068, 0.93863474)
(148939, 0.93863474)
(295667, 0.93863474)
(412943, 0.93863474)
(395289, 0.93863474)
(61116, 0.93863474)
(190046, 0.93863474)
(400780, 0.93863474)
(212556, 0.93863474)
(23055, 0.93863474)
(180556, 0.93863474)
(274285, 0.93863474)
(187840, 0.93863474)
(194670, 0.93863474)
(167673, 0.93863474)
(292089, 0.93863474)
(207151, 0.93863474)
(48002, 0.93863474)
(263568, 0.93863474)
(255600, 0.93863474)
(205433, 0.93862778)
(352275, 0.93862778)
(39167, 0.93862778)
(239896, 0.93862778)
(159952, 0.93862778)
(120502, 0.93862778)
(291856, 0.93862778)
(360527, 0.93862778)
(395977, 0.93862778)
(110353, 0.93862778)
(308956, 0.93862778)
(101678, 0.93862778)
(30584, 0.93862778)
(292246, 0.93862778)
(332620, 0.93862778)
(106296, 0.93862778)
(100375, 0.93862778)
(77633, 0.93862778)
(20428, 0.93862074)
(371107, 0.93862074)
(321984, 0.93862074)
(195369, 0.93862074)
(92895, 0.93862074)
(281745, 0.93862074)
(327881, 0.93862074)
(341607, 0.93861378)
(278793, 0.93747228)
(55776, 0.93747228)
(338001, 0.93747228)
(212624, 0.93747228)
(378431, 0.93747228)
(206490, 0.93747228)
(216871, 0.93747228)
(395312, 0.93747228)
(413225, 0.93747228)
(76291, 0.93747228)
(291968, 0.93747228)
(413035, 0.93747228)
(194979, 0.93747228)
(268236, 0.93747228)
(401383, 0.93747228)
(45137, 0.93747228)
(182651, 0.93747228)
(145642, 0.93747228)
(40182, 0.93747228)
(270491, 0.93747228)
(286339, 0.93747228)
(128754, 0.93747228)
(169729, 0.93747228)
(56679, 0.93747228)
(393044, 0.93747228)
(184960, 0.93747228)
(249470, 0.93747228)
(388466, 0.93747228)
(51715, 0.93747228)
(186207, 0.93747228)
(335214, 0.93747228)
(186200, 0.93747228)
(63630, 0.93747228)
(179603, 0.93747228)
(182329, 0.93747228)
(71905, 0.93747228)
(102252, 0.93746532)
(79383, 0.93746532)
(243947, 0.93746532)
(102257, 0.93746532)
(400305, 0.93746532)
(201300, 0.93746532)
(121636, 0.93746532)
(66011, 0.93746532)
(195925, 0.93746532)
(409651, 0.93746532)
(218057, 0.93746532)
(120121, 0.93746532)
(21117, 0.93746532)
(403598, 0.93746532)
(374406, 0.93746532)
(249541, 0.93746532)
(107861, 0.93746532)
(314484, 0.93746532)
(180369, 0.93746532)
(370005, 0.93746532)
(37799, 0.93746532)
(79091, 0.93746532)
(78583, 0.93746532)
(378577, 0.93746532)
(48042, 0.93746532)
(290094, 0.93746532)
(212000, 0.93746532)
(244227, 0.93746532)
(165015, 0.93746532)
(162941, 0.93746532)
(54308, 0.93746532)
(352146, 0.93746532)
(259770, 0.93746532)
(110940, 0.93746532)
(19901, 0.93746532)
(44851, 0.93746532)
(318819, 0.93746532)
(64405, 0.93746532)
(312544, 0.93746532)
(397077, 0.93746532)
(217300, 0.93746532)
(155274, 0.93746523)
(237373, 0.93745836)
(124972, 0.93745836)
(368653, 0.93745836)
(153518, 0.93745836)
(218976, 0.93745836)
(336407, 0.93745836)
(260208, 0.93745836)
(156974, 0.93745836)
(330214, 0.93745836)
(194050, 0.93745836)
(155403, 0.93745827)
(216787, 0.93745827)
(193634, 0.93745827)
(100310, 0.93745827)
(25313, 0.93745827)
(210474, 0.93745827)
(76173, 0.93745827)
(274837, 0.93745827)
(200790, 0.93745827)
(51310, 0.93745827)
(26983, 0.93745827)
(240706, 0.93745827)
(416478, 0.93745827)
(100821, 0.93745827)
(371045, 0.93745827)
(151745, 0.93745827)
(73916, 0.93745827)
(314785, 0.93745827)
(157944, 0.93745827)
(158008, 0.93745827)
(92017, 0.93745827)
(146048, 0.93745827)
(323050, 0.93745827)
(401507, 0.93745827)
(336440, 0.93745827)
(49140, 0.93745827)
(252667, 0.93745827)
(247393, 0.93745827)
(284276, 0.93745827)
(207570, 0.93745827)
(289769, 0.93745827)
(322639, 0.93745827)
(280787, 0.93745827)
(346223, 0.93745827)
(43274, 0.93745827)
(73951, 0.93745827)
(5349, 0.93745827)
(45617, 0.93745827)
(378062, 0.93745827)
(180008, 0.93745827)
(148683, 0.93745827)
(377202, 0.93745827)
(249481, 0.93745827)
(148592, 0.93745827)
(297592, 0.93745827)
(163639, 0.93745827)
(200434, 0.93745827)
(15144, 0.93745827)
(320708, 0.93745827)
(97067, 0.93745827)
(250930, 0.93745827)
(336687, 0.93745827)
(232030, 0.93745827)
(403031, 0.93745827)
(265149, 0.93745827)
(312687, 0.93745827)
(130710, 0.93745827)
(356577, 0.93745827)
(290932, 0.93745827)
(110166, 0.93745827)
(94000, 0.93745827)
(331512, 0.93745827)
(113195, 0.93745827)
(410295, 0.93745827)
(287443, 0.93745827)
(73933, 0.93745827)
(288468, 0.93745827)
(359164, 0.93745827)
(110744, 0.93745827)
(352465, 0.93745827)
(159656, 0.93745827)
(252186, 0.93745827)
(291220, 0.93745827)
(45508, 0.93745827)
(109570, 0.93745827)
(304689, 0.93745827)
(47588, 0.93745827)
(126073, 0.93745827)
(280434, 0.93745827)
(48151, 0.93745827)
(358943, 0.93745827)
(394026, 0.93745827)
(177195, 0.93745827)
(379403, 0.93745827)
(398032, 0.93745827)
(93220, 0.93745827)
(364788, 0.93745139)
(414060, 0.93745139)
(114455, 0.93745139)
(323112, 0.93745139)
(67917, 0.93745131)
(402710, 0.93745131)
(188281, 0.93745131)
(59451, 0.93745131)
(99930, 0.93745131)
(299304, 0.93745131)
(79749, 0.93745131)
(351972, 0.93745131)
(67954, 0.93745131)
(161699, 0.93745131)
(304511, 0.93745131)
(361511, 0.93745131)
(44436, 0.93745131)
(286395, 0.93745131)
(67227, 0.93745131)
(107328, 0.93745131)
(97129, 0.93745131)
(158305, 0.93745131)
(403899, 0.93745131)
(21915, 0.93745131)
(283800, 0.93745131)
(379261, 0.93745131)
(306460, 0.93745131)
(109520, 0.93745131)
(29778, 0.93745131)
(217152, 0.93745131)
(247797, 0.93745131)
(24708, 0.93745131)
(256827, 0.93745131)
(208188, 0.93745131)
(208863, 0.93745131)
(166085, 0.93745131)
(212746, 0.93745131)
(90481, 0.93745123)
(24187, 0.93744435)
(32701, 0.93744435)
(188259, 0.93744435)
(125123, 0.93744435)
(185309, 0.93744435)
(76538, 0.93744435)
(115047, 0.93744435)
(73927, 0.93744435)
(233931, 0.93744435)
(141921, 0.93744427)
(242217, 0.93744427)
(362938, 0.93744427)
(86058, 0.93744427)
(173226, 0.93744427)
(343800, 0.93744427)
(238208, 0.93744427)
(156112, 0.93744427)
(333446, 0.93744427)
(124899, 0.93744427)
(188630, 0.93744427)
(170854, 0.93744427)
(273918, 0.93744427)
(135001, 0.93744427)
(231355, 0.93744427)
(101034, 0.93744427)
(377480, 0.93744427)
(158795, 0.93744427)
(372756, 0.93744427)
(156231, 0.93744427)
(363914, 0.93744427)
(351606, 0.93744427)
(84582, 0.93744427)
(45516, 0.93744427)
(94792, 0.93744427)
(257618, 0.93744427)
(17101, 0.93744427)
(308736, 0.93744427)
(182452, 0.93744427)
(50645, 0.93744427)
(177828, 0.93744427)
(251610, 0.93744427)
(38800, 0.93744427)
(203348, 0.93744427)
(49284, 0.93744427)
(245454, 0.93743739)
(179990, 0.93743739)
(27356, 0.93743731)
(155228, 0.93743731)
(115722, 0.93743731)
(310135, 0.93743731)
(117252, 0.93743731)
(156565, 0.93743731)
(89928, 0.93743731)
(64992, 0.93743731)
(193723, 0.9374233)
(138523, 0.9374233)
(196871, 0.93629581)
(2078, 0.93629581)
(9145, 0.93629581)
(126179, 0.93629581)
(357871, 0.93629581)
(375892, 0.93629581)
(182054, 0.93629581)
(394372, 0.93629581)
(289374, 0.93629581)
(378762, 0.93629581)
(87602, 0.93629581)
(164765, 0.93629581)
(331233, 0.93629581)
(60025, 0.93629581)
(69798, 0.93629581)
(8076, 0.93629581)
(96920, 0.93629581)
(202139, 0.93629581)
(120751, 0.93629581)
(364014, 0.93629581)
(48163, 0.93629581)
(170443, 0.93629581)
(341372, 0.93629581)
(51622, 0.93629581)
(129064, 0.93629581)
(394348, 0.93629581)
(385035, 0.93628885)
(50344, 0.93628885)
(362920, 0.93628885)
(390272, 0.93628885)
(110356, 0.93628885)
(184075, 0.93628885)
(96330, 0.93628885)
(270235, 0.93628885)
(109381, 0.93628885)
(20878, 0.93628885)
(56212, 0.93628885)
(87121, 0.93628885)
(393105, 0.93628885)
(257446, 0.93628885)
(412707, 0.93628885)
(90019, 0.93628885)
(169116, 0.93628885)
(411906, 0.93628885)
(79479, 0.93628885)
(10187, 0.93628885)
(291809, 0.93628885)
(162689, 0.93628885)
(406080, 0.93628885)
(181933, 0.93628885)
(418426, 0.93628885)
(26895, 0.93628885)
(48844, 0.93628885)
(222667, 0.93628885)
(376770, 0.93628885)
(158540, 0.93628885)
(186820, 0.93628876)
(18161, 0.93628189)
(300067, 0.93628189)
(36949, 0.93628189)
(401717, 0.93628189)
(313649, 0.93628189)
(60356, 0.93628189)
(210800, 0.93628189)
(99668, 0.93628189)
(254102, 0.93628189)
(256691, 0.93628189)
(412624, 0.93628189)
(100575, 0.93628189)
(251092, 0.93628189)
(265884, 0.9362818)
(311015, 0.9362818)
(286882, 0.9362818)
(320481, 0.9362818)
(260715, 0.9362818)
(299649, 0.9362818)
(349901, 0.9362818)
(158765, 0.9362818)
(279030, 0.9362818)
(24180, 0.9362818)
(83775, 0.9362818)
(131716, 0.9362818)
(354490, 0.9362818)
(358193, 0.9362818)
(158690, 0.9362818)
(191646, 0.9362818)
(337463, 0.9362818)
(242042, 0.9362818)
(210445, 0.9362818)
(309540, 0.9362818)
(33273, 0.9362818)
(383349, 0.9362818)
(370636, 0.9362818)
(345909, 0.9362818)
(267204, 0.9362818)
(116080, 0.9362818)
(339220, 0.9362818)
(105459, 0.9362818)
(250280, 0.9362818)
(321535, 0.9362818)
(110969, 0.9362818)
(275244, 0.9362818)
(371347, 0.9362818)
(340014, 0.9362818)
(19301, 0.9362818)
(215532, 0.9362818)
(64198, 0.9362818)
(270343, 0.9362818)
(410737, 0.9362818)
(412326, 0.9362818)
(30633, 0.9362818)
(96732, 0.9362818)
(185050, 0.9362818)
(93384, 0.9362818)
(295004, 0.9362818)
(244066, 0.9362818)
(309125, 0.9362818)
(332677, 0.9362818)
(39517, 0.9362818)
(258438, 0.9362818)
(248542, 0.9362818)
(401714, 0.9362818)
(234801, 0.9362818)
(10309, 0.9362818)
(167920, 0.9362818)
(165342, 0.9362818)
(279483, 0.9362818)
(345780, 0.9362818)
(224202, 0.9362818)
(112352, 0.9362818)
(379091, 0.9362818)
(154741, 0.9362818)
(196921, 0.9362818)
(277207, 0.9362818)
(12026, 0.9362818)
(49697, 0.9362818)
(171495, 0.9362818)
(330136, 0.9362818)
(328247, 0.93627492)
(48189, 0.93627492)
(85045, 0.93627492)
(55924, 0.93627492)
(207362, 0.93627492)
(110394, 0.93627492)
(6668, 0.93627492)
(388414, 0.93627492)
(65078, 0.93627484)
(76803, 0.93627484)
(88003, 0.93627484)
(356497, 0.93627484)
(226046, 0.93627484)
(202477, 0.93627484)
(376506, 0.93627484)
(407203, 0.93627484)
(276816, 0.93627484)
(56856, 0.93627484)
(76441, 0.93627484)
(112043, 0.93627484)
(417542, 0.93627484)
(315726, 0.93627484)
(294770, 0.93627484)
(142633, 0.93627484)
(297707, 0.93627484)
(41119, 0.93627484)
(318001, 0.93627484)
(171479, 0.93627484)
(334328, 0.93627484)
(344058, 0.93627484)
(292232, 0.93627484)
(416834, 0.93627484)
(73051, 0.93627484)
(395405, 0.93627484)
(248256, 0.93627484)
(377295, 0.93627484)
(338571, 0.93627484)
(304053, 0.93627484)
(206280, 0.93627484)
(187220, 0.93627484)
(305147, 0.93627484)
(30271, 0.93627484)
(407952, 0.93627484)
(26764, 0.93627484)
(180194, 0.93627484)
(180377, 0.93627484)
(347246, 0.93627484)
(83309, 0.93627484)
(81643, 0.93627484)
(232691, 0.93627484)
(118807, 0.93627484)
(145680, 0.93627484)
(181363, 0.93627484)
(118398, 0.93627484)
(385997, 0.93627484)
(137553, 0.93627484)
(98240, 0.93627484)
(32848, 0.93627484)
(252770, 0.93627484)
(359997, 0.93627484)
(286267, 0.93627484)
(57353, 0.93627484)
(334815, 0.93627484)
(391568, 0.93627484)
(208060, 0.93627484)
(356214, 0.93627484)
(165028, 0.93627484)
(235596, 0.93627484)
(344185, 0.93626796)
(233837, 0.93626788)
(146277, 0.93626788)
(406343, 0.93626788)
(150606, 0.93626788)
(92404, 0.93626788)
(48668, 0.93626788)
(41584, 0.93626788)
(160753, 0.93626788)
(23654, 0.93626788)
(239239, 0.93626788)
(265203, 0.93626788)
(116889, 0.93626788)
(94511, 0.93626788)
(223403, 0.93626788)
(15592, 0.93626788)
(62171, 0.93626788)
(71586, 0.93626788)
(321761, 0.93626788)
(59346, 0.93626788)
(31213, 0.93626788)
(333905, 0.93626788)
(10676, 0.93626788)
(94082, 0.93626788)
(7257, 0.93626788)
(143017, 0.93626788)
(154733, 0.9362678)
(405326, 0.9362678)
(262306, 0.9362678)
(203150, 0.9362678)
(336788, 0.9362678)
(374613, 0.9362678)
(375499, 0.9362678)
(183761, 0.9362678)
(187732, 0.9362678)
(354482, 0.9362678)
(205004, 0.9362678)
(114955, 0.9362678)
(362082, 0.9362678)
(343694, 0.9362678)
(406606, 0.9362678)
(343564, 0.9362678)
(391636, 0.9362678)
(272281, 0.9362678)
(15679, 0.9362678)
(352002, 0.9362678)
(3677, 0.9362678)
(393106, 0.9362678)
(187384, 0.9362678)
(246261, 0.9362678)
(263396, 0.9362678)
(340565, 0.9362678)
(326005, 0.9362678)
(320044, 0.9362678)
(257569, 0.9362678)
(298396, 0.9362678)
(267209, 0.9362678)
(321194, 0.9362678)
(3576, 0.9362678)
(113726, 0.9362678)
(341257, 0.9362678)
(301474, 0.9362678)
(283132, 0.9362678)
(20069, 0.93626092)
(59989, 0.93626092)
(378161, 0.93626092)
(161130, 0.93626092)
(197051, 0.93626092)
(243860, 0.93626084)
(175942, 0.93626084)
(300231, 0.93626084)
(56531, 0.93626084)
(306425, 0.93626084)
(87769, 0.93626084)
(304646, 0.93626084)
(41116, 0.93626084)
(114637, 0.93626084)
(117159, 0.93626084)
(130656, 0.93626084)
(353184, 0.93626084)
(305947, 0.93626084)
(400855, 0.93626084)
(218353, 0.93626084)
(102408, 0.93626084)
(114197, 0.93626084)
(379533, 0.93626084)
(124640, 0.93626084)
(85196, 0.93626084)
(36367, 0.93626084)
(337663, 0.93626084)
(120123, 0.93626084)
(168170, 0.93626084)
(350265, 0.93626084)
(258649, 0.93625387)
(338983, 0.93625387)
(288767, 0.93625387)
(317419, 0.93625379)
(390051, 0.93625379)
(67895, 0.93625379)
(260046, 0.93625379)
(221379, 0.93625379)
(11426, 0.93625379)
(193743, 0.93625379)
(153868, 0.93625379)
(127721, 0.93625379)
(280490, 0.93625379)
(55115, 0.93625379)
(354585, 0.93624683)
(17308, 0.93624683)
(171269, 0.93623979)
(292962, 0.93511934)
(42649, 0.93511934)
(270334, 0.93511934)
(117567, 0.93511934)
(128489, 0.93511934)
(10354, 0.93511934)
(300257, 0.93511934)
(82247, 0.93511934)
(124771, 0.93511934)
(152992, 0.93511934)
(357339, 0.93511934)
(192498, 0.93511934)
(36134, 0.93511934)
(232150, 0.93511934)
(213279, 0.93511934)
(257293, 0.93511934)
(258237, 0.93511934)
(256942, 0.93511934)
(346956, 0.93511934)
(4707, 0.93511934)
(156062, 0.93511238)
(294212, 0.93511238)
(245608, 0.93511238)
(126739, 0.93511238)
(392162, 0.93511238)
(11468, 0.93511238)
(408610, 0.93511238)
(225086, 0.93511238)
(259378, 0.93511238)
(146245, 0.93511238)
(221727, 0.93511238)
(66703, 0.93511238)
(302190, 0.93511238)
(313161, 0.93511238)
(394120, 0.93511238)
(368351, 0.93511238)
(108498, 0.93511238)
(312305, 0.93511238)
(409681, 0.93511238)
(356703, 0.93511238)
(161298, 0.93511238)
(113285, 0.93511238)
(412440, 0.93510541)
(30755, 0.93510541)
(417861, 0.93510541)
(320128, 0.93510541)
(372616, 0.93510541)
(147185, 0.93510541)
(324649, 0.93510541)
(143999, 0.93510541)
(98620, 0.93510541)
(23258, 0.93510541)
(44086, 0.93510541)
(66797, 0.93510541)
(55047, 0.93510541)
(235669, 0.93510541)
(32022, 0.93510533)
(227582, 0.93510533)
(254383, 0.93510533)
(2145, 0.93510533)
(408426, 0.93510533)
(139646, 0.93510533)
(297353, 0.93510533)
(94085, 0.93510533)
(377593, 0.93510533)
(140499, 0.93510533)
(384806, 0.93510533)
(296618, 0.93510533)
(395640, 0.93510533)
(89391, 0.93510533)
(122323, 0.93510533)
(237096, 0.93510533)
(220327, 0.93510533)
(317658, 0.93510533)
(157272, 0.93510533)
(315594, 0.93510533)
(101442, 0.93510533)
(172147, 0.93510533)
(148990, 0.93510533)
(273751, 0.93510533)
(200969, 0.93510533)
(52055, 0.93510533)
(34780, 0.93510533)
(406857, 0.93510533)
(172965, 0.93510533)
(23044, 0.93510533)
(189536, 0.93510533)
(409007, 0.93510533)
(117641, 0.93510533)
(401096, 0.93510533)
(192826, 0.93510533)
(106345, 0.93510533)
(305041, 0.93510533)
(364167, 0.93510533)
(108497, 0.93510533)
(273300, 0.93510533)
(315218, 0.93510533)
(33470, 0.93509845)
(206948, 0.93509845)
(226749, 0.93509845)
(113718, 0.93509845)
(33700, 0.93509845)
(165280, 0.93509845)
(304336, 0.93509845)
(193087, 0.93509845)
(368398, 0.93509845)
(52220, 0.93509837)
(405663, 0.93509837)
(390763, 0.93509837)
(340701, 0.93509837)
(60862, 0.93509837)
(36985, 0.93509837)
(21658, 0.93509837)
(417221, 0.93509837)
(186706, 0.93509837)
(326797, 0.93509837)
(187178, 0.93509837)
(264883, 0.93509837)
(38555, 0.93509837)
(5649, 0.93509837)
(125626, 0.93509837)
(43268, 0.93509837)
(220399, 0.93509837)
(225361, 0.93509837)
(100960, 0.93509837)
(95421, 0.93509837)
(294091, 0.93509837)
(78647, 0.93509837)
(412781, 0.93509837)
(381301, 0.93509837)
(245443, 0.93509837)
(379865, 0.93509837)
(296630, 0.93509837)
(225304, 0.93509837)
(42801, 0.93509837)
(315314, 0.93509837)
(15972, 0.93509837)
(288235, 0.93509837)
(334810, 0.93509837)
(186632, 0.93509837)
(19754, 0.93509837)
(13714, 0.93509837)
(70147, 0.93509837)
(17227, 0.93509837)
(286794, 0.93509837)
(108545, 0.93509837)
(326257, 0.93509837)
(170814, 0.93509837)
(157289, 0.93509837)
(156166, 0.93509837)
(239364, 0.93509837)
(14127, 0.93509837)
(412357, 0.93509837)
(367629, 0.93509837)
(104468, 0.93509837)
(57683, 0.93509837)
(234620, 0.93509837)
(347146, 0.93509837)
(46426, 0.93509837)
(284845, 0.93509837)
(154381, 0.93509837)
(304410, 0.93509837)
(144537, 0.93509837)
(150144, 0.93509837)
(50547, 0.93509837)
(409261, 0.93509837)
(26808, 0.93509837)
(258855, 0.93509837)
(240092, 0.93509837)
(84213, 0.93509149)
(284244, 0.93509149)
(62827, 0.93509141)
(329676, 0.93509141)
(274421, 0.93509141)
(80528, 0.93509141)
(39946, 0.93509141)
(359377, 0.93509141)
(227208, 0.93509141)
(321682, 0.93509141)
(376618, 0.93509141)
(104754, 0.93509141)
(221576, 0.93509141)
(81487, 0.93509141)
(417764, 0.93509141)
(208728, 0.93509141)
(77806, 0.93509141)
(161913, 0.93509141)
(274910, 0.93509141)
(171853, 0.93509141)
(267778, 0.93509141)
(64435, 0.93509141)
(216149, 0.93509141)
(229381, 0.93509141)
(390385, 0.93509141)
(356344, 0.93509141)
(109212, 0.93509141)
(338967, 0.93509141)
(361321, 0.93509141)
(303663, 0.93509141)
(211788, 0.93509141)
(308084, 0.93509141)
(179207, 0.93509133)
(136411, 0.93509133)
(250414, 0.93509133)
(194820, 0.93509133)
(92057, 0.93509133)
(336326, 0.93509133)
(55008, 0.93509133)
(229090, 0.93509133)
(262970, 0.93509133)
(131442, 0.93509133)
(66218, 0.93509133)
(206960, 0.93509133)
(294460, 0.93509133)
(180577, 0.93509133)
(282111, 0.93509133)
(58581, 0.93509133)
(191284, 0.93509133)
(416159, 0.93509133)
(349746, 0.93509133)
(288338, 0.93509133)
(12537, 0.93509133)
(55506, 0.93509133)
(262988, 0.93509133)
(143053, 0.93509133)
(197040, 0.93508445)
(31010, 0.93508445)
(36760, 0.93508445)
(3361, 0.93508445)
(130659, 0.93508445)
(235765, 0.93508445)
(63403, 0.93508445)
(58279, 0.93508445)
(230718, 0.93508445)
(61333, 0.93508445)
(379443, 0.93508445)
(285679, 0.93508445)
(22398, 0.93508445)
(335108, 0.93508445)
(188387, 0.93508437)
(250723, 0.93508437)
(360587, 0.93508437)
(184697, 0.93508437)
(31334, 0.93508437)
(153079, 0.93508437)
(233215, 0.93508437)
(179850, 0.93508437)
(205874, 0.93508437)
(240981, 0.93508437)
(412126, 0.93508437)
(105899, 0.93508437)
(32592, 0.93508437)
(257830, 0.93508437)
(166158, 0.93508437)
(317241, 0.93508437)
(108081, 0.93508437)
(78468, 0.93508437)
(230863, 0.93508437)
(317587, 0.93508437)
(350836, 0.93508437)
(340515, 0.93508437)
(234574, 0.93508437)
(144843, 0.93508437)
(379429, 0.93508437)
(139845, 0.93508437)
(56800, 0.93508437)
(401167, 0.93508437)
(378823, 0.93508437)
(258318, 0.93508437)
(275773, 0.93508437)
(384579, 0.93508437)
(267324, 0.93508437)
(396137, 0.93508437)
(418898, 0.93507749)
(138300, 0.9350774)
(68720, 0.9350774)
(65319, 0.9350774)
(413564, 0.9350774)
(234117, 0.9350774)
(94438, 0.9350774)
(325473, 0.9350774)
(153291, 0.9350774)
(17467, 0.93507732)
(328410, 0.93507732)
(192231, 0.93507732)
(350208, 0.93507732)
(270103, 0.93507732)
(294143, 0.93507732)
(273429, 0.93507732)
(328378, 0.93507732)
(299834, 0.93507732)
(47958, 0.93507732)
(328606, 0.93507732)
(9460, 0.93507732)
(43820, 0.93507732)
(144313, 0.93507044)
(258348, 0.93507044)
(409587, 0.93507044)
(7071, 0.93507044)
(292653, 0.93507044)
(311099, 0.93507036)
(210711, 0.93507036)
(220791, 0.93507036)
(98611, 0.93507036)
(86679, 0.93507036)
(98963, 0.93507036)
(146223, 0.93507036)
(334825, 0.93507036)
(45552, 0.93507036)
(29048, 0.93507036)
(123550, 0.93507036)
(92526, 0.93507036)
(350006, 0.93507036)
(268891, 0.93507036)
(384878, 0.93506348)
(246064, 0.9350634)
(190080, 0.9350634)
(221154, 0.9350634)
(344949, 0.9350634)
(53830, 0.93506332)
(401259, 0.93506332)
(81541, 0.93506332)
(376853, 0.93506332)
(406157, 0.93506332)
(381244, 0.93506332)
(120841, 0.93504939)
(190539, 0.93504243)
(403308, 0.93394287)
(179658, 0.93394287)
(383656, 0.93394287)
(73854, 0.93394287)
(74854, 0.93394287)
(340537, 0.93394287)
(100293, 0.93394287)
(387667, 0.93394287)
(229711, 0.93393591)
(152169, 0.93393591)
(217065, 0.93393591)
(272747, 0.93393591)
(88506, 0.93393591)
(189807, 0.93393591)
(328557, 0.93393591)
(328138, 0.93393591)
(309781, 0.93393591)
(126940, 0.93393591)
(530, 0.93393591)
(277504, 0.93393591)
(248711, 0.93393591)
(243444, 0.93393591)
(105243, 0.93393591)
(151615, 0.93393591)
(89921, 0.93393591)
(387042, 0.93393591)
(330140, 0.93393591)
(31041, 0.93393591)
(328107, 0.93393591)
(386968, 0.93393591)
(87087, 0.93392894)
(35604, 0.93392894)
(372932, 0.93392894)
(349621, 0.93392894)
(280844, 0.93392894)
(370990, 0.93392894)
(353236, 0.93392894)
(349202, 0.93392894)
(10682, 0.93392894)
(110260, 0.93392894)
(358230, 0.93392894)
(184224, 0.93392894)
(285001, 0.93392894)
(224576, 0.93392894)
(271148, 0.93392894)
(367109, 0.93392894)
(407032, 0.93392894)
(226987, 0.93392894)
(182561, 0.93392894)
(305839, 0.93392894)
(42584, 0.93392886)
(373637, 0.93392886)
(333946, 0.93392886)
(272861, 0.93392886)
(116096, 0.93392886)
(195129, 0.93392886)
(400715, 0.93392886)
(199163, 0.93392886)
(390626, 0.93392886)
(376430, 0.93392886)
(299183, 0.93392886)
(395851, 0.93392886)
(282239, 0.93392886)
(278633, 0.93392886)
(162259, 0.93392886)
(120874, 0.93392886)
(389574, 0.93392886)
(216093, 0.93392886)
(192710, 0.93392886)
(174190, 0.93392886)
(330094, 0.93392886)
(247350, 0.93392886)
(106350, 0.93392886)
(407326, 0.93392886)
(216611, 0.93392886)
(155466, 0.93392886)
(51162, 0.93392886)
(229029, 0.93392886)
(282647, 0.93392886)
(347227, 0.93392886)
(202835, 0.93392886)
(361949, 0.93392886)
(295139, 0.93392886)
(78524, 0.93392886)
(397330, 0.93392198)
(112299, 0.93392198)
(163490, 0.93392198)
(245501, 0.93392198)
(72127, 0.93392198)
(7769, 0.93392198)
(18835, 0.93392198)
(311445, 0.93392198)
(126175, 0.93392198)
(412873, 0.9339219)
(403433, 0.9339219)
(226211, 0.9339219)
(208043, 0.9339219)
(114223, 0.9339219)
(149009, 0.9339219)
(394577, 0.9339219)
(253874, 0.9339219)
(168906, 0.9339219)
(32530, 0.9339219)
(94561, 0.9339219)
(198343, 0.9339219)
(174906, 0.9339219)
(373010, 0.9339219)
(18294, 0.9339219)
(213261, 0.9339219)
(190452, 0.9339219)
(243, 0.9339219)
(168160, 0.9339219)
(4334, 0.9339219)
(180540, 0.9339219)
(133884, 0.9339219)
(279816, 0.9339219)
(204453, 0.9339219)
(354164, 0.9339219)
(49038, 0.9339219)
(399971, 0.9339219)
(105802, 0.9339219)
(135879, 0.9339219)
(14923, 0.9339219)
(333754, 0.9339219)
(239965, 0.9339219)
(336348, 0.9339219)
(402828, 0.9339219)
(220177, 0.9339219)
(131688, 0.9339219)
(16935, 0.9339219)
(146807, 0.9339219)
(81702, 0.9339219)
(284691, 0.9339219)
(225034, 0.93391502)
(256547, 0.93391494)
(191208, 0.93391494)
(365671, 0.93391494)
(369038, 0.93391494)
(150332, 0.93391494)
(8080, 0.93391494)
(389553, 0.93391494)
(255932, 0.93391494)
(284968, 0.93391494)
(264347, 0.93391494)
(351923, 0.93391494)
(177712, 0.93391494)
(97434, 0.93391494)
(105911, 0.93391494)
(109474, 0.93391494)
(324334, 0.93391494)
(244688, 0.93391494)
(69137, 0.93391494)
(110436, 0.93391494)
(3105, 0.93391494)
(247568, 0.93391494)
(50764, 0.93391494)
(255392, 0.93391494)
(76497, 0.93391494)
(103231, 0.93391494)
(7618, 0.93391494)
(180361, 0.93391494)
(408658, 0.93391494)
(260434, 0.93391494)
(158995, 0.93391494)
(171670, 0.93391494)
(221033, 0.93391494)
(245169, 0.93391494)
(220348, 0.93391494)
(136774, 0.93391494)
(10819, 0.93391494)
(349310, 0.93391494)
(193984, 0.93391494)
(122874, 0.93391494)
(401635, 0.93391494)
(386469, 0.93391486)
(251959, 0.93391486)
(372594, 0.93391486)
(221416, 0.93391486)
(375373, 0.93391486)
(417745, 0.93391486)
(294844, 0.93391486)
(167917, 0.93391486)
(223228, 0.93391486)
(168802, 0.93391486)
(201576, 0.93391486)
(274116, 0.93391486)
(167085, 0.93391486)
(287679, 0.93391486)
(15754, 0.93391486)
(251169, 0.93391486)
(218570, 0.93391486)
(79366, 0.93391486)
(105978, 0.93391486)
(9268, 0.93391486)
(225878, 0.93391486)
(662, 0.93391486)
(361706, 0.93391486)
(393901, 0.93391486)
(325770, 0.93391486)
(92825, 0.93391486)
(341143, 0.93391486)
(94902, 0.93391486)
(144543, 0.93391486)
(45873, 0.93391486)
(300220, 0.93391486)
(274646, 0.93391486)
(414443, 0.93391486)
(12171, 0.93391486)
(215746, 0.93390806)
(247613, 0.93390806)
(317041, 0.93390806)
(331234, 0.93390798)
(170686, 0.93390798)
(184197, 0.93390798)
(322198, 0.93390798)
(272640, 0.93390798)
(395494, 0.93390798)
(33071, 0.93390798)
(378276, 0.93390798)
(173038, 0.93390798)
(28474, 0.93390798)
(200295, 0.93390798)
(300345, 0.93390798)
(152567, 0.93390798)
(380301, 0.93390798)
(48031, 0.93390798)
(204009, 0.93390798)
(341829, 0.93390798)
(5475, 0.93390789)
(302725, 0.93390789)
(90668, 0.93390789)
(261507, 0.93390789)
(110348, 0.93390789)
(400736, 0.93390789)
(66240, 0.93390789)
(265658, 0.93390789)
(22936, 0.93390789)
(417557, 0.93390789)
(275100, 0.93390789)
(265581, 0.93390789)
(383046, 0.93390789)
(92781, 0.93390789)
(320619, 0.93390789)
(294529, 0.93390789)
(99356, 0.93390789)
(130793, 0.93390789)
(305884, 0.93390789)
(335587, 0.93390789)
(13289, 0.93390789)
(274436, 0.93390789)
(315621, 0.93390789)
(125962, 0.93390789)
(396977, 0.93390789)
(171683, 0.93390789)
(234941, 0.93390781)
(356178, 0.93390781)
(389941, 0.93390781)
(204665, 0.93390781)
(87386, 0.9339011)
(409823, 0.93390102)
(204791, 0.93390102)
(310466, 0.93390102)
(132211, 0.93390093)
(265300, 0.93390093)
(391409, 0.93390093)
(323673, 0.93390093)
(43154, 0.93390093)
(142446, 0.93390093)
(230022, 0.93390093)
(373214, 0.93390093)
(52209, 0.93390093)
(71161, 0.93390093)
(425, 0.93390093)
(77042, 0.93390093)
(96007, 0.93390093)
(301807, 0.93390093)
(37575, 0.93390093)
(249108, 0.93390093)
(224607, 0.93390093)
(18222, 0.93390093)
(184027, 0.93390093)
(319679, 0.93390093)
(105540, 0.93390093)
(63019, 0.93390093)
(387477, 0.93390093)
(244681, 0.93390085)
(318486, 0.93390085)
(79953, 0.93390085)
(64712, 0.93390085)
(419132, 0.93390085)
(94556, 0.93390085)
(257533, 0.93390085)
(138929, 0.93390085)
(150020, 0.93390085)
(327021, 0.93390085)
(21788, 0.93390085)
(287465, 0.93390085)
(411368, 0.93390085)
(164672, 0.93390085)
(18036, 0.93390085)
(189300, 0.93389405)
(79746, 0.93389397)
(250323, 0.93389397)
(304832, 0.93389397)
(25110, 0.93389397)
(313250, 0.93389389)
(74037, 0.93389389)
(251989, 0.93389389)
(368257, 0.93389389)
(92168, 0.93389389)
(310604, 0.93389389)
(152580, 0.93389389)
(240851, 0.93389389)
(271930, 0.93389389)
(311151, 0.93389389)
(69543, 0.93389389)
(346853, 0.93389389)
(319597, 0.93388701)
(380803, 0.93388701)
(335232, 0.93388693)
(309037, 0.93388693)
(305262, 0.93388693)
(309683, 0.93388693)
(3974, 0.93388693)
(344856, 0.93388693)
(227184, 0.93388684)
(355047, 0.93388684)
(158931, 0.93388684)
(309246, 0.93388684)
(183130, 0.93388684)
(413903, 0.93387997)
(350193, 0.93387988)
(73732, 0.93387988)
(175346, 0.93387988)
(153260, 0.93387988)
(384015, 0.933873)
(100716, 0.93387292)
(125132, 0.93387292)
(88551, 0.93387284)
(420085, 0.93386588)
(29187, 0.93385883)
(116630, 0.9327664)
(138996, 0.9327664)
(5123, 0.9327664)
(225118, 0.9327664)
(373341, 0.9327664)
(152334, 0.9327664)
(28999, 0.9327664)
(221345, 0.93275944)
(388834, 0.93275944)
(371490, 0.93275944)
(29613, 0.93275944)
(397806, 0.93275944)
(141263, 0.93275944)
(303580, 0.93275944)
(247274, 0.93275944)
(389414, 0.93275944)
(70475, 0.93275935)
(185866, 0.93275247)
(258618, 0.93275247)
(51034, 0.93275247)
(331374, 0.93275247)
(207645, 0.93275247)
(121549, 0.93275247)
(216401, 0.93275247)
(310824, 0.93275247)
(1533, 0.93275239)
(375735, 0.93275239)
(330870, 0.93275239)
(337060, 0.93275239)
(204947, 0.93275239)
(226428, 0.93275239)
(61170, 0.93275239)
(151646, 0.93275239)
(172739, 0.93275239)
(309096, 0.93275239)
(81433, 0.93275239)
(209346, 0.93275239)
(273947, 0.93275239)
(257896, 0.93275239)
(186406, 0.93275239)
(116168, 0.93275239)
(209527, 0.93275239)
(100817, 0.93275239)
(83702, 0.93275239)
(386489, 0.93275239)
(303729, 0.93275239)
(12161, 0.93275239)
(341589, 0.93275239)
(261526, 0.93274551)
(235658, 0.93274551)
(156027, 0.93274551)
(118843, 0.93274551)
(374795, 0.93274551)
(270329, 0.93274543)
(55818, 0.93274543)
(71883, 0.93274543)
(402151, 0.93274543)
(293650, 0.93274543)
(406439, 0.93274543)
(302387, 0.93274543)
(54290, 0.93274543)
(287464, 0.93274543)
(6196, 0.93274543)
(178829, 0.93274543)
(269739, 0.93274543)
(180924, 0.93274543)
(34665, 0.93274543)
(192470, 0.93274543)
(110152, 0.93274543)
(102217, 0.93274543)
(374924, 0.93274543)
(92834, 0.93274543)
(115714, 0.93274543)
(91630, 0.93274543)
(343444, 0.93274543)
(285442, 0.93274543)
(248786, 0.93274543)
(96216, 0.93274543)
(161013, 0.93274543)
(122811, 0.93274543)
(300011, 0.93274543)
(166665, 0.93274543)
(172583, 0.93274543)
(212249, 0.93274543)
(55591, 0.93273847)
(240610, 0.93273847)
(278332, 0.93273847)
(403709, 0.93273847)
(246114, 0.93273847)
(88180, 0.93273847)
(113179, 0.93273847)
(69494, 0.93273847)
(269787, 0.93273847)
(205243, 0.93273847)
(315444, 0.93273847)
(118416, 0.93273847)
(129860, 0.93273847)
(184971, 0.93273847)
(324296, 0.93273847)
(53111, 0.93273847)
(212314, 0.93273847)
(369542, 0.93273847)
(65141, 0.93273847)
(246692, 0.93273847)
(216908, 0.93273847)
(400231, 0.93273847)
(338938, 0.93273847)
(308883, 0.93273847)
(163098, 0.93273847)
(268953, 0.93273847)
(366198, 0.93273847)
(284051, 0.93273847)
(65672, 0.93273847)
(315389, 0.93273847)
(52537, 0.93273847)
(29858, 0.93273847)
(298291, 0.93273847)
(230567, 0.93273847)
(339550, 0.93273847)
(114325, 0.93273839)
(405749, 0.93273839)
(228340, 0.93273839)
(418408, 0.93273839)
(239430, 0.93273839)
(214558, 0.93273839)
(7505, 0.93273839)
(229477, 0.93273839)
(107770, 0.93273839)
(250731, 0.93273839)
(56726, 0.93273839)
(406274, 0.93273839)
(147826, 0.93273839)
(57446, 0.93273839)
(72939, 0.93273839)
(356574, 0.93273151)
(277186, 0.93273151)
(333465, 0.93273151)
(204031, 0.93273151)
(104684, 0.93273151)
(50374, 0.93273151)
(219994, 0.93273151)
(381228, 0.93273151)
(252876, 0.93273151)
(269146, 0.93273151)
(702, 0.93273151)
(190730, 0.93273151)
(231711, 0.93273151)
(60160, 0.93273151)
(287020, 0.93273151)
(179022, 0.93273151)
(328782, 0.93273151)
(335593, 0.93273151)
(216033, 0.93273151)
(240297, 0.93273151)
(224848, 0.93273142)
(172785, 0.93273142)
(266191, 0.93273142)
(171762, 0.93273142)
(5998, 0.93273142)
(396103, 0.93273142)
(279454, 0.93273142)
(85018, 0.93273142)
(92630, 0.93273142)
(178767, 0.93273142)
(160240, 0.93273142)
(2146, 0.93273142)
(53322, 0.93273142)
(298610, 0.93273142)
(314786, 0.93273142)
(271762, 0.93273142)
(399553, 0.93273142)
(4701, 0.93273142)
(71777, 0.93273142)
(191255, 0.93273142)
(319864, 0.93273142)
(181948, 0.93273142)
(312241, 0.93273142)
(103235, 0.93273142)
(250780, 0.93273142)
(160269, 0.93273142)
(242376, 0.93273142)
(105450, 0.93273142)
(348876, 0.93273142)
(412322, 0.93273142)
(172616, 0.93272455)
(194733, 0.93272455)
(116464, 0.93272455)
(7926, 0.93272455)
(261864, 0.93272455)
(91777, 0.93272455)
(79320, 0.93272455)
(197288, 0.93272455)
(209618, 0.93272455)
(343261, 0.93272455)
(248506, 0.93272446)
(180365, 0.93272446)
(26024, 0.93272446)
(77802, 0.93272446)
(132924, 0.93272446)
(381699, 0.93272446)
(164436, 0.93272446)
(40421, 0.93272446)
(84087, 0.93272446)
(332344, 0.93272446)
(198796, 0.93272446)
(106562, 0.93272446)
(100929, 0.93272446)
(305516, 0.93272446)
(391217, 0.93272446)
(160983, 0.93272446)
(230296, 0.93272446)
(177856, 0.93272446)
(351365, 0.93272446)
(297072, 0.93272438)
(334387, 0.93272438)
(411218, 0.93272438)
(51388, 0.93272438)
(58034, 0.93272438)
(301301, 0.93272438)
(79714, 0.93272438)
(44675, 0.93272438)
(197755, 0.93272438)
(8261, 0.93272438)
(309792, 0.93272438)
(228142, 0.93272438)
(288454, 0.93272438)
(165387, 0.93272438)
(278364, 0.93272438)
(333756, 0.93272438)
(322880, 0.93272438)
(118830, 0.93272438)
(86347, 0.93272438)
(380720, 0.93271758)
(167765, 0.9327175)
(346105, 0.9327175)
(383342, 0.9327175)
(65799, 0.9327175)
(378072, 0.9327175)
(232299, 0.9327175)
(170856, 0.9327175)
(43044, 0.93271742)
(10510, 0.93271742)
(379400, 0.93271742)
(218023, 0.93271742)
(90673, 0.93271742)
(102391, 0.93271742)
(260006, 0.93271742)
(8515, 0.93271742)
(246597, 0.93271742)
(405965, 0.93271742)
(89478, 0.93271054)
(392335, 0.93271054)
(297460, 0.93271054)
(87578, 0.93271054)
(290007, 0.93271054)
(68908, 0.93271054)
(312311, 0.93271046)
(223425, 0.93271046)
(116612, 0.93271046)
(21996, 0.93271046)
(54212, 0.93271046)
(114897, 0.93271046)
(156693, 0.93271046)
(398644, 0.93271046)
(310447, 0.93271046)
(394852, 0.93271046)
(267264, 0.93271046)
(13560, 0.93271046)
(217407, 0.93271046)
(241076, 0.93271046)
(415365, 0.93271046)
(95937, 0.93271046)
(269000, 0.93271037)
(300026, 0.93271037)
(394626, 0.93271037)
(89072, 0.93271037)
(139534, 0.93271037)
(29718, 0.93271037)
(234844, 0.93271037)
(203987, 0.93270358)
(203660, 0.9327035)
(363857, 0.9327035)
(345368, 0.9327035)
(49264, 0.9327035)
(392081, 0.9327035)
(84286, 0.93270341)
(121376, 0.93270341)
(280042, 0.93270341)
(350669, 0.93270341)
(383338, 0.93269645)
(391394, 0.93269645)
(331649, 0.93269645)
(264030, 0.93269645)
(407728, 0.93269637)
(132334, 0.93269637)
(287972, 0.93269637)
(331688, 0.93269637)
(215519, 0.93268949)
(179253, 0.93268941)
(52065, 0.93268941)
(59698, 0.93268941)
(353602, 0.93268941)
(131094, 0.93268941)
(44594, 0.93268245)
(315312, 0.93158993)
(360413, 0.93158993)
(273727, 0.93158993)
(135923, 0.93158296)
(400442, 0.93158296)
(124920, 0.931576)
(89366, 0.931576)
(201489, 0.931576)
(245492, 0.931576)
(369084, 0.931576)
(257859, 0.931576)
(233267, 0.931576)
(45787, 0.93157592)
(310897, 0.93157592)
(257652, 0.93157592)
(132581, 0.93157592)
(101444, 0.93157592)
(419448, 0.93157592)
(353035, 0.93157592)
(268437, 0.93156904)
(251559, 0.93156904)
(249379, 0.93156904)
(177203, 0.93156904)
(386612, 0.93156896)
(416948, 0.93156896)
(156417, 0.93156896)
(317376, 0.93156896)
(189881, 0.93156896)
(3807, 0.93156896)
(172274, 0.93156896)
(51655, 0.93156896)
(150957, 0.93156896)
(129050, 0.93156896)
(163535, 0.93156896)
(246014, 0.93156896)
(190574, 0.93156896)
(5525, 0.93156896)
(63274, 0.93156896)
(204975, 0.93156896)
(368550, 0.93156896)
(139457, 0.93156896)
(132200, 0.93156896)
(382834, 0.93156896)
(191876, 0.93156888)
(240489, 0.93156888)
(166382, 0.93156208)
(73099, 0.93156208)
(345511, 0.93156208)
(65923, 0.93156208)
(34515, 0.93156208)
(3990, 0.931562)
(412046, 0.931562)
(364261, 0.931562)
(356484, 0.931562)
(143851, 0.931562)
(134532, 0.931562)
(56359, 0.931562)
(20738, 0.931562)
(78355, 0.931562)
(305482, 0.931562)
(94699, 0.931562)
(26531, 0.931562)
(290127, 0.931562)
(270107, 0.931562)
(233774, 0.931562)
(352026, 0.931562)
(338969, 0.931562)
(8482, 0.931562)
(385461, 0.931562)
(263191, 0.931562)
(417301, 0.931562)
(193241, 0.931562)
(202324, 0.93156191)
(46539, 0.93156191)
(356533, 0.93156191)
(227973, 0.93156191)
(251747, 0.93156191)
(400484, 0.93156191)
(299900, 0.93156191)
(53136, 0.93156191)
(78547, 0.93156191)
(13998, 0.93156191)
(90712, 0.93156191)
(288354, 0.93156191)
(272859, 0.93156191)
(105996, 0.93156191)
(253414, 0.93156191)
(196100, 0.93156191)
(348062, 0.93155504)
(234445, 0.93155504)
(180769, 0.93155504)
(18276, 0.93155504)
(412587, 0.93155504)
(331686, 0.93155504)
(263754, 0.93155504)
(261416, 0.93155504)
(417194, 0.93155504)
(241574, 0.93155504)
(17381, 0.93155504)
(328774, 0.93155504)
(326390, 0.93155504)
(305996, 0.93155504)
(338936, 0.93155504)
(88971, 0.93155504)
(239525, 0.93155495)
(97841, 0.93155495)
(264941, 0.93155495)
(150129, 0.93155495)
(91616, 0.93155495)
(19854, 0.93155495)
(341318, 0.93155495)
(253029, 0.93155495)
(416766, 0.93155495)
(181494, 0.93155495)
(89913, 0.93155495)
(252085, 0.93155495)
(312849, 0.93155495)
(354420, 0.93155495)
(287570, 0.93155495)
(314095, 0.93155495)
(248856, 0.93155495)
(102306, 0.93155495)
(88836, 0.93155495)
(203839, 0.93155495)
(75393, 0.93155495)
(216887, 0.93155495)
(200351, 0.93155495)
(96585, 0.93155495)
(314465, 0.93155495)
(12975, 0.93155495)
(64987, 0.93155495)
(88154, 0.93155495)
(68349, 0.93155495)
(161807, 0.93155495)
(191947, 0.93155495)
(312408, 0.93155495)
(347741, 0.93155495)
(217324, 0.93155495)
(114208, 0.93155495)
(275807, 0.93155487)
(77360, 0.93154816)
(136653, 0.93154807)
(46595, 0.93154807)
(102803, 0.93154807)
(318327, 0.93154807)
(368838, 0.93154807)
(114401, 0.93154807)
(250835, 0.93154807)
(180783, 0.93154799)
(202752, 0.93154799)
(264995, 0.93154799)
(11972, 0.93154799)
(160676, 0.93154799)
(250056, 0.93154799)
(286932, 0.93154799)
(224875, 0.93154799)
(355834, 0.93154799)
(42414, 0.93154799)
(111836, 0.93154799)
(398288, 0.93154799)
(345010, 0.93154799)
(74997, 0.93154799)
(171529, 0.93154799)
(304055, 0.93154799)
(307428, 0.93154799)
(346866, 0.93154799)
(254494, 0.93154799)
(103347, 0.93154799)
(281170, 0.93154799)
(79988, 0.93154799)
(405534, 0.93154799)
(56113, 0.93154799)
(111921, 0.93154799)
(232649, 0.93154799)
(378881, 0.93154799)
(217312, 0.93154799)
(193217, 0.93154799)
(41641, 0.93154799)
(152040, 0.93154799)
(85676, 0.93154799)
(382407, 0.93154799)
(399130, 0.93154799)
(54169, 0.93154799)
(259517, 0.93154799)
(372849, 0.93154791)
(310859, 0.93154791)
(130816, 0.93154791)
(414937, 0.93154791)
(233962, 0.93154791)
(163323, 0.93154791)
(135040, 0.93154791)
(297484, 0.93154791)
(32333, 0.93154791)
(147319, 0.93154791)
(236021, 0.93154791)
(402630, 0.93154791)
(133649, 0.93154111)
(310981, 0.93154111)
(323862, 0.93154103)
(291501, 0.93154103)
(274001, 0.93154103)
(337603, 0.93154103)
(283001, 0.93154103)
(150109, 0.93154103)
(98728, 0.93154103)
(373195, 0.93154103)
(103047, 0.93154103)
(141754, 0.93154103)
(257128, 0.93154103)
(147744, 0.93154103)
(169461, 0.93154095)
(367710, 0.93154095)
(259217, 0.93154095)
(3959, 0.93154095)
(310613, 0.93154095)
(266680, 0.93154095)
(340197, 0.93154095)
(5367, 0.93154095)
(216072, 0.93154095)
(82727, 0.93154095)
(153652, 0.93154095)
(83966, 0.93154095)
(366119, 0.93154095)
(132588, 0.93154095)
(142802, 0.93154095)
(159299, 0.93154095)
(318662, 0.93153415)
(149501, 0.93153415)
(159181, 0.93153407)
(248682, 0.93153407)
(87106, 0.93153399)
(242212, 0.93153399)
(279653, 0.93153399)
(51875, 0.93153399)
(367545, 0.93153399)
(201418, 0.93153399)
(266799, 0.93153399)
(144267, 0.93153399)
(266030, 0.93153399)
(320234, 0.93153399)
(252928, 0.93153399)
(352717, 0.93153399)
(331630, 0.93153399)
(301307, 0.93153399)
(9856, 0.93153399)
(3612, 0.93153399)
(197420, 0.93153399)
(181626, 0.93153399)
(316315, 0.93153399)
(51189, 0.9315339)
(278306, 0.9315339)
(85063, 0.9315339)
(134239, 0.9315339)
(251785, 0.9315339)
(83180, 0.9315339)
(90209, 0.9315339)
(284006, 0.9315339)
(79213, 0.9315339)
(247593, 0.93152719)
(312234, 0.93152711)
(400955, 0.93152711)
(264020, 0.93152711)
(179761, 0.93152711)
(53057, 0.93152703)
(84274, 0.93152703)
(131681, 0.93152703)
(406696, 0.93152703)
(239731, 0.93152703)
(42421, 0.93152703)
(301821, 0.93152703)
(133523, 0.93152703)
(105066, 0.93152694)
(352223, 0.93152694)
(226707, 0.93152694)
(357633, 0.93152694)
(111447, 0.93152694)
(370899, 0.93152694)
(332881, 0.93152694)
(77003, 0.93152694)
(88171, 0.93152694)
(351775, 0.93152694)
(105502, 0.93152694)
(70362, 0.93152006)
(286087, 0.93152006)
(294023, 0.93152006)
(285720, 0.93151998)
(75037, 0.93151998)
(254123, 0.93151998)
(339374, 0.93151998)
(57266, 0.93151998)
(420314, 0.9315199)
(273422, 0.9315131)
(22108, 0.9315131)
(352287, 0.93151302)
(406257, 0.93151302)
(146332, 0.93151294)
(98437, 0.93151294)
(35423, 0.93150589)
(13010, 0.9314991)
(286973, 0.93149901)
(364568, 0.93040649)
(395700, 0.93040649)
(286857, 0.93040649)
(112949, 0.93040649)
(78749, 0.93040649)
(155884, 0.93040649)
(337029, 0.93039953)
(129721, 0.93039953)
(410259, 0.93039945)
(344063, 0.93039945)
(60759, 0.93039945)
(341295, 0.93039945)
(383312, 0.93039945)
(327200, 0.93039257)
(40664, 0.93039257)
(206032, 0.93039257)
(13260, 0.93039257)
(257017, 0.93039257)
(165198, 0.93039257)
(4039, 0.93039257)
(4383, 0.93039257)
(335112, 0.93039257)
(292679, 0.93039257)
(271811, 0.93039257)
(264371, 0.93039249)
(112479, 0.93039249)
(210630, 0.93039249)
(322147, 0.93039249)
(159388, 0.93039249)
(213128, 0.93039249)
(338805, 0.93039249)
(6901, 0.93039249)
(367402, 0.93039249)
(323574, 0.93038561)
(209717, 0.93038561)
(334084, 0.93038561)
(284026, 0.93038561)
(169733, 0.93038561)
(346674, 0.93038561)
(318253, 0.93038561)
(94905, 0.93038553)
(77353, 0.93038553)
(87693, 0.93038553)
(116476, 0.93038553)
(359497, 0.93038553)
(219576, 0.93038553)
(360678, 0.93038553)
(270622, 0.93038553)
(288202, 0.93038553)
(311455, 0.93038553)
(194855, 0.93038553)
(18648, 0.93038553)
(273998, 0.93038553)
(185076, 0.93038553)
(347256, 0.93038553)
(284414, 0.93038553)
(330639, 0.93038553)
(302829, 0.93038544)
(297328, 0.93038544)
(294491, 0.93038544)
(338138, 0.93038544)
(25847, 0.93038544)
(187762, 0.93038544)
(51455, 0.93038544)
(56915, 0.93037865)
(278790, 0.93037865)
(218890, 0.93037857)
(252096, 0.93037857)
(371901, 0.93037857)
(387548, 0.93037857)
(165125, 0.93037857)
(59978, 0.93037857)
(411474, 0.93037857)
(313100, 0.93037857)
(73478, 0.93037857)
(87350, 0.93037857)
(234178, 0.93037857)
(324434, 0.93037857)
(133114, 0.93037857)
(165079, 0.93037848)
(151020, 0.93037848)
(375830, 0.93037848)
(327100, 0.93037848)
(200925, 0.93037848)
(372457, 0.93037848)
(250314, 0.93037848)
(169422, 0.93037848)
(32226, 0.93037848)
(325677, 0.93037848)
(267268, 0.93037848)
(358589, 0.93037848)
(348691, 0.93037848)
(49181, 0.93037848)
(206450, 0.93037848)
(73678, 0.93037848)
(371197, 0.93037848)
(191061, 0.93037848)
(386308, 0.93037848)
(368051, 0.93037848)
(13344, 0.9303716)
(273417, 0.9303716)
(238798, 0.9303716)
(54696, 0.9303716)
(371883, 0.9303716)
(190926, 0.9303716)
(246720, 0.9303716)
(326544, 0.93037152)
(262275, 0.93037152)
(49185, 0.93037152)
(221111, 0.93037152)
(86396, 0.93037152)
(135215, 0.93037152)
(228885, 0.93037152)
(53340, 0.93037152)
(111486, 0.93037152)
(311846, 0.93037152)
(199832, 0.93037152)
(416145, 0.93037152)
(413889, 0.93037152)
(221911, 0.93037152)
(117648, 0.93037152)
(21734, 0.93037144)
(403320, 0.93037144)
(399654, 0.93037144)
(261666, 0.93037144)
(75539, 0.93037144)
(319462, 0.93037144)
(23211, 0.93037144)
(360953, 0.93036473)
(324926, 0.93036464)
(56241, 0.93036464)
(56917, 0.93036464)
(148578, 0.93036464)
(146638, 0.93036464)
(6032, 0.93036464)
(221357, 0.93036456)
(376101, 0.93036456)
(30330, 0.93036456)
(260994, 0.93036456)
(151696, 0.93036456)
(311275, 0.93036456)
(121013, 0.93036456)
(395970, 0.93036456)
(227439, 0.93036456)
(120206, 0.93036456)
(227607, 0.93036456)
(361610, 0.93036456)
(82119, 0.93036456)
(384213, 0.93036448)
(395535, 0.93036448)
(336199, 0.93036448)
(154543, 0.93036448)
(337174, 0.93036448)
(43671, 0.93036448)
(364764, 0.93036448)
(157856, 0.93036448)
(30464, 0.93036448)
(315075, 0.93036448)
(231946, 0.93036448)
(415105, 0.93036448)
(28539, 0.93036448)
(166520, 0.93036448)
(17038, 0.93036448)
(39758, 0.93035768)
(208310, 0.9303576)
(308636, 0.9303576)
(66863, 0.9303576)
(418421, 0.9303576)
(207538, 0.9303576)
(24842, 0.9303576)
(89, 0.9303576)
(56943, 0.9303576)
(269518, 0.9303576)
(202169, 0.9303576)
(264353, 0.9303576)
(299218, 0.9303576)
(169481, 0.9303576)
(407459, 0.9303576)
(26951, 0.93035752)
(24749, 0.93035752)
(145086, 0.93035752)
(253628, 0.93035752)
(360356, 0.93035752)
(234392, 0.93035752)
(36035, 0.93035752)
(285771, 0.93035752)
(281075, 0.93035752)
(176757, 0.93035752)
(299528, 0.93035752)
(59011, 0.93035752)
(219935, 0.93035752)
(53030, 0.93035743)
(189950, 0.93035743)
(86703, 0.93035743)
(134469, 0.93035064)
(366313, 0.93035064)
(158507, 0.93035064)
(208103, 0.93035055)
(385608, 0.93035055)
(252792, 0.93035055)
(408167, 0.93035055)
(371794, 0.93035055)
(362192, 0.93035055)
(149430, 0.93035055)
(322978, 0.93035055)
(7759, 0.93035055)
(278749, 0.93035055)
(340104, 0.93035055)
(361386, 0.93035055)
(371568, 0.93035055)
(21766, 0.93035047)
(201424, 0.93035047)
(418974, 0.93035047)
(114595, 0.93035047)
(119668, 0.93035047)
(214864, 0.93035047)
(237072, 0.93035047)
(257679, 0.93035047)
(7718, 0.93035047)
(25159, 0.93035047)
(410627, 0.93035047)
(97212, 0.93035047)
(66993, 0.93035047)
(289495, 0.93035047)
(73023, 0.93035039)
(256399, 0.93034359)
(290593, 0.93034359)
(335297, 0.93034359)
(184111, 0.93034359)
(371685, 0.93034359)
(241950, 0.93034351)
(112466, 0.93034351)
(387244, 0.93034351)
(151513, 0.93034351)
(260770, 0.93034351)
(142886, 0.93034351)
(227437, 0.93034351)
(414399, 0.93034351)
(367289, 0.93034351)
(57171, 0.93034351)
(117873, 0.93034343)
(292966, 0.93034343)
(340911, 0.93034343)
(274443, 0.93033663)
(361584, 0.93033663)
(248308, 0.93033655)
(78124, 0.93033655)
(375041, 0.93033655)
(363740, 0.93033655)
(385600, 0.93033655)
(305945, 0.93033655)
(244538, 0.93033655)
(262045, 0.93033655)
(398454, 0.93033655)
(187885, 0.93033647)
(142904, 0.93033647)
(8708, 0.93033647)
(166772, 0.93033647)
(386973, 0.93033647)
(108987, 0.93032959)
(224787, 0.9303295)
(366940, 0.93032942)
(260517, 0.93032942)
(242571, 0.93032942)
(308349, 0.93032254)
(147541, 0.93032246)
(410433, 0.93031558)
(180643, 0.9303155)
(135974, 0.9303155)
(88543, 0.9303155)
(173574, 0.93029445)
(93727, 0.92923002)
(43637, 0.92923002)
(399675, 0.92923002)
(222267, 0.92923002)
(86192, 0.92923002)
(89139, 0.92922994)
(250620, 0.92922306)
(93753, 0.92922306)
(187736, 0.92922306)
(355293, 0.92922306)
(254062, 0.92922298)
(210795, 0.92922298)
(136965, 0.9292161)
(158582, 0.9292161)
(61800, 0.9292161)
(353193, 0.92921602)
(11802, 0.92921602)
(269141, 0.92921602)
(256358, 0.92921602)
(250597, 0.92921602)
(226996, 0.92921602)
(102999, 0.92921602)
(21002, 0.92921602)
(215612, 0.92921602)
(306015, 0.92921602)
(334228, 0.92921602)
(256001, 0.92921602)
(161137, 0.92920914)
(408056, 0.92920914)
(355911, 0.92920914)
(398588, 0.92920914)
(384063, 0.92920914)
(220067, 0.92920906)
(229382, 0.92920906)
(374358, 0.92920906)
(302641, 0.92920906)
(47549, 0.92920906)
(190594, 0.92920906)
(81383, 0.92920906)
(285199, 0.92920906)
(414214, 0.92920906)
(392290, 0.92920906)
(50612, 0.92920906)
(273017, 0.92920906)
(112992, 0.92920897)
(9276, 0.92920897)
(17126, 0.92920897)
(322464, 0.92920897)
(297630, 0.92920218)
(52561, 0.9292021)
(323501, 0.9292021)
(54740, 0.9292021)
(378786, 0.9292021)
(300716, 0.9292021)
(75281, 0.9292021)
(419050, 0.9292021)
(344020, 0.9292021)
(176657, 0.9292021)
(249313, 0.9292021)
(86749, 0.9292021)
(396820, 0.9292021)
(179997, 0.9292021)
(160713, 0.9292021)
(326199, 0.9292021)
(198445, 0.92920201)
(212652, 0.92920201)
(311304, 0.92920201)
(75998, 0.92920201)
(349623, 0.92920201)
(266247, 0.92920201)
(220772, 0.92920201)
(56211, 0.92920201)
(43848, 0.92920201)
(59454, 0.92920201)
(372103, 0.92920201)
(223139, 0.92920201)
(341673, 0.92920201)
(157903, 0.92919522)
(360144, 0.92919513)
(98099, 0.92919513)
(132503, 0.92919513)
(264775, 0.92919513)
(221760, 0.92919513)
(369807, 0.92919513)
(214161, 0.92919513)
(73470, 0.92919505)
(394154, 0.92919505)
(264292, 0.92919505)
(82026, 0.92919505)
(147433, 0.92919505)
(108004, 0.92919505)
(54463, 0.92919505)
(244686, 0.92919505)
(173590, 0.92919505)
(324322, 0.92919505)
(159830, 0.92919505)
(415493, 0.92919505)
(284591, 0.92919505)
(205393, 0.92919505)
(367541, 0.92919505)
(163787, 0.92919505)
(276055, 0.92919505)
(334513, 0.92919505)
(84280, 0.92919505)
(362669, 0.92919505)
(391182, 0.92919505)
(157590, 0.92919505)
(243214, 0.92919497)
(163267, 0.92919497)
(99144, 0.92919497)
(29036, 0.92919497)
(350635, 0.92918817)
(285759, 0.92918817)
(17269, 0.92918817)
(336338, 0.92918817)
(1371, 0.92918817)
(272535, 0.92918817)
(390204, 0.92918809)
(352953, 0.92918809)
(280125, 0.92918809)
(80051, 0.92918809)
(334664, 0.92918809)
(262511, 0.92918809)
(334080, 0.92918809)
(271093, 0.92918809)
(347559, 0.92918809)
(10939, 0.92918809)
(387064, 0.92918809)
(142901, 0.92918809)
(358066, 0.92918809)
(399598, 0.92918809)
(357136, 0.92918809)
(162747, 0.92918809)
(239281, 0.92918809)
(91900, 0.92918801)
(9017, 0.92918801)
(216609, 0.92918801)
(138608, 0.92918801)
(119331, 0.92918801)
(331422, 0.92918801)
(271689, 0.92918801)
(194867, 0.92918801)
(122702, 0.92918801)
(300369, 0.92918801)
(236379, 0.92918801)
(347753, 0.92918801)
(5344, 0.92918121)
(347803, 0.92918121)
(71582, 0.92918113)
(375782, 0.92918113)
(27480, 0.92918113)
(43969, 0.92918113)
(331503, 0.92918113)
(416267, 0.92918113)
(9021, 0.92918113)
(74895, 0.92918105)
(275308, 0.92918105)
(302054, 0.92918105)
(326240, 0.92918105)
(110592, 0.92918105)
(336915, 0.92918105)
(106895, 0.92918105)
(21462, 0.92918105)
(258953, 0.92918105)
(92201, 0.92918105)
(142379, 0.92918105)
(146690, 0.92918105)
(179234, 0.92918105)
(127535, 0.92918105)
(348390, 0.92918105)
(49064, 0.92918105)
(189828, 0.92918105)
(127328, 0.92918105)
(55799, 0.92918105)
(111962, 0.92918105)
(170996, 0.92918105)
(333424, 0.92918096)
(270666, 0.92918096)
(357962, 0.92918096)
(273454, 0.92918096)
(114510, 0.92918096)
(393018, 0.92918096)
(57528, 0.92918096)
(161495, 0.92918096)
(162075, 0.92917425)
(119563, 0.92917417)
(157365, 0.92917417)
(374869, 0.92917408)
(267161, 0.92917408)
(117155, 0.92917408)
(259058, 0.92917408)
(49608, 0.92917408)
(245190, 0.92917408)
(124449, 0.92917408)
(218723, 0.92917408)
(91677, 0.92917408)
(168661, 0.92917408)
(133773, 0.92917408)
(412232, 0.92917408)
(173060, 0.92917408)
(96229, 0.92917408)
(107845, 0.92917408)
(19616, 0.92917408)
(340528, 0.92917408)
(310929, 0.92917408)
(356468, 0.929174)
(355616, 0.929174)
(46580, 0.929174)
(210463, 0.929174)
(345442, 0.929174)
(239067, 0.929174)
(156728, 0.929174)
(81129, 0.929174)
(115427, 0.929174)
(98464, 0.929174)
(416192, 0.929174)
(5260, 0.929174)
(195402, 0.92917392)
(387301, 0.92916721)
(138386, 0.92916712)
(257378, 0.92916712)
(175088, 0.92916712)
(33362, 0.92916712)
(31825, 0.92916712)
(80643, 0.92916712)
(174669, 0.92916712)
(410560, 0.92916712)
(18030, 0.92916704)
(158455, 0.92916704)
(15992, 0.92916704)
(25751, 0.92916704)
(382144, 0.92916704)
(124702, 0.92916704)
(94799, 0.92916704)
(303784, 0.92916704)
(267095, 0.92916704)
(160134, 0.92916704)
(52583, 0.92916696)
(92101, 0.92916696)
(188898, 0.92916696)
(303583, 0.92916016)
(193736, 0.92916016)
(346973, 0.92916016)
(275819, 0.92916008)
(296320, 0.92916008)
(36854, 0.92916008)
(228102, 0.92916008)
(403801, 0.92916008)
(97639, 0.92916)
(344263, 0.92916)
(221200, 0.92916)
(387519, 0.92916)
(56397, 0.92915312)
(313104, 0.92915312)
(153321, 0.92915312)
(147697, 0.92915303)
(166098, 0.92915303)
(345071, 0.92915303)
(374889, 0.92915303)
(332113, 0.92915303)
(295889, 0.92915295)
(115042, 0.92914607)
(271099, 0.92914607)
(146371, 0.92913903)
(187926, 0.92913903)
(419740, 0.92913895)
(186142, 0.92913207)
(76374, 0.92913207)
(8937, 0.92913207)
(346341, 0.92913198)
(78351, 0.92804659)
(398102, 0.92804659)
(336281, 0.92804659)
(333545, 0.92804651)
(370751, 0.92803963)
(236263, 0.92803963)
(111105, 0.92803963)
(229794, 0.92803963)
(270075, 0.92803963)
(327295, 0.92803963)
(401527, 0.92803955)
(279615, 0.92803955)
(144674, 0.92803955)
(45789, 0.92803955)
(134109, 0.92803955)
(160398, 0.92803955)
(177502, 0.92803267)
(273022, 0.92803259)
(188158, 0.92803259)
(121429, 0.92803259)
(400870, 0.92803259)
(38608, 0.92803259)
(240580, 0.92803259)
(404330, 0.92803259)
(115969, 0.92803259)
(227592, 0.92803259)
(67026, 0.9280325)
(80680, 0.9280325)
(95329, 0.9280325)
(207797, 0.9280325)
(144306, 0.9280325)
(382003, 0.9280325)
(76990, 0.92802571)
(228814, 0.92802571)
(398211, 0.92802571)
(53658, 0.92802562)
(212292, 0.92802562)
(238561, 0.92802562)
(69635, 0.92802562)
(91270, 0.92802562)
(313601, 0.92802562)
(72350, 0.92802562)
(223243, 0.92802562)
(319534, 0.92802562)
(67083, 0.92802562)
(121027, 0.92802554)
(318195, 0.92802554)
(236146, 0.92802554)
(20497, 0.92802554)
(274633, 0.92802554)
(275107, 0.92802554)
(64902, 0.92802554)
(419425, 0.92802554)
(85799, 0.92802554)
(388887, 0.92801866)
(369582, 0.92801866)
(212271, 0.92801866)
(37630, 0.92801866)
(158844, 0.92801866)
(417975, 0.92801866)
(102725, 0.92801866)
(402734, 0.92801866)
(357693, 0.92801866)
(152222, 0.92801858)
(104315, 0.92801858)
(169985, 0.92801858)
(107316, 0.92801858)
(84367, 0.92801858)
(333315, 0.92801858)
(360606, 0.92801858)
(235665, 0.92801858)
(45452, 0.92801858)
(226200, 0.92801858)
(392339, 0.92801858)
(220318, 0.9280185)
(231618, 0.9280185)
(100450, 0.9280185)
(75732, 0.9280185)
(114348, 0.9280185)
(147011, 0.9280117)
(333897, 0.9280117)
(357011, 0.9280117)
(365242, 0.9280117)
(56164, 0.9280117)
(65604, 0.9280117)
(348322, 0.92801162)
(297087, 0.92801162)
(103998, 0.92801162)
(161922, 0.92801162)
(143410, 0.92801162)
(188420, 0.92801162)
(195678, 0.92801162)
(371359, 0.92801162)
(168352, 0.92801162)
(250707, 0.92801162)
(316909, 0.92801162)
(214753, 0.92801162)
(273822, 0.92801162)
(110623, 0.92801162)
(297902, 0.92801162)
(281850, 0.92801162)
(403354, 0.92801162)
(238506, 0.92801162)
(325466, 0.92801162)
(239161, 0.92801154)
(118575, 0.92801154)
(89345, 0.92801154)
(23786, 0.92801154)
(156298, 0.92801154)
(44838, 0.92801154)
(26964, 0.92801154)
(170025, 0.92801154)
(335114, 0.92801154)
(379857, 0.92801154)
(332300, 0.92801154)
(364979, 0.92801154)
(378706, 0.92801154)
(375933, 0.92801154)
(297845, 0.92800474)
(127870, 0.92800466)
(117154, 0.92800466)
(41531, 0.92800466)
(91635, 0.92800466)
(2982, 0.92800466)
(318721, 0.92800466)
(150734, 0.92800466)
(258632, 0.92800466)
(396353, 0.92800466)
(28547, 0.92800466)
(137232, 0.92800466)
(52697, 0.92800466)
(360435, 0.92800466)
(313386, 0.92800466)
(411099, 0.92800466)
(358614, 0.92800466)
(301775, 0.92800466)
(51834, 0.92800466)
(128762, 0.92800466)
(40304, 0.92800466)
(105204, 0.92800466)
(175462, 0.92800466)
(284022, 0.92800457)
(287344, 0.92800457)
(35181, 0.92800457)
(229361, 0.92800457)
(120870, 0.92800457)
(317753, 0.92800457)
(337765, 0.92800457)
(390876, 0.92800457)
(20356, 0.92800457)
(89129, 0.92800457)
(47774, 0.92800449)
(230775, 0.92800449)
(416649, 0.9279977)
(295893, 0.9279977)
(218230, 0.9279977)
(133029, 0.9279977)
(295979, 0.9279977)
(222306, 0.92799761)
(200798, 0.92799761)
(384982, 0.92799761)
(396449, 0.92799761)
(92289, 0.92799761)
(271217, 0.92799761)
(135096, 0.92799761)
(361239, 0.92799761)
(410582, 0.92799761)
(28821, 0.92799761)
(20084, 0.92799761)
(413139, 0.92799761)
(319512, 0.92799761)
(169882, 0.92799761)
(195460, 0.92799761)
(110513, 0.92799761)
(145820, 0.92799761)
(166796, 0.92799761)
(293649, 0.92799753)
(32441, 0.92799753)
(325229, 0.92799753)
(95503, 0.92799753)
(222019, 0.92799753)
(140269, 0.92799753)
(6809, 0.92799753)
(419182, 0.92799073)
(328647, 0.92799065)
(76222, 0.92799065)
(296028, 0.92799065)
(212566, 0.92799065)
(21599, 0.92799065)
(44772, 0.92799065)
(117507, 0.92799065)
(350340, 0.92799065)
(302892, 0.92799065)
(237618, 0.92799065)
(192322, 0.92799065)
(40339, 0.92799065)
(413011, 0.92799065)
(394803, 0.92799065)
(361442, 0.92799057)
(365773, 0.92799057)
(6479, 0.92799057)
(240874, 0.92799057)
(415411, 0.92799057)
(346611, 0.92799057)
(83873, 0.92799057)
(246076, 0.92799057)
(55662, 0.92799057)
(239361, 0.92799057)
(55420, 0.92799057)
(106607, 0.92799049)
(30848, 0.92799049)
(412600, 0.92799049)
(98492, 0.92798377)
(240520, 0.92798377)
(327011, 0.92798369)
(374695, 0.92798369)
(368288, 0.92798369)
(10131, 0.92798369)
(76346, 0.92798369)
(295919, 0.92798369)
(327793, 0.92798369)
(15600, 0.92798369)
(163511, 0.92798369)
(136472, 0.92798361)
(306279, 0.92798361)
(346848, 0.92798361)
(173740, 0.92798361)
(296339, 0.92798361)
(407448, 0.92798361)
(292233, 0.92798361)
(376656, 0.92798361)
(45115, 0.92798361)
(30057, 0.92798361)
(72803, 0.92798361)
(312811, 0.92798361)
(88336, 0.92798361)
(393871, 0.92798352)
(36640, 0.92798352)
(415110, 0.92798352)
(200997, 0.92798352)
(306974, 0.92798352)
(208673, 0.92797673)
(118697, 0.92797665)
(173943, 0.92797665)
(55750, 0.92797665)
(419929, 0.92797665)
(69597, 0.92797656)
(54461, 0.92797656)
(129726, 0.92797656)
(185217, 0.92797656)
(340185, 0.92797656)
(182234, 0.92797656)
(363325, 0.92797656)
(364720, 0.92797656)
(96304, 0.92797656)
(339035, 0.92796977)
(119252, 0.92796968)
(298072, 0.9279696)
(209546, 0.9279696)
(74990, 0.9279696)
(316129, 0.9279696)
(18051, 0.9279696)
(33638, 0.92796952)
(333199, 0.92796952)
(128281, 0.92796952)
(252753, 0.92796272)
(99403, 0.9279556)
(34460, 0.92794864)
(408545, 0.92794159)
(148548, 0.92687004)
(68571, 0.92686316)
(271168, 0.92686316)
(36620, 0.92686308)
(341870, 0.92686308)
(70461, 0.9268562)
(96378, 0.9268562)
(166421, 0.92685612)
(328418, 0.92685612)
(122541, 0.92685612)
(150049, 0.92685612)
(159030, 0.92685612)
(175808, 0.92685612)
(246748, 0.92685603)
(127984, 0.92685603)
(93743, 0.92685603)
(347537, 0.92685603)
(173956, 0.92685603)
(183610, 0.92684924)
(83349, 0.92684915)
(145791, 0.92684915)
(347763, 0.92684915)
(126184, 0.92684915)
(355415, 0.92684915)
(195253, 0.92684915)
(237874, 0.92684915)
(2574, 0.92684915)
(217026, 0.92684915)
(112944, 0.92684907)
(98263, 0.92684907)
(81472, 0.92684907)
(85345, 0.92684907)
(2923, 0.92684907)
(244935, 0.92684907)
(296175, 0.92684219)
(349934, 0.92684219)
(33210, 0.92684219)
(5598, 0.92684211)
(377897, 0.92684211)
(30596, 0.92684211)
(385616, 0.92684211)
(185734, 0.92684211)
(402598, 0.92684211)
(65819, 0.92684211)
(344457, 0.92684211)
(374177, 0.92684211)
(418997, 0.92684211)
(208298, 0.92684211)
(366810, 0.92684211)
(21690, 0.92684203)
(295420, 0.92684203)
(13678, 0.92684203)
(124349, 0.92684203)
(156065, 0.92684203)
(190294, 0.92684203)
(361758, 0.92683531)
(197408, 0.92683531)
(302988, 0.92683531)
(133993, 0.92683523)
(372466, 0.92683523)
(67437, 0.92683523)
(230169, 0.92683523)
(296691, 0.92683515)
(130438, 0.92683515)
(67650, 0.92683515)
(218291, 0.92683515)
(280272, 0.92683515)
(63008, 0.92683515)
(161672, 0.92683515)
(58218, 0.92683515)
(14647, 0.92683515)
(231065, 0.92683515)
(90694, 0.92683515)
(20559, 0.92683515)
(136671, 0.92683515)
(188556, 0.92683515)
(291655, 0.92683515)
(272658, 0.92683515)
(354972, 0.92683515)
(50312, 0.92683515)
(296466, 0.92683515)
(183093, 0.92683515)
(31938, 0.92683507)
(407314, 0.92683507)
(409139, 0.92683507)
(150222, 0.92683507)
(161851, 0.92683507)
(204982, 0.92683507)
(361146, 0.92683507)
(95466, 0.92682827)
(127938, 0.92682819)
(201806, 0.92682819)
(308240, 0.92682819)
(8927, 0.92682819)
(38924, 0.92682819)
(177527, 0.92682819)
(21133, 0.92682819)
(305026, 0.9268281)
(122602, 0.9268281)
(304352, 0.9268281)
(163359, 0.9268281)
(19976, 0.9268281)
(3245, 0.9268281)
(13457, 0.9268281)
(54714, 0.9268281)
(416978, 0.9268281)
(241224, 0.9268281)
(174044, 0.9268281)
(59595, 0.9268281)
(351677, 0.9268281)
(106880, 0.9268281)
(235990, 0.9268281)
(356122, 0.9268281)
(344015, 0.92682802)
(44324, 0.92682802)
(393556, 0.92682802)
(184664, 0.92682802)
(363814, 0.92682802)
(56806, 0.92682802)
(107561, 0.92682802)
(347805, 0.92682131)
(277507, 0.92682123)
(262935, 0.92682123)
(377554, 0.92682123)
(402374, 0.92682123)
(213668, 0.92682123)
(289115, 0.92682123)
(225220, 0.92682114)
(216852, 0.92682114)
(392301, 0.92682114)
(269506, 0.92682114)
(348495, 0.92682114)
(369319, 0.92682114)
(63898, 0.92682114)
(316795, 0.92682114)
(210935, 0.92682114)
(246351, 0.92682114)
(322555, 0.92682114)
(119130, 0.92682114)
(269174, 0.92682114)
(167435, 0.92682106)
(356759, 0.92682106)
(123861, 0.92682106)
(94020, 0.92682106)
(92129, 0.92682106)
(115331, 0.92682106)
(97696, 0.92682106)
(36435, 0.92682098)
(378975, 0.92681426)
(291609, 0.92681426)
(167924, 0.92681418)
(79762, 0.92681418)
(29872, 0.92681418)
(83019, 0.92681418)
(91648, 0.92681418)
(191783, 0.92681418)
(274281, 0.92681418)
(139145, 0.92681418)
(211757, 0.92681418)
(177189, 0.92681418)
(29582, 0.92681418)
(22319, 0.9268141)
(171454, 0.9268141)
(314468, 0.9268141)
(165171, 0.9268141)
(336177, 0.9268141)
(227679, 0.9268141)
(353847, 0.9268141)
(383930, 0.92681402)
(49849, 0.92681402)
(361817, 0.92681402)
(229588, 0.92680739)
(78975, 0.9268073)
(310833, 0.9268073)
(246205, 0.92680722)
(98520, 0.92680722)
(223969, 0.92680722)
(295247, 0.92680722)
(60867, 0.92680722)
(76238, 0.92680714)
(9968, 0.92680714)
(105318, 0.92680714)
(183792, 0.92680714)
(390049, 0.92680714)
(346128, 0.92680714)
(389406, 0.92680714)
(225889, 0.92680714)
(323366, 0.92680714)
(329515, 0.92680714)
(380759, 0.92680714)
(296380, 0.92680714)
(202536, 0.92680714)
(247563, 0.92680714)
(26407, 0.92680714)
(269435, 0.92680705)
(161572, 0.92680705)
(49289, 0.92680705)
(42691, 0.92680705)
(179230, 0.92680026)
(338147, 0.92680026)
(357229, 0.92680018)
(205711, 0.92680018)
(58595, 0.92680018)
(416825, 0.92680018)
(338371, 0.92680018)
(372722, 0.92680018)
(152010, 0.92680018)
(145967, 0.92680009)
(276874, 0.92680009)
(415997, 0.92680009)
(19739, 0.92680009)
(115764, 0.9267933)
(128928, 0.92679321)
(31995, 0.92679321)
(214932, 0.92679321)
(62350, 0.92679313)
(81829, 0.92679313)
(372408, 0.92679305)
(330855, 0.92679305)
(61827, 0.92679305)
(31505, 0.92679305)
(348942, 0.92679305)
(256246, 0.92678634)
(238846, 0.92678617)
(275731, 0.92678609)
(82034, 0.92678609)
(267516, 0.92678609)
(305776, 0.92678609)
(325578, 0.92677913)
(69566, 0.92677913)
(148384, 0.92677216)
(345098, 0.92677216)
(204300, 0.92677208)
(212601, 0.92676512)
(299395, 0.92570061)
(35103, 0.92570061)
(362520, 0.92569365)
(319983, 0.92569365)
(330581, 0.92568669)
(2136, 0.92568661)
(93581, 0.92568661)
(81369, 0.92568661)
(9561, 0.92567964)
(10050, 0.92567964)
(82764, 0.92567964)
(228925, 0.92567964)
(201960, 0.92567964)
(182640, 0.92567956)
(250768, 0.92567268)
(177453, 0.92567268)
(398820, 0.92567268)
(122299, 0.92567268)
(400259, 0.92567268)
(293390, 0.92567268)
(359871, 0.92567268)
(384130, 0.9256726)
(12260, 0.9256726)
(383866, 0.9256726)
(267882, 0.9256726)
(362990, 0.9256726)
(22540, 0.92566572)
(118293, 0.92566572)
(78296, 0.92566572)
(240513, 0.92566572)
(100104, 0.92566572)
(115316, 0.92566572)
(154171, 0.92566564)
(65334, 0.92566564)
(54729, 0.92566564)
(286853, 0.92566564)
(294943, 0.92566564)
(414544, 0.92566564)
(255532, 0.92566564)
(89747, 0.92566564)
(383423, 0.92566564)
(307661, 0.92566564)
(79304, 0.92566556)
(159756, 0.92566556)
(403973, 0.92565876)
(407606, 0.92565876)
(238272, 0.92565876)
(320015, 0.92565868)
(172827, 0.92565868)
(18124, 0.92565868)
(201132, 0.92565868)
(227835, 0.92565868)
(243978, 0.92565868)
(319549, 0.92565868)
(94006, 0.92565868)
(344396, 0.92565868)
(313493, 0.92565868)
(195063, 0.92565868)
(318865, 0.92565868)
(38862, 0.92565868)
(320587, 0.92565868)
(200127, 0.92565868)
(378283, 0.92565859)
(220767, 0.92565859)
(391148, 0.92565859)
(23601, 0.9256518)
(145813, 0.9256518)
(65579, 0.9256518)
(265685, 0.9256518)
(76555, 0.92565172)
(296778, 0.92565172)
(210096, 0.92565172)
(151636, 0.92565172)
(359729, 0.92565172)
(168897, 0.92565172)
(242689, 0.92565172)
(199158, 0.92565172)
(244618, 0.92565172)
(12577, 0.92565163)
(180199, 0.92565163)
(316533, 0.92565163)
(58193, 0.92565163)
(412887, 0.92565163)
(170196, 0.92565163)
(113991, 0.92565163)
(405035, 0.92565163)
(63636, 0.92565163)
(276745, 0.92565163)
(272710, 0.92565163)
(361702, 0.92565163)
(52411, 0.92565155)
(11046, 0.92565155)
(373851, 0.92565155)
(3253, 0.92564475)
(235677, 0.92564475)
(10785, 0.92564475)
(14033, 0.92564475)
(124589, 0.92564475)
(76964, 0.92564475)
(150183, 0.92564467)
(268941, 0.92564467)
(272479, 0.92564467)
(155796, 0.92564467)
(245247, 0.92564467)
(235623, 0.92564467)
(420347, 0.92564467)
(186476, 0.92564467)
(259318, 0.92564467)
(29999, 0.92564467)
(55501, 0.92564467)
(212117, 0.92564467)
(203708, 0.92564467)
(230689, 0.92564459)
(78990, 0.92564459)
(82989, 0.92564459)
(25321, 0.92564459)
(95871, 0.92563788)
(355195, 0.92563779)
(24278, 0.92563779)
(128654, 0.92563779)
(96881, 0.92563779)
(56293, 0.92563771)
(25222, 0.92563771)
(303293, 0.92563771)
(108361, 0.92563771)
(349722, 0.92563771)
(216828, 0.92563771)
(330944, 0.92563771)
(149954, 0.92563771)
(75741, 0.92563763)
(284618, 0.92563763)
(18038, 0.92563763)
(263397, 0.92563763)
(191075, 0.92563763)
(242934, 0.92563763)
(156966, 0.92563763)
(16305, 0.92563763)
(91446, 0.92563763)
(355087, 0.92563763)
(26830, 0.92563763)
(235893, 0.92563763)
(23919, 0.92563754)
(251008, 0.92563754)
(386453, 0.92563075)
(198995, 0.92563075)
(104254, 0.92563075)
(10779, 0.92563075)
(254745, 0.92563075)
(300655, 0.92563067)
(290004, 0.92563067)
(278267, 0.92563067)
(11904, 0.92563067)
(4050, 0.92563067)
(11576, 0.92563067)
(190097, 0.92563067)
(151521, 0.92563067)
(319653, 0.92563067)
(102475, 0.92563067)
(351796, 0.92563067)
(144999, 0.92563067)
(82479, 0.92563067)
(202975, 0.92563067)
(3526, 0.92563067)
(175052, 0.92563067)
(10151, 0.92563067)
(339939, 0.92563058)
(275923, 0.92563058)
(386492, 0.92563058)
(137684, 0.92563058)
(37740, 0.92563058)
(319250, 0.92563058)
(350344, 0.92563058)
(292551, 0.92563058)
(48513, 0.92562387)
(247024, 0.92562379)
(369735, 0.92562379)
(26214, 0.92562379)
(98805, 0.92562379)
(59172, 0.92562371)
(210850, 0.92562371)
(373759, 0.92562371)
(399363, 0.92562371)
(192212, 0.92562371)
(325869, 0.92562371)
(318632, 0.92562371)
(210835, 0.92562362)
(244808, 0.92562362)
(274856, 0.92562362)
(186558, 0.92562362)
(108309, 0.92562362)
(364229, 0.92562362)
(187264, 0.92562362)
(305979, 0.92562354)
(131415, 0.92562354)
(280474, 0.92561683)
(112505, 0.92561683)
(107798, 0.92561683)
(81739, 0.92561674)
(386940, 0.92561674)
(118369, 0.92561666)
(228468, 0.92561666)
(317810, 0.92561666)
(303557, 0.92561666)
(374431, 0.92561666)
(162152, 0.92561658)
(11474, 0.92561658)
(151067, 0.92561658)
(214439, 0.92561658)
(219309, 0.9256097)
(380866, 0.9256097)
(357572, 0.9256097)
(284752, 0.9256097)
(226095, 0.92560962)
(417622, 0.92560962)
(301688, 0.92560962)
(387807, 0.92560953)
(411493, 0.92560274)
(360148, 0.92560274)
(94912, 0.92560274)
(42188, 0.92560266)
(24375, 0.92560266)
(209763, 0.92560266)
(397200, 0.92560266)
(186980, 0.92559578)
(17060, 0.92559578)
(324132, 0.92558873)
(101626, 0.92558865)
(256153, 0.92558865)
(313477, 0.92558177)
(105711, 0.92452406)
(98839, 0.92451014)
(103625, 0.92451014)
(116230, 0.92451014)
(153855, 0.92450326)
(179898, 0.92450317)
(257309, 0.92450309)
(243138, 0.9244963)
(375005, 0.92449621)
(196066, 0.92449621)
(89519, 0.92449621)
(288157, 0.92449613)
(364781, 0.92449613)
(297122, 0.92449613)
(64886, 0.92449613)
(35084, 0.92448933)
(288655, 0.92448925)
(218754, 0.92448925)
(153117, 0.92448925)
(11056, 0.92448925)
(184008, 0.92448925)
(326775, 0.92448925)
(381239, 0.92448917)
(47168, 0.92448917)
(354025, 0.92448917)
(47849, 0.92448229)
(84616, 0.92448229)
(153197, 0.92448229)
(209470, 0.92448221)
(323957, 0.92448221)
(51463, 0.92448221)
(122610, 0.92448221)
(32780, 0.92448221)
(18569, 0.92448221)
(342823, 0.92448212)
(17570, 0.92448212)
(419714, 0.92448212)
(260849, 0.92448212)
(298479, 0.92448212)
(397259, 0.92448204)
(391204, 0.92447533)
(62557, 0.92447525)
(282637, 0.92447525)
(128242, 0.92447525)
(160082, 0.92447525)
(380763, 0.92447525)
(53034, 0.92447525)
(311049, 0.92447525)
(196357, 0.92447516)
(226732, 0.92447516)
(35889, 0.92447516)
(360300, 0.92447508)
(244223, 0.92447508)
(373268, 0.92446828)
(254613, 0.92446828)
(335732, 0.92446828)
(289069, 0.92446828)
(339455, 0.92446828)
(130312, 0.92446828)
(138336, 0.92446828)
(128788, 0.92446828)
(76926, 0.9244682)
(100191, 0.9244682)
(339944, 0.9244682)
(274548, 0.9244682)
(153615, 0.9244682)
(373315, 0.9244682)
(121934, 0.9244682)
(60713, 0.9244682)
(105372, 0.9244682)
(355929, 0.9244682)
(412547, 0.9244682)
(79046, 0.92446812)
(327669, 0.92446812)
(367073, 0.92446132)
(396947, 0.92446124)
(144463, 0.92446124)
(253365, 0.92446124)
(396403, 0.92446124)
(226602, 0.92446124)
(27939, 0.92446124)
(95997, 0.92446124)
(73446, 0.92446124)
(42216, 0.92446124)
(138591, 0.92446124)
(318177, 0.92446116)
(277233, 0.92446116)
(299329, 0.92446116)
(342453, 0.92446116)
(321437, 0.92446116)
(94173, 0.92446116)
(106664, 0.92446116)
(356622, 0.92446116)
(391262, 0.92446116)
(168210, 0.92446107)
(291672, 0.92446107)
(182306, 0.92445428)
(255264, 0.92445428)
(349106, 0.92445428)
(305042, 0.92445428)
(98154, 0.92445428)
(321351, 0.9244542)
(215937, 0.9244542)
(24939, 0.9244542)
(325972, 0.9244542)
(418525, 0.9244542)
(388416, 0.9244542)
(3311, 0.9244542)
(144479, 0.9244542)
(282812, 0.9244542)
(122576, 0.9244542)
(369573, 0.9244542)
(237959, 0.9244542)
(261660, 0.9244542)
(72916, 0.9244542)
(212575, 0.92445411)
(116599, 0.92445411)
(143994, 0.92444732)
(398955, 0.92444732)
(333736, 0.92444732)
(189920, 0.92444732)
(85242, 0.92444723)
(390145, 0.92444723)
(141669, 0.92444723)
(318694, 0.92444723)
(5469, 0.92444723)
(85031, 0.92444715)
(307373, 0.92444715)
(112309, 0.92444715)
(414732, 0.92444027)
(258776, 0.92444027)
(413671, 0.92444027)
(216292, 0.92444027)
(338754, 0.92444019)
(329021, 0.92444019)
(86734, 0.92444019)
(167815, 0.92444019)
(356010, 0.92444019)
(146844, 0.92444019)
(140846, 0.92444019)
(414397, 0.92444019)
(267391, 0.92444019)
(408329, 0.92444011)
(244700, 0.92444011)
(52558, 0.92444011)
(131308, 0.92443339)
(254905, 0.92443339)
(378225, 0.92443331)
(346146, 0.92443331)
(272949, 0.92443323)
(305535, 0.92443323)
(322860, 0.92443306)
(27045, 0.92443306)
(198576, 0.92442627)
(234583, 0.92442627)
(47696, 0.92442627)
(253041, 0.92442627)
(97774, 0.92442618)
(309331, 0.9244261)
(169426, 0.92441922)
(322146, 0.92441922)
(77314, 0.92441226)
(313199, 0.92441218)
(150633, 0.92441218)
(321910, 0.92440522)
(32070, 0.92440522)
(442, 0.92440513)
(223205, 0.92439826)
(316838, 0.92439121)
(135371, 0.92333366)
(89130, 0.9233267)
(183477, 0.92332662)
(49656, 0.92332662)
(288144, 0.92331974)
(46071, 0.92331966)
(225374, 0.92331966)
(300546, 0.92331966)
(186518, 0.92331278)
(51473, 0.92331278)
(61394, 0.92331278)
(19857, 0.92331278)
(76119, 0.92331278)
(122949, 0.92331278)
(207232, 0.9233127)
(385633, 0.9233127)
(339855, 0.9233127)
(366339, 0.9233127)
(34690, 0.9233127)
(332108, 0.92331261)
(48755, 0.92330582)
(210589, 0.92330582)
(307769, 0.92330582)
(159804, 0.92330574)
(262566, 0.92330574)
(176840, 0.92330574)
(10748, 0.92330574)
(117560, 0.92330574)
(50028, 0.92330565)
(48973, 0.92330565)
(387737, 0.92329886)
(46620, 0.92329878)
(146062, 0.92329878)
(318637, 0.92329878)
(238609, 0.92329878)
(332227, 0.92329878)
(200588, 0.92329878)
(250123, 0.92329878)
(365629, 0.92329878)
(338560, 0.92329878)
(240860, 0.92329878)
(293657, 0.92329869)
(216584, 0.92329869)
(290361, 0.92329869)
(157970, 0.92329869)
(201382, 0.92329869)
(262960, 0.92329869)
(152280, 0.92329869)
(25503, 0.92329861)
(283094, 0.92329181)
(198663, 0.92329181)
(244896, 0.92329181)
(40857, 0.92329181)
(188658, 0.92329181)
(203317, 0.92329181)
(211310, 0.92329181)
(69350, 0.92329173)
(314996, 0.92329173)
(238564, 0.92329173)
(340967, 0.92329173)
(281040, 0.92329173)
(1058, 0.92329173)
(194992, 0.92329165)
(27878, 0.92329165)
(412861, 0.92329165)
(417986, 0.92329165)
(56416, 0.92329165)
(79411, 0.92329165)
(234832, 0.92328494)
(361079, 0.92328485)
(108219, 0.92328485)
(225466, 0.92328485)
(108596, 0.92328485)
(203416, 0.92328477)
(194356, 0.92328477)
(141972, 0.92328477)
(315806, 0.92328477)
(324365, 0.92328477)
(148251, 0.92328477)
(217763, 0.92328477)
(321992, 0.92328469)
(178826, 0.92328469)
(72313, 0.92328469)
(199788, 0.92328469)
(159569, 0.92328469)
(108453, 0.9232846)
(276868, 0.9232846)
(229615, 0.92327789)
(5479, 0.92327789)
(418178, 0.92327789)
(299103, 0.92327789)
(188582, 0.92327781)
(284121, 0.92327781)
(236773, 0.92327781)
(405793, 0.92327781)
(233974, 0.92327781)
(58482, 0.92327781)
(36371, 0.92327781)
(385209, 0.92327781)
(6620, 0.92327773)
(92804, 0.92327773)
(353846, 0.92327773)
(157651, 0.92327773)
(396872, 0.92327773)
(378890, 0.92327773)
(228628, 0.92327773)
(156611, 0.92327773)
(190140, 0.92327773)
(17486, 0.92327773)
(254980, 0.92327773)
(176335, 0.92327773)
(398520, 0.92327773)
(368123, 0.92327773)
(173013, 0.92327764)
(35523, 0.92327764)
(365095, 0.92327085)
(363349, 0.92327085)
(197723, 0.92327085)
(205545, 0.92327085)
(361032, 0.92327085)
(182467, 0.92327076)
(246398, 0.92327076)
(176391, 0.92327076)
(27438, 0.92327076)
(419394, 0.92327076)
(410810, 0.92327076)
(57386, 0.92327076)
(239538, 0.92327076)
(74763, 0.92327076)
(163906, 0.92327076)
(278413, 0.92327068)
(285376, 0.92327068)
(314750, 0.92327068)
(390248, 0.92327068)
(157831, 0.92327068)
(179055, 0.92326389)
(192663, 0.92326389)
(86407, 0.9232638)
(242562, 0.9232638)
(209809, 0.9232638)
(136318, 0.9232638)
(26199, 0.9232638)
(182857, 0.9232638)
(341882, 0.9232638)
(88137, 0.92326372)
(393946, 0.92326372)
(212308, 0.92326372)
(147835, 0.92326372)
(231903, 0.92326372)
(334653, 0.92326372)
(302885, 0.92326372)
(338942, 0.92326372)
(106654, 0.92326364)
(229675, 0.92325684)
(239415, 0.92325676)
(317894, 0.92325676)
(208519, 0.92325676)
(241182, 0.92325676)
(73063, 0.92325668)
(316670, 0.92325668)
(226356, 0.92325668)
(174435, 0.92325668)
(321100, 0.92325659)
(99746, 0.92324988)
(181033, 0.9232498)
(296176, 0.9232498)
(171944, 0.9232498)
(354090, 0.92324971)
(77205, 0.92324971)
(161489, 0.92324971)
(199117, 0.92324971)
(18973, 0.92324971)
(367674, 0.92324971)
(311234, 0.92324963)
(334193, 0.92324284)
(98787, 0.92324284)
(330672, 0.92324275)
(63159, 0.92324275)
(105118, 0.92324275)
(92610, 0.92324267)
(10169, 0.92323587)
(211059, 0.92323579)
(365338, 0.92323571)
(47973, 0.92323571)
(237692, 0.92323571)
(140355, 0.92322875)
(128401, 0.92322179)
(23541, 0.92215719)
(370442, 0.92215719)
(291703, 0.92215023)
(99591, 0.92214327)
(221812, 0.92214319)
(247290, 0.92214319)
(282666, 0.92213639)
(141306, 0.92213631)
(340700, 0.92213623)
(295595, 0.92213623)
(349151, 0.92213623)
(177222, 0.92212943)
(128076, 0.92212935)
(343593, 0.92212935)
(322256, 0.92212935)
(322684, 0.92212935)
(21626, 0.92212935)
(360956, 0.92212927)
(252554, 0.92212927)
(185753, 0.92212927)
(345132, 0.92212927)
(158043, 0.92212927)
(392919, 0.92212918)
(94250, 0.92212918)
(2693, 0.92212239)
(363373, 0.92212239)
(382689, 0.92212239)
(331045, 0.92212239)
(205538, 0.9221223)
(383797, 0.92212222)
(108613, 0.92212222)
(150741, 0.92212222)
(417023, 0.92212222)
(6280, 0.92212214)
(139752, 0.92211534)
(30399, 0.92211534)
(324439, 0.92211526)
(328950, 0.92211526)
(283704, 0.92211526)
(38620, 0.92211526)
(370163, 0.92211518)
(387230, 0.92210838)
(336784, 0.92210838)
(357256, 0.92210838)
(214855, 0.92210838)
(225991, 0.9221083)
(166376, 0.9221083)
(216271, 0.9221083)
(96646, 0.9221083)
(297730, 0.9221083)
(73654, 0.9221083)
(49915, 0.9221083)
(91332, 0.92210822)
(149798, 0.92210822)
(339293, 0.92210134)
(24532, 0.92210134)
(340986, 0.92210134)
(342931, 0.92210134)
(281448, 0.92210134)
(417097, 0.92210134)
(18656, 0.92210125)
(375955, 0.92210125)
(141436, 0.92210125)
(30567, 0.92210125)
(154915, 0.92210125)
(113744, 0.92210125)
(320372, 0.92210125)
(73161, 0.92210125)
(137804, 0.92210117)
(167567, 0.92210117)
(280995, 0.92210117)
(330947, 0.92210117)
(150470, 0.92209438)
(90966, 0.92209438)
(40584, 0.92209438)
(303495, 0.92209438)
(323446, 0.92209438)
(276447, 0.92209429)
(118622, 0.92209429)
(126032, 0.92209429)
(61761, 0.92209429)
(41495, 0.92209429)
(262048, 0.92209429)
(120276, 0.92209429)
(77974, 0.92209421)
(18540, 0.92209421)
(375985, 0.92209421)
(224981, 0.92209421)
(259991, 0.92209421)
(127666, 0.92209421)
(242133, 0.92209421)
(153092, 0.92208741)
(335933, 0.92208733)
(399370, 0.92208733)
(128706, 0.92208733)
(111087, 0.92208733)
(21736, 0.92208733)
(302329, 0.92208733)
(131545, 0.92208733)
(409894, 0.92208733)
(245704, 0.92208733)
(401972, 0.92208725)
(327735, 0.92208725)
(384804, 0.92208725)
(27859, 0.92208725)
(418320, 0.92208717)
(410995, 0.92208717)
(75017, 0.92208045)
(414008, 0.92208045)
(843, 0.92208037)
(168397, 0.92208037)
(126089, 0.92208029)
(50594, 0.92208029)
(405307, 0.92208029)
(198959, 0.92207333)
(90995, 0.92207333)
(193370, 0.92207324)
(288277, 0.92207324)
(219674, 0.92207316)
(272011, 0.92206628)
(236052, 0.92206628)
(307689, 0.92206628)
(351649, 0.9220662)
(12264, 0.9220594)
(42444, 0.92205916)
(159067, 0.92205219)
(150256, 0.92205219)
(35611, 0.92203835)
(243264, 0.92203827)
(79312, 0.92203123)
(354825, 0.92098081)
(354734, 0.92098072)
(113786, 0.9209668)
(41537, 0.92095992)
(102055, 0.92095288)
(342335, 0.9209528)
(95551, 0.9209528)
(222887, 0.9209528)
(116129, 0.9209528)
(267224, 0.92095271)
(58747, 0.92095271)
(214885, 0.92094592)
(105732, 0.92094583)
(80352, 0.92094583)
(305098, 0.92094575)
(378612, 0.92094567)
(74647, 0.92093896)
(125192, 0.92093887)
(301118, 0.92093887)
(360840, 0.92093879)
(40705, 0.92093879)
(156431, 0.92093879)
(342074, 0.92093879)
(102347, 0.92093879)
(342767, 0.92093879)
(299578, 0.92093871)
(95170, 0.92093191)
(388579, 0.92093183)
(196623, 0.92093183)
(279765, 0.92093183)
(50587, 0.92093183)
(40728, 0.92093183)
(332521, 0.92093183)
(237890, 0.92093183)
(236950, 0.92093183)
(386364, 0.92093183)
(244953, 0.92093175)
(196171, 0.92093175)
(416189, 0.92092495)
(51794, 0.92092495)
(52974, 0.92092487)
(99786, 0.92092487)
(370284, 0.92092487)
(259933, 0.92092487)
(251942, 0.92092487)
(133008, 0.92092487)
(284131, 0.92092478)
(310129, 0.92092478)
(232450, 0.92092478)
(90276, 0.92092478)
(82286, 0.92092478)
(161887, 0.9209247)
(250796, 0.9209247)
(162858, 0.9209247)
(396481, 0.92091799)
(90468, 0.92091799)
(81979, 0.92091791)
(264078, 0.92091791)
(66414, 0.92091791)
(340838, 0.92091791)
(71040, 0.92091782)
(99303, 0.92091782)
(221056, 0.92091782)
(367399, 0.92091782)
(306105, 0.92091782)
(333039, 0.92091782)
(110066, 0.92091782)
(153763, 0.92091782)
(203442, 0.92091782)
(90599, 0.92091782)
(322826, 0.92091782)
(265025, 0.92091774)
(149978, 0.92091094)
(325886, 0.92091094)
(396810, 0.92091094)
(107539, 0.92091086)
(254538, 0.92091086)
(288995, 0.92091086)
(345203, 0.92091086)
(89243, 0.92091086)
(123963, 0.92091086)
(152231, 0.92091078)
(44491, 0.92091078)
(21890, 0.92091078)
(126853, 0.92091078)
(404104, 0.92091078)
(120858, 0.92091078)
(311449, 0.92091078)
(87722, 0.9209039)
(415390, 0.9209039)
(317643, 0.92090382)
(159858, 0.92090382)
(407721, 0.92090382)
(231983, 0.92090373)
(90893, 0.92090373)
(199497, 0.92090373)
(11042, 0.92089686)
(186754, 0.92089677)
(113497, 0.92089677)
(245850, 0.92089677)
(392613, 0.92089677)
(197186, 0.92088293)
(146392, 0.92088293)
(229275, 0.92088285)
(337897, 0.92088277)
(168423, 0.92088268)
(297777, 0.92087597)
(44882, 0.92087589)
(401608, 0.92086893)
(50449, 0.92086876)
(187909, 0.92086868)
(381483, 0.92085492)
(391600, 0.91979729)
(161286, 0.91979721)
(139648, 0.91979033)
(176861, 0.91978329)
(353113, 0.91977641)
(112586, 0.91977632)
(251617, 0.91977632)
(317386, 0.91977632)
(208709, 0.91977624)
(274619, 0.91977624)
(402909, 0.91976936)
(83558, 0.91976936)
(416697, 0.9197624)
(43431, 0.91976232)
(328094, 0.91976232)
(386645, 0.91976232)
(99244, 0.91976232)
(192934, 0.91976232)
(394077, 0.91976232)
(291895, 0.91976232)
(241779, 0.91975552)
(81131, 0.91975536)
(151940, 0.91975536)
(328476, 0.91975536)
(197642, 0.91975536)
(114064, 0.91975536)
(305588, 0.91975536)
(63968, 0.91975527)
(332672, 0.91975527)
(278378, 0.91975519)
(347513, 0.91974848)
(332628, 0.91974848)
(118880, 0.91974848)
(201394, 0.9197484)
(141184, 0.9197484)
(47966, 0.91974831)
(92826, 0.91974823)
(165886, 0.91974152)
(131793, 0.91974144)
(19297, 0.91974144)
(205935, 0.91974144)
(67606, 0.91974144)
(57600, 0.91974135)
(339784, 0.91974135)
(282293, 0.91974135)
(141308, 0.91974135)
(212866, 0.91974135)
(384782, 0.91974135)
(165175, 0.91974135)
(270187, 0.91974135)
(82009, 0.91974127)
(132448, 0.91974127)
(206017, 0.91974127)
(318754, 0.91974127)
(236, 0.91973447)
(24031, 0.91973439)
(372196, 0.91973439)
(55609, 0.91973439)
(390930, 0.91973439)
(160926, 0.91973439)
(123075, 0.91973431)
(157169, 0.91973431)
(206382, 0.91973431)
(223333, 0.91973423)
(8102, 0.91973423)
(66006, 0.91972751)
(248785, 0.91972039)
(397801, 0.91972039)
(173466, 0.9197203)
(147585, 0.9197203)
(111629, 0.9197203)
(76634, 0.9197203)
(318396, 0.9197203)
(384150, 0.91972022)
(417217, 0.91972022)
(323108, 0.91971342)
(372265, 0.91971342)
(337393, 0.91971334)
(216452, 0.91971334)
(52562, 0.91971334)
(373799, 0.91971334)
(275469, 0.91971334)
(358709, 0.91971326)
(289195, 0.91970638)
(280734, 0.91969934)
(255404, 0.91969237)
(61689, 0.91969229)
(338652, 0.91969229)
(81954, 0.91967149)
(382967, 0.91862082)
(218323, 0.91861386)
(69899, 0.9186069)
(171409, 0.91859994)
(25861, 0.91859985)
(68033, 0.91859298)
(369535, 0.91859298)
(57497, 0.91859281)
(54348, 0.91858601)
(86633, 0.91857897)
(222964, 0.91857897)
(111670, 0.91857889)
(140599, 0.91857889)
(57135, 0.91857889)
(102595, 0.91857889)
(381435, 0.91857889)
(97830, 0.91857889)
(94888, 0.9185788)
(343571, 0.91857184)
(265796, 0.91857184)
(41805, 0.91857184)
(37776, 0.91856505)
(43874, 0.91856496)
(59088, 0.91856496)
(399037, 0.91856488)
(395141, 0.91856488)
(196179, 0.91856488)
(290535, 0.9185648)
(20787, 0.918558)
(102461, 0.918558)
(38250, 0.918558)
(215837, 0.91855792)
(156247, 0.91855792)
(389955, 0.91855784)
(59679, 0.91855784)
(178590, 0.91855104)
(56271, 0.91855096)
(49990, 0.91855096)
(146047, 0.91855088)
(323994, 0.91855088)
(90271, 0.91855088)
(206940, 0.91855079)
(82481, 0.91855079)
(151754, 0.91855071)
(52908, 0.91854383)
(324874, 0.91854383)
(113510, 0.91854375)
(94972, 0.91854375)
(310063, 0.91853695)
(264767, 0.91853695)
(200545, 0.91852295)
(82280, 0.91852286)
(225853, 0.91852286)
(400262, 0.91852286)
(380904, 0.91852278)
(277670, 0.91851599)
(183688, 0.91851599)
(168909, 0.9185159)
(131273, 0.91851574)
(412461, 0.91850902)
(26253, 0.91850902)
(384436, 0.91850894)
(56418, 0.91850198)
(330225, 0.91848093)
(318618, 0.91743026)
(118972, 0.91742338)
(4899, 0.91741651)
(152238, 0.91741642)
(211863, 0.91741642)
(193257, 0.91741634)
(127270, 0.91740242)
(295890, 0.91740233)
(358437, 0.91739554)
(222574, 0.91739546)
(227149, 0.91739546)
(404744, 0.91739537)
(33311, 0.91738849)
(230818, 0.91738841)
(196795, 0.91738841)
(333495, 0.91738841)
(417885, 0.91738841)
(401663, 0.91738841)
(371589, 0.91738841)
(186523, 0.91738833)
(25342, 0.91738833)
(235578, 0.91738833)
(236398, 0.91738833)
(308635, 0.91738153)
(292166, 0.91738153)
(322100, 0.91738145)
(70344, 0.91738145)
(204739, 0.91738137)
(92232, 0.91738128)
(60858, 0.91737457)
(228902, 0.91737449)
(301599, 0.91737449)
(222752, 0.91737449)
(203449, 0.91737441)
(254739, 0.91737441)
(365684, 0.91737441)
(317112, 0.91737441)
(386086, 0.91737424)
(290979, 0.91736761)
(195265, 0.91736753)
(399195, 0.91736744)
(418264, 0.91736744)
(402323, 0.91736744)
(132506, 0.91736736)
(2211, 0.91736057)
(186496, 0.91736048)
(23695, 0.91736032)
(396888, 0.9173536)
(44070, 0.91735344)
(135965, 0.91735336)
(273052, 0.91733247)
(85477, 0.91733247)
(230994, 0.916247)
(278700, 0.91624003)
(169056, 0.91623307)
(102644, 0.91622586)
(98832, 0.91621898)
(384506, 0.91621202)
(38760, 0.91621202)
(177533, 0.91621202)
(28701, 0.91621194)
(339210, 0.91621194)
(392346, 0.91621186)
(308416, 0.91620506)
(276568, 0.91620498)
(244890, 0.91620498)
(142770, 0.9162049)
(265310, 0.9161981)
(400076, 0.91619802)
(115069, 0.91619793)
(27945, 0.91619793)
(380725, 0.91619785)
(50452, 0.91619097)
(233100, 0.91619081)
(119589, 0.91618393)
(388007, 0.91617705)
(274695, 0.91617001)
(136453, 0.91617001)
(353700, 0.91617001)
(360079, 0.91616296)
(240881, 0.91615608)
(190620, 0.91615608)
(111565, 0.91614904)
(277661, 0.91505644)
(267184, 0.91504948)
(89900, 0.91504948)
(410625, 0.91504251)
(189871, 0.91503547)
(19125, 0.91502851)
(244649, 0.91502155)
(183967, 0.91502155)
(58065, 0.91501442)
(378826, 0.91500041)
(5393, 0.91499354)
(64107, 0.91499345)
(263227, 0.91499337)
(173377, 0.91498641)
(73125, 0.91493768)
(302586, 0.91389397)
(403437, 0.91386613)
(92230, 0.91386588)
(69001, 0.91385204)
(39955, 0.91385204)
(227264, 0.91384516)
(80681, 0.91384491)
(95978, 0.91384491)
(352886, 0.9138382)
(391867, 0.91383107)
(321122, 0.91380306)
(17837, 0.91380298)
(340021, 0.91270366)
(35950, 0.91267565)
(199443, 0.91266164)
(390000, 0.91266148)
(165912, 0.91263355)
(280506, 0.91259162)
(226257, 0.9114991)
(69500, 0.9114991)
(351219, 0.91149214)
(117850, 0.91147117)
(386355, 0.91147109)
(105261, 0.91145012)
(164585, 0.91030166)
(52382, 0.91029453)
(357949, 0.91025964)
(254825, 0.90914624)
(405605, 0.90914607)
