(286367, 0.94100169)
(110990, 0.94099473)
(333042, 0.94098769)
(374613, 0.94098769)
(351972, 0.94098072)
(156603, 0.94098072)
(247248, 0.93981826)
(333754, 0.93981826)
(303663, 0.93981826)
(136451, 0.93981826)
(94132, 0.93981826)
(7895, 0.9398113)
(162689, 0.93981121)
(45137, 0.93980425)
(63934, 0.93980425)
(338983, 0.93980425)
(88344, 0.93979721)
(117567, 0.93864875)
(148683, 0.93864875)
(171173, 0.93864875)
(393106, 0.93864875)
(30584, 0.93864875)
(26983, 0.93864179)
(205713, 0.93864179)
(146048, 0.93864179)
(274116, 0.93864179)
(116402, 0.93864179)
(45617, 0.93864179)
(377202, 0.93864179)
(64198, 0.93864179)
(388698, 0.93864179)
(234083, 0.93864179)
(356577, 0.93864179)
(81510, 0.93864179)
(344279, 0.93864179)
(171495, 0.93864179)
(259478, 0.93864179)
(112687, 0.93863483)
(93220, 0.93863483)
(156834, 0.93863483)
(1533, 0.93863474)
(73916, 0.93863474)
(214558, 0.93863474)
(94085, 0.93863474)
(289769, 0.93863474)
(388249, 0.93863474)
(326257, 0.93863474)
(186207, 0.93863474)
(165259, 0.93863474)
(79749, 0.93862787)
(220533, 0.93862778)
(252667, 0.93862778)
(322639, 0.93862778)
(18294, 0.93862778)
(377142, 0.93862778)
(23894, 0.93862778)
(410737, 0.93862778)
(15679, 0.93862778)
(94511, 0.93862778)
(74419, 0.93862778)
(63519, 0.93862778)
(290932, 0.93862778)
(294169, 0.93862778)
(294904, 0.93862778)
(77633, 0.93862778)
(365747, 0.93862778)
(391568, 0.93862778)
(263568, 0.93862778)
(19725, 0.93862778)
(240489, 0.9386277)
(146520, 0.93862082)
(39167, 0.93862082)
(161450, 0.93862082)
(84406, 0.93862082)
(263304, 0.93862082)
(5572, 0.93862074)
(382420, 0.93862074)
(166502, 0.93862074)
(286339, 0.93862074)
(377480, 0.93862074)
(338571, 0.93862074)
(141921, 0.93861378)
(292232, 0.93861378)
(158795, 0.93861378)
(260046, 0.93860682)
(338025, 0.93747228)
(206490, 0.93747228)
(125626, 0.93747228)
(128489, 0.93747228)
(81487, 0.93747228)
(109381, 0.93747228)
(180008, 0.93747228)
(206960, 0.93747228)
(98620, 0.93747228)
(283141, 0.93747228)
(352465, 0.93747228)
(312544, 0.93747228)
(291430, 0.93746532)
(258618, 0.93746532)
(225118, 0.93746532)
(243979, 0.93746532)
(96920, 0.93746532)
(335214, 0.93746532)
(186200, 0.93746532)
(12026, 0.93746532)
(46372, 0.93746532)
(13567, 0.93745836)
(157944, 0.93745836)
(99930, 0.93745836)
(93734, 0.93745836)
(401717, 0.93745836)
(107861, 0.93745836)
(108019, 0.93745836)
(244066, 0.93745836)
(190972, 0.93745836)
(357084, 0.93745836)
(92507, 0.93745827)
(210445, 0.93745827)
(157162, 0.93745827)
(346480, 0.93745827)
(143032, 0.93745827)
(266565, 0.93745827)
(261669, 0.93745827)
(44851, 0.93745827)
(340701, 0.93745139)
(371045, 0.93745139)
(49140, 0.93745139)
(305147, 0.93745139)
(403899, 0.93745139)
(318963, 0.93745139)
(67232, 0.93745131)
(94575, 0.93745131)
(148155, 0.93745131)
(417542, 0.93745131)
(117218, 0.93745131)
(176690, 0.93745131)
(53905, 0.93745131)
(371347, 0.93745131)
(188578, 0.93745131)
(200434, 0.93745131)
(389643, 0.93745131)
(322497, 0.93745131)
(180194, 0.93745131)
(357740, 0.93745131)
(290094, 0.93745131)
(212000, 0.93745131)
(258237, 0.93745131)
(208188, 0.93745131)
(154741, 0.93745131)
(67892, 0.93745131)
(235669, 0.93745131)
(114511, 0.93745131)
(155688, 0.93745131)
(94491, 0.93745131)
(151188, 0.93745131)
(135914, 0.93744435)
(249692, 0.93744435)
(31334, 0.93744435)
(6928, 0.93744435)
(218057, 0.93744435)
(229090, 0.93744435)
(379643, 0.93744435)
(336687, 0.93744435)
(15592, 0.93744435)
(244227, 0.93744435)
(31937, 0.93744435)
(159634, 0.93744435)
(123282, 0.93744435)
(286882, 0.93744427)
(234068, 0.93744427)
(297484, 0.93744427)
(270103, 0.93744427)
(66218, 0.93744427)
(114455, 0.93743747)
(150332, 0.93743739)
(15375, 0.93743739)
(231074, 0.93743739)
(44436, 0.93743731)
(317550, 0.93743731)
(334825, 0.93743731)
(272871, 0.93743731)
(395544, 0.93743731)
(257618, 0.93743731)
(252186, 0.93743731)
(48002, 0.93743731)
(210273, 0.93743731)
(295667, 0.93743034)
(286741, 0.93743034)
(318486, 0.93743026)
(70493, 0.93743026)
(9460, 0.93742338)
(45516, 0.9374233)
(84286, 0.93741634)
(89072, 0.93741626)
(292962, 0.93629581)
(413035, 0.93629581)
(193634, 0.93628885)
(32022, 0.93628885)
(146245, 0.93628885)
(355773, 0.93628885)
(110744, 0.93628885)
(353035, 0.93628885)
(148897, 0.93628885)
(386968, 0.93628885)
(259356, 0.93628885)
(241627, 0.93628885)
(287824, 0.93628189)
(329676, 0.93628189)
(307388, 0.93628189)
(253676, 0.93628189)
(212660, 0.93628189)
(377593, 0.93628189)
(345704, 0.93628189)
(162284, 0.93628189)
(90019, 0.93628189)
(304053, 0.93628189)
(96732, 0.93628189)
(267757, 0.93628189)
(303580, 0.93628189)
(407326, 0.93628189)
(56679, 0.93628189)
(287443, 0.93628189)
(247274, 0.93628189)
(47588, 0.93628189)
(55064, 0.93628189)
(125623, 0.93628189)
(25313, 0.9362818)
(411218, 0.9362818)
(159537, 0.9362818)
(182054, 0.9362818)
(375550, 0.9362818)
(268236, 0.9362818)
(346223, 0.9362818)
(90481, 0.9362818)
(33273, 0.9362818)
(294335, 0.9362818)
(220772, 0.9362818)
(377295, 0.9362818)
(401826, 0.9362818)
(108606, 0.9362818)
(123327, 0.93627492)
(30755, 0.93627492)
(212292, 0.93627492)
(36760, 0.93627492)
(25885, 0.93627492)
(21117, 0.93627492)
(124899, 0.93627492)
(20878, 0.93627492)
(378161, 0.93627492)
(51034, 0.93627492)
(84213, 0.93627492)
(157058, 0.93627484)
(278793, 0.93627484)
(300231, 0.93627484)
(51310, 0.93627484)
(336788, 0.93627484)
(242217, 0.93627484)
(195129, 0.93627484)
(299304, 0.93627484)
(315726, 0.93627484)
(40961, 0.93627484)
(269787, 0.93627484)
(278633, 0.93627484)
(206280, 0.93627484)
(154347, 0.93627484)
(147319, 0.93627484)
(312687, 0.93627484)
(234801, 0.93627484)
(393044, 0.93627484)
(6893, 0.93627484)
(159656, 0.93627484)
(182329, 0.93627484)
(315218, 0.93627484)
(67194, 0.93626796)
(97067, 0.93626796)
(369107, 0.93626788)
(272932, 0.93626788)
(405326, 0.93626788)
(417221, 0.93626788)
(82239, 0.93626788)
(198610, 0.93626788)
(383349, 0.93626788)
(299183, 0.93626788)
(416834, 0.93626788)
(110353, 0.93626788)
(148592, 0.93626788)
(180577, 0.93626788)
(19064, 0.93626788)
(130156, 0.93626788)
(35805, 0.93626788)
(3677, 0.93626788)
(370457, 0.93626788)
(271930, 0.93626788)
(363666, 0.93626788)
(181933, 0.93626788)
(277615, 0.93626788)
(172755, 0.93626788)
(338967, 0.93626788)
(12537, 0.93626788)
(47958, 0.93626788)
(64405, 0.93626788)
(283132, 0.93626788)
(397077, 0.93626788)
(95643, 0.93626788)
(50749, 0.93626788)
(70360, 0.93626788)
(406789, 0.93626788)
(417745, 0.9362678)
(311099, 0.9362678)
(345909, 0.9362678)
(106350, 0.9362678)
(10309, 0.9362678)
(147826, 0.9362678)
(105072, 0.9362678)
(204009, 0.936261)
(65078, 0.93626092)
(34644, 0.93626092)
(201300, 0.93626092)
(120121, 0.93626092)
(395977, 0.93626092)
(326964, 0.93626092)
(77851, 0.93626092)
(81693, 0.93626092)
(187840, 0.93626092)
(242366, 0.93626092)
(51622, 0.93626092)
(177195, 0.93626092)
(301646, 0.93626092)
(320481, 0.93626084)
(190080, 0.93626084)
(247093, 0.93626084)
(150964, 0.93626084)
(413225, 0.93626084)
(35670, 0.93626084)
(135215, 0.93626084)
(349260, 0.93626084)
(297707, 0.93626084)
(63106, 0.93626084)
(237096, 0.93626084)
(15972, 0.93626084)
(163639, 0.93626084)
(300345, 0.93626084)
(300163, 0.93626084)
(254637, 0.93626084)
(12110, 0.93626084)
(205480, 0.93626084)
(168173, 0.93625396)
(334762, 0.93625396)
(20428, 0.93625387)
(114637, 0.93625387)
(51111, 0.93625387)
(238208, 0.93625387)
(395051, 0.93625387)
(158931, 0.93625387)
(157289, 0.93625387)
(381244, 0.93625387)
(309540, 0.93625379)
(39750, 0.93625379)
(84582, 0.93625379)
(330561, 0.93625379)
(309304, 0.93624691)
(95756, 0.93624691)
(190046, 0.93624691)
(390740, 0.93624691)
(186809, 0.93624691)
(136411, 0.93624683)
(310812, 0.93624683)
(50108, 0.93624683)
(379091, 0.93624683)
(251426, 0.93624683)
(250723, 0.93623987)
(341425, 0.93623987)
(26808, 0.93623987)
(149009, 0.93511934)
(382594, 0.93511934)
(250280, 0.93511934)
(39308, 0.93511934)
(412046, 0.93511238)
(217714, 0.93511238)
(318731, 0.93511238)
(245443, 0.93511238)
(152992, 0.93511238)
(42801, 0.93511238)
(163535, 0.93511238)
(530, 0.93511238)
(13998, 0.93511238)
(187384, 0.93511238)
(239965, 0.93511238)
(23055, 0.93511238)
(121390, 0.93510541)
(403433, 0.93510541)
(375373, 0.93510541)
(417861, 0.93510541)
(184318, 0.93510541)
(250930, 0.93510541)
(412624, 0.93510541)
(213279, 0.93510541)
(332620, 0.93510541)
(394026, 0.93510541)
(394329, 0.93510541)
(338001, 0.93510533)
(171762, 0.93510533)
(395535, 0.93510533)
(260811, 0.93510533)
(210674, 0.93510533)
(79091, 0.93510533)
(174190, 0.93510533)
(116497, 0.93510533)
(267209, 0.93510533)
(282717, 0.93510533)
(334740, 0.93510533)
(391403, 0.93510533)
(149451, 0.93509845)
(96330, 0.93509845)
(294091, 0.93509845)
(287679, 0.93509845)
(159337, 0.93509845)
(65141, 0.93509845)
(248711, 0.93509845)
(221033, 0.93509845)
(184550, 0.93509845)
(106296, 0.93509845)
(256827, 0.93509845)
(62873, 0.93509845)
(83775, 0.93509837)
(376506, 0.93509837)
(285918, 0.93509837)
(301301, 0.93509837)
(394372, 0.93509837)
(5349, 0.93509837)
(191564, 0.93509837)
(185050, 0.93509837)
(187220, 0.93509837)
(244688, 0.93509837)
(78468, 0.93509837)
(17227, 0.93509837)
(325025, 0.93509837)
(347227, 0.93509837)
(10819, 0.93509837)
(26895, 0.93509837)
(318819, 0.93509837)
(152188, 0.93509837)
(384579, 0.93509837)
(255600, 0.93509837)
(91971, 0.93509837)
(178266, 0.93509837)
(315287, 0.93509837)
(250012, 0.93509837)
(105488, 0.93509837)
(24187, 0.93509149)
(352275, 0.93509149)
(218976, 0.93509149)
(260434, 0.93509149)
(338969, 0.93509149)
(322644, 0.93509149)
(113338, 0.93509149)
(367433, 0.93509149)
(205433, 0.93509141)
(134469, 0.93509141)
(416478, 0.93509141)
(206948, 0.93509141)
(341318, 0.93509141)
(409651, 0.93509141)
(110356, 0.93509141)
(161913, 0.93509141)
(257446, 0.93509141)
(126940, 0.93509141)
(232030, 0.93509141)
(290127, 0.93509141)
(362595, 0.93509141)
(265149, 0.93509141)
(50764, 0.93509141)
(209346, 0.93509141)
(65672, 0.93509141)
(263396, 0.93509141)
(184960, 0.93509141)
(98240, 0.93509141)
(32848, 0.93509141)
(330140, 0.93509141)
(288338, 0.93509141)
(10676, 0.93509141)
(3576, 0.93509141)
(34659, 0.93509141)
(180556, 0.93509141)
(19901, 0.93509141)
(194670, 0.93509141)
(165028, 0.93509141)
(308084, 0.93509141)
(60036, 0.93509141)
(342884, 0.93509141)
(31607, 0.93509141)
(275874, 0.93509141)
(192722, 0.93509141)
(234941, 0.93509133)
(403031, 0.93509133)
(388466, 0.93509133)
(131688, 0.93509133)
(129064, 0.93509133)
(46160, 0.93509133)
(36949, 0.93508453)
(388414, 0.93508453)
(270252, 0.93508445)
(28692, 0.93508445)
(374661, 0.93508445)
(304511, 0.93508445)
(344949, 0.93508445)
(257719, 0.93508445)
(114955, 0.93508445)
(340478, 0.93508445)
(343564, 0.93508445)
(371389, 0.93508445)
(70147, 0.93508445)
(316040, 0.93508445)
(139845, 0.93508445)
(200969, 0.93508445)
(56800, 0.93508445)
(308883, 0.93508445)
(379443, 0.93508445)
(364068, 0.93508445)
(4383, 0.93508445)
(123550, 0.93508445)
(292089, 0.93508445)
(38800, 0.93508445)
(126073, 0.93508445)
(323112, 0.93508445)
(352781, 0.93508445)
(76383, 0.93508437)
(50344, 0.93508437)
(390051, 0.93508437)
(370636, 0.93508437)
(378062, 0.93508437)
(231355, 0.93508437)
(211157, 0.93508437)
(115190, 0.93508437)
(378072, 0.93508437)
(279779, 0.93508437)
(85122, 0.93508437)
(315389, 0.93508437)
(83702, 0.93508437)
(127721, 0.93508437)
(179603, 0.93508437)
(220176, 0.93508437)
(135664, 0.93508437)
(289884, 0.93508437)
(354223, 0.93507757)
(48668, 0.93507749)
(403598, 0.93507749)
(149501, 0.93507749)
(285377, 0.93507749)
(37457, 0.93507749)
(221814, 0.9350774)
(54018, 0.9350774)
(247772, 0.9350774)
(114223, 0.9350774)
(314785, 0.9350774)
(239896, 0.9350774)
(314326, 0.9350774)
(190255, 0.9350774)
(398288, 0.9350774)
(370990, 0.9350774)
(171479, 0.9350774)
(116080, 0.9350774)
(406606, 0.9350774)
(4701, 0.9350774)
(407952, 0.9350774)
(292264, 0.9350774)
(56667, 0.9350774)
(288468, 0.9350774)
(308736, 0.9350774)
(94912, 0.9350774)
(208863, 0.9350774)
(146699, 0.9350774)
(41543, 0.9350774)
(98602, 0.9350774)
(96739, 0.9350774)
(92168, 0.93507732)
(166665, 0.93507732)
(43820, 0.93507732)
(313086, 0.93507732)
(33470, 0.93507053)
(373637, 0.93507044)
(73951, 0.93507044)
(21996, 0.93507044)
(320708, 0.93507044)
(55924, 0.93507044)
(290007, 0.93507044)
(156565, 0.93507044)
(91155, 0.93507044)
(401259, 0.93507036)
(225361, 0.93507036)
(11426, 0.93507036)
(65799, 0.93507036)
(109212, 0.93507036)
(304410, 0.93507036)
(207694, 0.93507036)
(418898, 0.93506348)
(100375, 0.93506348)
(415365, 0.93506348)
(373926, 0.9350634)
(375499, 0.9350634)
(273918, 0.9350634)
(3974, 0.9350634)
(305884, 0.9350634)
(85196, 0.9350634)
(415170, 0.93505644)
(98728, 0.93505644)
(275819, 0.93505635)
(320619, 0.93505635)
(351606, 0.93505635)
(279468, 0.93504948)
(222267, 0.93394287)
(198343, 0.93393591)
(384806, 0.93393591)
(15754, 0.93393591)
(81433, 0.93393591)
(408114, 0.93393591)
(249470, 0.93393591)
(293617, 0.93393591)
(174906, 0.93392894)
(84087, 0.93392894)
(270491, 0.93392894)
(213261, 0.93392894)
(74854, 0.93392894)
(340014, 0.93392894)
(370005, 0.93392894)
(36134, 0.93392894)
(66703, 0.93392894)
(255882, 0.93392894)
(254102, 0.93392894)
(284051, 0.93392894)
(181363, 0.93392894)
(48163, 0.93392894)
(401635, 0.93392894)
(6337, 0.93392894)
(126179, 0.93392886)
(330870, 0.93392886)
(74997, 0.93392886)
(318001, 0.93392886)
(165342, 0.93392886)
(409681, 0.93392886)
(161013, 0.93392886)
(372932, 0.93392198)
(375892, 0.93392198)
(85045, 0.93392198)
(288235, 0.93392198)
(324296, 0.93392198)
(246014, 0.93392198)
(347246, 0.93392198)
(338938, 0.93392198)
(160983, 0.93392198)
(306460, 0.93392198)
(376770, 0.93392198)
(240916, 0.93392198)
(279432, 0.9339219)
(272861, 0.9339219)
(270334, 0.9339219)
(158690, 0.9339219)
(337463, 0.9339219)
(302387, 0.9339219)
(240981, 0.9339219)
(215532, 0.9339219)
(218570, 0.9339219)
(15144, 0.9339219)
(58581, 0.9339219)
(21915, 0.9339219)
(361706, 0.9339219)
(172965, 0.9339219)
(137553, 0.9339219)
(359997, 0.9339219)
(386932, 0.9339219)
(48844, 0.9339219)
(273300, 0.9339219)
(284608, 0.9339219)
(60431, 0.9339219)
(121636, 0.93391502)
(8080, 0.93391502)
(130659, 0.93391502)
(184224, 0.93391502)
(411906, 0.93391502)
(285679, 0.93391502)
(122811, 0.93391502)
(246064, 0.93391494)
(2982, 0.93391494)
(110650, 0.93391494)
(64712, 0.93391494)
(333465, 0.93391494)
(130291, 0.93391494)
(406343, 0.93391494)
(214172, 0.93391494)
(140499, 0.93391494)
(29613, 0.93391494)
(88180, 0.93391494)
(205004, 0.93391494)
(374406, 0.93391494)
(353236, 0.93391494)
(381301, 0.93391494)
(297576, 0.93391494)
(393105, 0.93391494)
(7769, 0.93391494)
(311275, 0.93391494)
(86679, 0.93391494)
(259813, 0.93391494)
(157272, 0.93391494)
(93384, 0.93391494)
(152668, 0.93391494)
(169729, 0.93391494)
(348390, 0.93391494)
(26764, 0.93391494)
(283800, 0.93391494)
(325770, 0.93391494)
(163098, 0.93391494)
(51162, 0.93391494)
(214940, 0.93391494)
(100293, 0.93391494)
(94792, 0.93391494)
(385997, 0.93391494)
(412943, 0.93391494)
(54308, 0.93391494)
(59346, 0.93391494)
(202835, 0.93391494)
(51715, 0.93391494)
(242376, 0.93391494)
(128190, 0.93391494)
(304689, 0.93391494)
(251733, 0.93391494)
(238886, 0.93391494)
(64540, 0.93391494)
(118362, 0.93391494)
(6712, 0.93391494)
(69226, 0.93391494)
(297072, 0.93391486)
(336326, 0.93391486)
(359497, 0.93391486)
(5123, 0.93391486)
(3807, 0.93391486)
(204665, 0.93391486)
(379403, 0.93391486)
(157040, 0.93390806)
(223403, 0.93390806)
(343261, 0.93390806)
(47304, 0.93390798)
(340146, 0.93390798)
(85018, 0.93390798)
(280844, 0.93390798)
(185792, 0.93390798)
(416442, 0.93390798)
(121429, 0.93390798)
(182651, 0.93390798)
(69494, 0.93390798)
(160753, 0.93390798)
(395640, 0.93390798)
(124771, 0.93390798)
(67227, 0.93390798)
(235765, 0.93390798)
(129860, 0.93390798)
(19923, 0.93390798)
(30633, 0.93390798)
(392113, 0.93390798)
(216908, 0.93390798)
(232299, 0.93390798)
(165280, 0.93390798)
(169193, 0.93390798)
(297683, 0.93390798)
(36367, 0.93390798)
(113285, 0.93390798)
(398032, 0.93390798)
(110809, 0.93390798)
(389215, 0.93390798)
(244261, 0.93390798)
(124972, 0.93390789)
(176110, 0.93390789)
(276816, 0.93390789)
(205874, 0.93390789)
(156112, 0.93390789)
(78647, 0.93390789)
(144267, 0.93390789)
(253061, 0.93390789)
(412707, 0.93390789)
(151646, 0.93390789)
(52055, 0.93390789)
(155466, 0.93390789)
(246261, 0.93390789)
(304336, 0.93390789)
(326237, 0.93390789)
(305041, 0.93390789)
(334815, 0.93390789)
(193984, 0.93390789)
(414443, 0.93390789)
(196100, 0.93390789)
(239071, 0.93390789)
(271109, 0.93390789)
(105182, 0.93390789)
(20069, 0.9339011)
(77360, 0.93390102)
(197040, 0.93390102)
(74037, 0.93390102)
(138454, 0.93390102)
(186706, 0.93390102)
(274946, 0.93390102)
(220399, 0.93390102)
(344185, 0.93390102)
(381228, 0.93390102)
(153518, 0.93390102)
(360527, 0.93390102)
(51306, 0.93390102)
(39517, 0.93390102)
(76538, 0.93390102)
(378881, 0.93390102)
(91630, 0.93390102)
(54303, 0.93390102)
(141754, 0.93390102)
(45508, 0.93390102)
(167673, 0.93390102)
(235596, 0.93390102)
(48598, 0.93390102)
(131148, 0.93390102)
(396178, 0.93390093)
(188387, 0.93390093)
(405663, 0.93390093)
(36985, 0.93390093)
(112158, 0.93390093)
(363857, 0.93390093)
(193723, 0.93390093)
(362938, 0.93390093)
(86058, 0.93390093)
(100960, 0.93390093)
(367627, 0.93390093)
(338866, 0.93390093)
(334952, 0.93390093)
(106562, 0.93390093)
(362082, 0.93390093)
(178829, 0.93390093)
(361239, 0.93390093)
(112479, 0.93390093)
(239555, 0.93390093)
(103347, 0.93390093)
(192710, 0.93390093)
(75393, 0.93390093)
(180377, 0.93390093)
(170814, 0.93390093)
(29048, 0.93390093)
(118807, 0.93390093)
(127328, 0.93390093)
(152040, 0.93390093)
(73927, 0.93390093)
(358943, 0.93390093)
(91002, 0.93390093)
(305072, 0.93390093)
(46588, 0.93390093)
(186375, 0.93390093)
(333946, 0.93390085)
(224848, 0.93390085)
(295799, 0.93390085)
(399654, 0.93390085)
(173226, 0.93390085)
(343694, 0.93390085)
(128754, 0.93390085)
(336348, 0.93390085)
(133956, 0.93390085)
(190539, 0.93389405)
(384063, 0.93389405)
(396137, 0.93389405)
(37273, 0.93389397)
(265884, 0.93389397)
(335232, 0.93389397)
(262970, 0.93389397)
(114897, 0.93389397)
(296630, 0.93389397)
(98184, 0.93389397)
(336338, 0.93389397)
(60025, 0.93389397)
(180361, 0.93389397)
(396906, 0.93389397)
(275493, 0.93389397)
(181676, 0.93389397)
(226211, 0.93389389)
(401507, 0.93389389)
(164680, 0.93389389)
(117873, 0.93389389)
(379865, 0.93389389)
(401714, 0.93389389)
(96229, 0.93389389)
(17101, 0.93389389)
(212556, 0.93389389)
(267985, 0.93389389)
(53913, 0.93389389)
(296340, 0.93388701)
(188281, 0.93388701)
(291856, 0.93388701)
(267778, 0.93388701)
(210474, 0.93388693)
(151745, 0.93388693)
(53057, 0.93388693)
(5998, 0.93388693)
(260517, 0.93388693)
(52209, 0.93388693)
(171269, 0.93388693)
(309037, 0.93388693)
(41584, 0.93388693)
(376853, 0.93388693)
(79213, 0.93388693)
(358956, 0.93388693)
(328378, 0.93388693)
(387519, 0.93388693)
(102408, 0.93388005)
(90668, 0.93387997)
(130656, 0.93387997)
(321984, 0.93387997)
(107328, 0.93387997)
(98437, 0.93387997)
(371568, 0.93387997)
(332881, 0.93387988)
(337663, 0.93387988)
(38684, 0.933873)
(207570, 0.93387292)
(316129, 0.93387292)
(95937, 0.93387292)
(55115, 0.93387292)
(297677, 0.93386588)
(173574, 0.93385883)
(156062, 0.93275944)
(179658, 0.93275944)
(164765, 0.93275944)
(326390, 0.93275944)
(132211, 0.93275247)
(124920, 0.93275247)
(240706, 0.93275247)
(245608, 0.93275247)
(239430, 0.93275247)
(5649, 0.93275247)
(121013, 0.93275247)
(378762, 0.93275247)
(309125, 0.93275247)
(48042, 0.93275247)
(148990, 0.93275247)
(117641, 0.93275247)
(234620, 0.93275247)
(328606, 0.93275247)
(240092, 0.93275247)
(214106, 0.93275247)
(383866, 0.93275239)
(316461, 0.93275239)
(130710, 0.93275239)
(216611, 0.93275239)
(330214, 0.93275239)
(28188, 0.93275239)
(216871, 0.93274551)
(23654, 0.93274551)
(69798, 0.93274551)
(271148, 0.93274551)
(407032, 0.93274551)
(202139, 0.93274551)
(79320, 0.93274551)
(10352, 0.93274551)
(227582, 0.93274543)
(167917, 0.93274543)
(140409, 0.93274543)
(272747, 0.93274543)
(321535, 0.93274543)
(120874, 0.93274543)
(243, 0.93274543)
(152334, 0.93274543)
(172739, 0.93274543)
(192470, 0.93274543)
(114197, 0.93274543)
(331233, 0.93274543)
(192826, 0.93274543)
(277207, 0.93274543)
(251092, 0.93274543)
(280434, 0.93274543)
(220177, 0.93274543)
(167678, 0.93274543)
(180889, 0.93274543)
(102252, 0.93273855)
(259378, 0.93273855)
(189807, 0.93273855)
(143999, 0.93273855)
(414544, 0.93273855)
(61333, 0.93273855)
(105181, 0.93273855)
(366198, 0.93273855)
(417194, 0.93273855)
(193087, 0.93273855)
(62827, 0.93273847)
(152169, 0.93273847)
(408610, 0.93273847)
(336915, 0.93273847)
(194979, 0.93273847)
(54290, 0.93273847)
(400736, 0.93273847)
(188630, 0.93273847)
(324649, 0.93273847)
(275244, 0.93273847)
(400855, 0.93273847)
(54439, 0.93273847)
(87602, 0.93273847)
(109474, 0.93273847)
(99356, 0.93273847)
(267264, 0.93273847)
(345780, 0.93273847)
(57683, 0.93273847)
(352146, 0.93273847)
(64973, 0.93273847)
(389414, 0.93273847)
(57353, 0.93273847)
(301474, 0.93273847)
(48151, 0.93273847)
(230567, 0.93273847)
(261084, 0.93273847)
(253302, 0.93273847)
(178314, 0.93273847)
(154733, 0.93273839)
(187732, 0.93273839)
(399332, 0.93273839)
(280570, 0.93273159)
(73051, 0.93273159)
(179990, 0.93273159)
(146807, 0.93273159)
(292375, 0.93273151)
(394537, 0.93273151)
(38555, 0.93273151)
(248224, 0.93273151)
(320128, 0.93273151)
(147185, 0.93273151)
(225304, 0.93273151)
(251169, 0.93273151)
(270343, 0.93273151)
(96007, 0.93273151)
(58279, 0.93273151)
(256691, 0.93273151)
(379533, 0.93273151)
(109520, 0.93273151)
(347146, 0.93273151)
(356214, 0.93273151)
(122874, 0.93273151)
(387477, 0.93273151)
(89784, 0.93273151)
(20515, 0.93273151)
(31394, 0.93273151)
(42649, 0.93273142)
(294473, 0.93273142)
(110348, 0.93273142)
(395970, 0.93273142)
(225878, 0.93273142)
(56726, 0.93273142)
(9856, 0.93273142)
(90712, 0.93273142)
(406857, 0.93273142)
(359164, 0.93273142)
(16935, 0.93273142)
(381189, 0.93273142)
(196499, 0.93273142)
(136650, 0.93273142)
(170686, 0.93272463)
(156516, 0.93272455)
(79383, 0.93272455)
(172616, 0.93272455)
(362920, 0.93272455)
(376618, 0.93272455)
(215573, 0.93272455)
(204791, 0.93272455)
(172274, 0.93272455)
(87121, 0.93272455)
(77806, 0.93272455)
(59989, 0.93272455)
(248256, 0.93272455)
(310135, 0.93272455)
(92781, 0.93272455)
(239239, 0.93272455)
(161130, 0.93272455)
(10131, 0.93272455)
(102391, 0.93272455)
(125123, 0.93272455)
(98208, 0.93272455)
(103231, 0.93272455)
(193736, 0.93272455)
(373195, 0.93272455)
(330136, 0.93272455)
(339959, 0.93272455)
(265649, 0.93272455)
(256547, 0.93272446)
(76173, 0.93272446)
(149295, 0.93272446)
(294212, 0.93272446)
(143963, 0.93272446)
(94556, 0.93272446)
(326797, 0.93272446)
(403320, 0.93272446)
(416766, 0.93272446)
(313649, 0.93272446)
(12045, 0.93272446)
(372616, 0.93272446)
(313386, 0.93272446)
(96050, 0.93272446)
(315314, 0.93272446)
(250731, 0.93272446)
(168160, 0.93272446)
(92895, 0.93272446)
(101442, 0.93272446)
(79603, 0.93272446)
(258547, 0.93272446)
(212314, 0.93272446)
(363914, 0.93272446)
(286087, 0.93272446)
(14923, 0.93272446)
(13560, 0.93272446)
(229029, 0.93272446)
(367629, 0.93272446)
(320044, 0.93272446)
(73933, 0.93272446)
(372722, 0.93272446)
(282647, 0.93272446)
(217152, 0.93272446)
(250780, 0.93272446)
(66797, 0.93272446)
(182561, 0.93272446)
(191947, 0.93272446)
(361949, 0.93272446)
(212746, 0.93272446)
(250060, 0.93272446)
(114554, 0.93272446)
(42421, 0.93272438)
(324334, 0.93271758)
(105540, 0.93271758)
(232691, 0.93271758)
(152567, 0.93271758)
(380301, 0.93271758)
(401167, 0.93271758)
(100310, 0.9327175)
(144313, 0.9327175)
(102257, 0.9327175)
(21658, 0.9327175)
(7363, 0.9327175)
(379792, 0.9327175)
(112043, 0.9327175)
(150606, 0.9327175)
(98611, 0.9327175)
(166158, 0.9327175)
(305947, 0.9327175)
(258649, 0.9327175)
(304832, 0.9327175)
(188259, 0.9327175)
(317587, 0.9327175)
(3105, 0.9327175)
(339879, 0.9327175)
(296610, 0.9327175)
(33700, 0.9327175)
(223458, 0.9327175)
(399971, 0.9327175)
(279483, 0.9327175)
(162941, 0.9327175)
(33795, 0.9327175)
(406257, 0.9327175)
(24708, 0.9327175)
(335108, 0.9327175)
(340104, 0.9327175)
(196921, 0.9327175)
(368398, 0.9327175)
(117314, 0.9327175)
(133637, 0.9327175)
(265173, 0.9327175)
(87087, 0.93271742)
(279030, 0.93271742)
(59451, 0.93271742)
(359377, 0.93271742)
(92017, 0.93271742)
(371490, 0.93271742)
(311304, 0.93271742)
(412126, 0.93271742)
(167085, 0.93271742)
(406157, 0.93271742)
(340565, 0.93271742)
(113195, 0.93271742)
(88154, 0.93271742)
(153291, 0.93271742)
(154381, 0.93271742)
(364014, 0.93271742)
(387667, 0.93271742)
(203348, 0.93271742)
(49284, 0.93271742)
(327881, 0.93271742)
(161035, 0.93271742)
(322012, 0.93271742)
(376266, 0.93271742)
(57693, 0.93271742)
(3624, 0.93271742)
(405719, 0.93271742)
(340418, 0.93271054)
(115042, 0.93271054)
(391409, 0.93271054)
(202477, 0.93271054)
(65319, 0.93271054)
(67895, 0.93271054)
(210800, 0.93271054)
(180369, 0.93271054)
(98963, 0.93271054)
(133884, 0.93271054)
(294529, 0.93271054)
(44787, 0.93271054)
(329495, 0.93271054)
(330445, 0.93271054)
(405749, 0.93271046)
(184697, 0.93271046)
(257533, 0.93271046)
(95421, 0.93271046)
(92201, 0.93271046)
(281170, 0.93271046)
(153868, 0.93271046)
(326005, 0.93271046)
(281745, 0.93271046)
(122702, 0.93271046)
(400780, 0.93271046)
(286267, 0.93271046)
(120123, 0.93271046)
(341257, 0.93271046)
(268891, 0.93271046)
(256671, 0.93271046)
(334810, 0.93270358)
(379261, 0.93270358)
(328410, 0.9327035)
(296028, 0.9327035)
(319597, 0.9327035)
(417557, 0.9327035)
(335905, 0.9327035)
(116889, 0.9327035)
(260208, 0.9327035)
(248542, 0.9327035)
(59011, 0.9327035)
(48031, 0.9327035)
(115047, 0.9327035)
(18036, 0.9327035)
(328590, 0.9327035)
(300026, 0.93270341)
(73732, 0.93270341)
(105459, 0.93270341)
(317658, 0.93270341)
(152580, 0.93270341)
(353602, 0.93270341)
(321194, 0.93270341)
(50645, 0.93270341)
(88333, 0.93269653)
(76441, 0.93269653)
(146223, 0.93269653)
(334780, 0.93269653)
(76374, 0.93269653)
(288767, 0.93269653)
(61116, 0.93269653)
(85478, 0.93269653)
(36373, 0.93269653)
(155403, 0.93269645)
(156231, 0.93269645)
(132334, 0.93269637)
(118398, 0.93269637)
(355047, 0.93268949)
(371794, 0.93268949)
(94438, 0.93268949)
(101678, 0.93268949)
(398454, 0.93268949)
(114595, 0.93268941)
(350208, 0.93268245)
(144843, 0.93268245)
(331686, 0.93158993)
(69079, 0.93158296)
(116476, 0.93158296)
(217065, 0.931576)
(369038, 0.931576)
(189881, 0.931576)
(292246, 0.931576)
(46426, 0.931576)
(209527, 0.93157592)
(86192, 0.93157592)
(336440, 0.93156904)
(225086, 0.93156904)
(184075, 0.93156904)
(361511, 0.93156904)
(226428, 0.93156904)
(312305, 0.93156904)
(106289, 0.93156904)
(331383, 0.93156904)
(372594, 0.93156896)
(262306, 0.93156896)
(375735, 0.93156896)
(401527, 0.93156896)
(349623, 0.93156896)
(270235, 0.93156896)
(82247, 0.93156896)
(333315, 0.93156896)
(328557, 0.93156896)
(102306, 0.93156896)
(79366, 0.93156896)
(278364, 0.93156896)
(414214, 0.93156896)
(364167, 0.93156896)
(330639, 0.93156896)
(261235, 0.93156896)
(241962, 0.93156896)
(409823, 0.93156208)
(378431, 0.93156208)
(112122, 0.93156208)
(235658, 0.93156208)
(269518, 0.93156208)
(352002, 0.93156208)
(93753, 0.93156208)
(23258, 0.93156208)
(259770, 0.93156208)
(344233, 0.93156208)
(166206, 0.93156208)
(398406, 0.93156208)
(73470, 0.931562)
(191208, 0.931562)
(243947, 0.931562)
(333916, 0.931562)
(26024, 0.931562)
(400305, 0.931562)
(159952, 0.931562)
(172785, 0.931562)
(297353, 0.931562)
(92404, 0.931562)
(105899, 0.931562)
(286857, 0.931562)
(19239, 0.931562)
(267204, 0.931562)
(294460, 0.931562)
(391636, 0.931562)
(295004, 0.931562)
(158305, 0.931562)
(412313, 0.931562)
(215612, 0.931562)
(234574, 0.931562)
(205393, 0.931562)
(34780, 0.931562)
(221911, 0.931562)
(406080, 0.931562)
(231711, 0.931562)
(395289, 0.931562)
(184393, 0.931562)
(99144, 0.931562)
(220348, 0.931562)
(139457, 0.931562)
(100817, 0.931562)
(284845, 0.931562)
(144537, 0.931562)
(123302, 0.931562)
(207151, 0.931562)
(371789, 0.931562)
(276278, 0.931562)
(348691, 0.93156191)
(331374, 0.93156191)
(328247, 0.93155512)
(7926, 0.93155512)
(345511, 0.93155512)
(378577, 0.93155512)
(337603, 0.93155512)
(367109, 0.93155512)
(240297, 0.93155512)
(364568, 0.93155504)
(89366, 0.93155504)
(79953, 0.93155504)
(100821, 0.93155504)
(251559, 0.93155504)
(158008, 0.93155504)
(403709, 0.93155504)
(264883, 0.93155504)
(112299, 0.93155504)
(252876, 0.93155504)
(208002, 0.93155504)
(87852, 0.93155504)
(287464, 0.93155504)
(265581, 0.93155504)
(357339, 0.93155504)
(344020, 0.93155504)
(191255, 0.93155504)
(108545, 0.93155504)
(288354, 0.93155504)
(241574, 0.93155504)
(409007, 0.93155504)
(311445, 0.93155504)
(7257, 0.93155504)
(233267, 0.93155504)
(394348, 0.93155504)
(1668, 0.93155504)
(231585, 0.93155504)
(7790, 0.93155504)
(239564, 0.93155504)
(339820, 0.93155504)
(169271, 0.93155504)
(216787, 0.93155495)
(137804, 0.93155495)
(240610, 0.93155495)
(3959, 0.93155495)
(358193, 0.93155495)
(310613, 0.93155495)
(302829, 0.93155495)
(216093, 0.93155495)
(277504, 0.93155495)
(331512, 0.93155495)
(132588, 0.93155495)
(86347, 0.93155495)
(209394, 0.93155495)
(395494, 0.93154816)
(202752, 0.93154807)
(200790, 0.93154807)
(60862, 0.93154807)
(407203, 0.93154807)
(187178, 0.93154807)
(30330, 0.93154807)
(270622, 0.93154807)
(150957, 0.93154807)
(249481, 0.93154807)
(19301, 0.93154807)
(265203, 0.93154807)
(189300, 0.93154807)
(331293, 0.93154807)
(243444, 0.93154807)
(110394, 0.93154807)
(408658, 0.93154807)
(96216, 0.93154807)
(356703, 0.93154807)
(194050, 0.93154807)
(210004, 0.93154807)
(305026, 0.93154799)
(89345, 0.93154799)
(228340, 0.93154799)
(91616, 0.93154799)
(230022, 0.93154799)
(406439, 0.93154799)
(191646, 0.93154799)
(354482, 0.93154799)
(391717, 0.93154799)
(66240, 0.93154799)
(344058, 0.93154799)
(395851, 0.93154799)
(10354, 0.93154799)
(339220, 0.93154799)
(392315, 0.93154799)
(156027, 0.93154799)
(122323, 0.93154799)
(118416, 0.93154799)
(141263, 0.93154799)
(101444, 0.93154799)
(393086, 0.93154799)
(211757, 0.93154799)
(51455, 0.93154799)
(220784, 0.93154799)
(401096, 0.93154799)
(258318, 0.93154799)
(179997, 0.93154799)
(63630, 0.93154799)
(217300, 0.93154799)
(396409, 0.93154799)
(118318, 0.93154799)
(92057, 0.93154791)
(400484, 0.93154791)
(224607, 0.93154791)
(176166, 0.93154791)
(281762, 0.93154791)
(185309, 0.9315412)
(405883, 0.93154111)
(285759, 0.93154111)
(238798, 0.93154111)
(49181, 0.93154111)
(263754, 0.93154111)
(28474, 0.93154111)
(237618, 0.93154111)
(2078, 0.93154103)
(250056, 0.93154103)
(349901, 0.93154103)
(126739, 0.93154103)
(354490, 0.93154103)
(195925, 0.93154103)
(132924, 0.93154103)
(170025, 0.93154103)
(282271, 0.93154103)
(351923, 0.93154103)
(163490, 0.93154103)
(265658, 0.93154103)
(6196, 0.93154103)
(190097, 0.93154103)
(220327, 0.93154103)
(19754, 0.93154103)
(279816, 0.93154103)
(292653, 0.93154103)
(394852, 0.93154103)
(92825, 0.93154103)
(73678, 0.93154103)
(25110, 0.93154103)
(29858, 0.93154103)
(245169, 0.93154103)
(15600, 0.93154103)
(247797, 0.93154103)
(103047, 0.93154103)
(106345, 0.93154103)
(182452, 0.93154103)
(177856, 0.93154103)
(261293, 0.93154103)
(222527, 0.93154103)
(391652, 0.93154103)
(135686, 0.93154103)
(17467, 0.93154095)
(21734, 0.93154095)
(24180, 0.93154095)
(414937, 0.93154095)
(223425, 0.93154095)
(284276, 0.93154095)
(56359, 0.93154095)
(61170, 0.93154095)
(90673, 0.93154095)
(288454, 0.93154095)
(302190, 0.93154095)
(294143, 0.93154095)
(94902, 0.93154095)
(410295, 0.93154095)
(273429, 0.93154095)
(177828, 0.93154095)
(207645, 0.93154095)
(12161, 0.93154095)
(12171, 0.93154095)
(347741, 0.93154095)
(150782, 0.93154095)
(216101, 0.93154095)
(368653, 0.93153415)
(322198, 0.93153415)
(369542, 0.93153415)
(169481, 0.93153415)
(257859, 0.93153415)
(158791, 0.93153407)
(226046, 0.93153407)
(259058, 0.93153407)
(360587, 0.93153407)
(56917, 0.93153407)
(321682, 0.93153407)
(389553, 0.93153407)
(210711, 0.93153407)
(3361, 0.93153407)
(400955, 0.93153407)
(195369, 0.93153407)
(315075, 0.93153407)
(239364, 0.93153407)
(227437, 0.93153407)
(71586, 0.93153407)
(349746, 0.93153407)
(278749, 0.93153407)
(117252, 0.93153407)
(57446, 0.93153407)
(110940, 0.93153407)
(310981, 0.93153407)
(79283, 0.93153407)
(30776, 0.93153407)
(248506, 0.93153399)
(11972, 0.93153399)
(52583, 0.93153399)
(221154, 0.93153399)
(279454, 0.93153399)
(41116, 0.93153399)
(242042, 0.93153399)
(343800, 0.93153399)
(41119, 0.93153399)
(286395, 0.93153399)
(309792, 0.93153399)
(309246, 0.93153399)
(356178, 0.93153399)
(119331, 0.93153399)
(83966, 0.93153399)
(111921, 0.93153399)
(5525, 0.93153399)
(94000, 0.93153399)
(385461, 0.93153399)
(242571, 0.93153399)
(166085, 0.93153399)
(209618, 0.93153399)
(350265, 0.93153399)
(192332, 0.93153399)
(189950, 0.9315339)
(257078, 0.9315339)
(384878, 0.93152711)
(415493, 0.93152711)
(99668, 0.93152711)
(305262, 0.93152711)
(165015, 0.93152711)
(49264, 0.93152711)
(171683, 0.93152711)
(356497, 0.93152703)
(146277, 0.93152703)
(192231, 0.93152703)
(136653, 0.93152703)
(179850, 0.93152703)
(111447, 0.93152703)
(131442, 0.93152703)
(135001, 0.93152703)
(61827, 0.93152703)
(190452, 0.93152703)
(5367, 0.93152703)
(83180, 0.93152703)
(21788, 0.93152703)
(81643, 0.93152703)
(108498, 0.93152703)
(52537, 0.93152703)
(13289, 0.93152703)
(133523, 0.93152703)
(396837, 0.93152703)
(119073, 0.93152703)
(317419, 0.93152694)
(197755, 0.93152694)
(419740, 0.93152694)
(403801, 0.93152694)
(343333, 0.93152694)
(399250, 0.93152694)
(299649, 0.93152006)
(87769, 0.93152006)
(53111, 0.93152006)
(341607, 0.93152006)
(364716, 0.93152006)
(175942, 0.93151998)
(267161, 0.93151998)
(112309, 0.93151998)
(216072, 0.93151998)
(275100, 0.93151998)
(218353, 0.93151998)
(294884, 0.93151998)
(43044, 0.93151302)
(175346, 0.93151302)
(349310, 0.93151302)
(405965, 0.93151302)
(269000, 0.93151294)
(160240, 0.93151294)
(346341, 0.93151294)
(23044, 0.93151294)
(234844, 0.93151294)
(297592, 0.93150606)
(146332, 0.93150598)
(336407, 0.93150598)
(187926, 0.93149205)
(274646, 0.93040649)
(45787, 0.93039953)
(180199, 0.93039953)
(323050, 0.93039953)
(400442, 0.93039953)
(344063, 0.93039953)
(333545, 0.93039953)
(319864, 0.93039953)
(151615, 0.93039953)
(74659, 0.93039953)
(196871, 0.93039945)
(204947, 0.93039945)
(132581, 0.93039945)
(260033, 0.93039945)
(40664, 0.93039257)
(262511, 0.93039257)
(301807, 0.93039257)
(158582, 0.93039257)
(132200, 0.93039257)
(123314, 0.93039257)
(221345, 0.93039249)
(262275, 0.93039249)
(306486, 0.93039249)
(75998, 0.93039249)
(250620, 0.93039249)
(296618, 0.93039249)
(12260, 0.93039249)
(144306, 0.93039249)
(89139, 0.93039249)
(250597, 0.93038561)
(371901, 0.93038561)
(378276, 0.93038561)
(171409, 0.93038561)
(248786, 0.93038561)
(110166, 0.93038561)
(328107, 0.93038561)
(267324, 0.93038561)
(172033, 0.93038561)
(229711, 0.93038553)
(67917, 0.93038553)
(131716, 0.93038553)
(360678, 0.93038553)
(168802, 0.93038553)
(32226, 0.93038553)
(79479, 0.93038553)
(165198, 0.93038553)
(412357, 0.93038553)
(89921, 0.93038553)
(119563, 0.93038553)
(116168, 0.93038553)
(418426, 0.93038553)
(250835, 0.93038553)
(246597, 0.93038553)
(341372, 0.93038553)
(216401, 0.93038553)
(158540, 0.93038553)
(175180, 0.93038553)
(396161, 0.93038553)
(109513, 0.93038553)
(292850, 0.93038553)
(183130, 0.93038544)
(186406, 0.93038544)
(373522, 0.93038544)
(293838, 0.93038544)
(23601, 0.93037865)
(104684, 0.93037865)
(11468, 0.93037865)
(254613, 0.93037865)
(173038, 0.93037865)
(322147, 0.93037865)
(165079, 0.93037857)
(130438, 0.93037857)
(221416, 0.93037857)
(348062, 0.93037857)
(32530, 0.93037857)
(362192, 0.93037857)
(20738, 0.93037857)
(56211, 0.93037857)
(177712, 0.93037857)
(305482, 0.93037857)
(169116, 0.93037857)
(186632, 0.93037857)
(224576, 0.93037857)
(172147, 0.93037857)
(358614, 0.93037857)
(126184, 0.93037857)
(107845, 0.93037857)
(252770, 0.93037857)
(161298, 0.93037857)
(78524, 0.93037857)
(121549, 0.93037857)
(348876, 0.93037857)
(71905, 0.93037857)
(172258, 0.93037857)
(122970, 0.93037857)
(83253, 0.93037857)
(258362, 0.93037857)
(78465, 0.93037857)
(29099, 0.93037857)
(233837, 0.93037848)
(58193, 0.93037848)
(135040, 0.93037848)
(258953, 0.93037848)
(232150, 0.93037848)
(273751, 0.93037848)
(139534, 0.93037848)
(273947, 0.93037848)
(300011, 0.93037848)
(109570, 0.93037848)
(141817, 0.93037848)
(318662, 0.93037169)
(229381, 0.93037169)
(412440, 0.9303716)
(265300, 0.9303716)
(365671, 0.9303716)
(388834, 0.9303716)
(395312, 0.9303716)
(50374, 0.9303716)
(37630, 0.9303716)
(108004, 0.9303716)
(373010, 0.9303716)
(164436, 0.9303716)
(71161, 0.9303716)
(10682, 0.9303716)
(165125, 0.9303716)
(184971, 0.9303716)
(307428, 0.9303716)
(97129, 0.9303716)
(71777, 0.9303716)
(391217, 0.9303716)
(14127, 0.9303716)
(4707, 0.9303716)
(110513, 0.9303716)
(72916, 0.9303716)
(20356, 0.9303716)
(63019, 0.9303716)
(211788, 0.9303716)
(205396, 0.9303716)
(113481, 0.9303716)
(351390, 0.9303716)
(386469, 0.93037152)
(254383, 0.93037152)
(212624, 0.93037152)
(256358, 0.93037152)
(94561, 0.93037152)
(226996, 0.93037152)
(294770, 0.93037152)
(3245, 0.93037152)
(279615, 0.93037152)
(7505, 0.93037152)
(38608, 0.93037152)
(311455, 0.93037152)
(297328, 0.93037152)
(338138, 0.93037152)
(102475, 0.93037152)
(270107, 0.93037152)
(105802, 0.93037152)
(63274, 0.93037152)
(257896, 0.93037152)
(312241, 0.93037152)
(371197, 0.93037152)
(298396, 0.93037152)
(287020, 0.93037152)
(392290, 0.93037152)
(8515, 0.93037152)
(236379, 0.93037152)
(356122, 0.93037152)
(409261, 0.93037152)
(295139, 0.93037152)
(113726, 0.93037152)
(369982, 0.93037152)
(378722, 0.93037152)
(418408, 0.93037144)
(322880, 0.93037144)
(313056, 0.93037144)
(300716, 0.93036473)
(18161, 0.93036464)
(14033, 0.93036464)
(46595, 0.93036464)
(366874, 0.93036464)
(230718, 0.93036464)
(150109, 0.93036464)
(177203, 0.93036464)
(50547, 0.93036464)
(106673, 0.93036464)
(402035, 0.93036456)
(274837, 0.93036456)
(277186, 0.93036456)
(80528, 0.93036456)
(203150, 0.93036456)
(208043, 0.93036456)
(364261, 0.93036456)
(19854, 0.93036456)
(336199, 0.93036456)
(139646, 0.93036456)
(255932, 0.93036456)
(142633, 0.93036456)
(252085, 0.93036456)
(208728, 0.93036456)
(180924, 0.93036456)
(246692, 0.93036456)
(232649, 0.93036456)
(83309, 0.93036456)
(96585, 0.93036456)
(310447, 0.93036456)
(12975, 0.93036456)
(359587, 0.93036456)
(166796, 0.93036456)
(29778, 0.93036456)
(338936, 0.93036456)
(117648, 0.93036456)
(94082, 0.93036456)
(274285, 0.93036456)
(49885, 0.93036456)
(384035, 0.93036456)
(88688, 0.93036456)
(298073, 0.93036456)
(233464, 0.93036456)
(24749, 0.93036448)
(58034, 0.93036448)
(226707, 0.93036448)
(55008, 0.93036448)
(154543, 0.93036448)
(409139, 0.93036448)
(353184, 0.93036448)
(145967, 0.93036448)
(193743, 0.93036448)
(49038, 0.93036448)
(17513, 0.93036448)
(88543, 0.93036448)
(72939, 0.93036448)
(23211, 0.93036448)
(217324, 0.93036448)
(257048, 0.93036448)
(299707, 0.93036448)
(46407, 0.93036448)
(209717, 0.93035768)
(392162, 0.93035768)
(418421, 0.93035768)
(318327, 0.93035768)
(284244, 0.93035768)
(87106, 0.9303576)
(70362, 0.9303576)
(233215, 0.9303576)
(147011, 0.9303576)
(401383, 0.9303576)
(333736, 0.9303576)
(264347, 0.9303576)
(56212, 0.9303576)
(7071, 0.9303576)
(338371, 0.9303576)
(21002, 0.9303576)
(75037, 0.9303576)
(132503, 0.9303576)
(255392, 0.9303576)
(167920, 0.9303576)
(176657, 0.9303576)
(267095, 0.9303576)
(157295, 0.9303576)
(260006, 0.9303576)
(181626, 0.9303576)
(98492, 0.9303576)
(333905, 0.9303576)
(324434, 0.9303576)
(89928, 0.9303576)
(354369, 0.9303576)
(112466, 0.93035752)
(244681, 0.93035752)
(385035, 0.93035752)
(135923, 0.93035752)
(54461, 0.93035752)
(371107, 0.93035752)
(220791, 0.93035752)
(230689, 0.93035752)
(247393, 0.93035752)
(121376, 0.93035752)
(138929, 0.93035752)
(198796, 0.93035752)
(370899, 0.93035752)
(221379, 0.93035752)
(32333, 0.93035752)
(246076, 0.93035752)
(190926, 0.93035752)
(268953, 0.93035752)
(76497, 0.93035752)
(3612, 0.93035752)
(416159, 0.93035752)
(135879, 0.93035752)
(55750, 0.93035752)
(60160, 0.93035752)
(45873, 0.93035752)
(267391, 0.93035752)
(298291, 0.93035752)
(208060, 0.93035752)
(164672, 0.93035752)
(34220, 0.93035752)
(16445, 0.93035752)
(153079, 0.93035743)
(49849, 0.93035743)
(314095, 0.93035743)
(311151, 0.93035743)
(80431, 0.93035743)
(197288, 0.93035072)
(52220, 0.93035064)
(258348, 0.93035064)
(194733, 0.93035064)
(42414, 0.93035064)
(249379, 0.93035064)
(266030, 0.93035064)
(302892, 0.93035064)
(321761, 0.93035064)
(128762, 0.93035064)
(257128, 0.93035064)
(284691, 0.93035064)
(311015, 0.93035055)
(32701, 0.93035055)
(263397, 0.93035055)
(252792, 0.93035055)
(387244, 0.93035055)
(280787, 0.93035055)
(340197, 0.93035055)
(316379, 0.93035055)
(317241, 0.93035055)
(149430, 0.93035055)
(124702, 0.93035055)
(78583, 0.93035055)
(220767, 0.93035055)
(147575, 0.93035055)
(343444, 0.93035055)
(356344, 0.93035055)
(233931, 0.93035055)
(275773, 0.93035055)
(142802, 0.93035055)
(81702, 0.93035055)
(185805, 0.93035055)
(26671, 0.93035055)
(190550, 0.93035055)
(157856, 0.93035047)
(405534, 0.93035047)
(225034, 0.93034376)
(306425, 0.93034368)
(285720, 0.93034368)
(151696, 0.93034368)
(372756, 0.93034368)
(237373, 0.93034359)
(251989, 0.93034359)
(304646, 0.93034359)
(138300, 0.93034359)
(392335, 0.93034359)
(298610, 0.93034359)
(358230, 0.93034359)
(383046, 0.93034359)
(282111, 0.93034359)
(202536, 0.93034359)
(148939, 0.93034359)
(158995, 0.93034359)
(241076, 0.93034359)
(392081, 0.93034359)
(262988, 0.93034359)
(91116, 0.93034359)
(170364, 0.93034359)
(36640, 0.93034351)
(312311, 0.93034351)
(13457, 0.93034351)
(98561, 0.93033671)
(209546, 0.93033663)
(5344, 0.93033663)
(357136, 0.93033663)
(51189, 0.93033655)
(383338, 0.93033655)
(26951, 0.93033655)
(27356, 0.93033655)
(415411, 0.93033655)
(43274, 0.93033655)
(108081, 0.93033655)
(308956, 0.93033655)
(352223, 0.93033647)
(214864, 0.93033647)
(310604, 0.93033647)
(160134, 0.93033647)
(203987, 0.93032967)
(98805, 0.93032967)
(396449, 0.93032959)
(37575, 0.93032959)
(179022, 0.93032959)
(100716, 0.9303295)
(203660, 0.9303295)
(47774, 0.9303295)
(69566, 0.9303295)
(153260, 0.9303295)
(131094, 0.9303295)
(384015, 0.93032271)
(254905, 0.93032271)
(364229, 0.93032263)
(261507, 0.93032254)
(81541, 0.93032254)
(33638, 0.93032246)
(120971, 0.93031566)
(28821, 0.93031558)
(29187, 0.9303155)
(154171, 0.92923698)
(116096, 0.92923002)
(213829, 0.92922298)
(5475, 0.9292161)
(55776, 0.9292161)
(240580, 0.9292161)
(373341, 0.9292161)
(360413, 0.9292161)
(412587, 0.9292161)
(346956, 0.9292161)
(230296, 0.9292161)
(417301, 0.9292161)
(40182, 0.92921602)
(340537, 0.92921602)
(53136, 0.92921602)
(43848, 0.92921602)
(2574, 0.92921602)
(54463, 0.92920914)
(240513, 0.92920914)
(195253, 0.92920914)
(105450, 0.92920914)
(284414, 0.92920914)
(362138, 0.92920914)
(376101, 0.92920906)
(402151, 0.92920906)
(395700, 0.92920906)
(76291, 0.92920906)
(310897, 0.92920906)
(13260, 0.92920906)
(288202, 0.92920906)
(43637, 0.92920906)
(272640, 0.92920906)
(137245, 0.92920906)
(230863, 0.92920906)
(406274, 0.92920906)
(330944, 0.92920906)
(275107, 0.92920906)
(134109, 0.92920906)
(84616, 0.92920906)
(386489, 0.92920906)
(214855, 0.92920906)
(391182, 0.92920906)
(158354, 0.92920906)
(55960, 0.92920906)
(149777, 0.92920906)
(270666, 0.92920897)
(317376, 0.92920897)
(245501, 0.92920218)
(361758, 0.92920218)
(284022, 0.9292021)
(268437, 0.9292021)
(71883, 0.9292021)
(390763, 0.9292021)
(284866, 0.9292021)
(364788, 0.9292021)
(82026, 0.9292021)
(48189, 0.9292021)
(249541, 0.9292021)
(88506, 0.9292021)
(231618, 0.9292021)
(145813, 0.9292021)
(210630, 0.9292021)
(30271, 0.9292021)
(122541, 0.9292021)
(156974, 0.9292021)
(291809, 0.9292021)
(200351, 0.9292021)
(126175, 0.9292021)
(120751, 0.9292021)
(88971, 0.9292021)
(170443, 0.9292021)
(183452, 0.9292021)
(341576, 0.9292021)
(31938, 0.92920201)
(251959, 0.92920201)
(77353, 0.92920201)
(313250, 0.92920201)
(21690, 0.92920201)
(375830, 0.92920201)
(242934, 0.92920201)
(228885, 0.92920201)
(314468, 0.92920201)
(168352, 0.92920201)
(272281, 0.92920201)
(263191, 0.92920201)
(399598, 0.92920201)
(75869, 0.92920201)
(19976, 0.92920193)
(393018, 0.92920193)
(73099, 0.92919522)
(221727, 0.92919522)
(250948, 0.92919522)
(67437, 0.92919522)
(331234, 0.92919513)
(212652, 0.92919513)
(356484, 0.92919513)
(303583, 0.92919513)
(67954, 0.92919513)
(161699, 0.92919513)
(32592, 0.92919513)
(359729, 0.92919513)
(313100, 0.92919513)
(295919, 0.92919513)
(170856, 0.92919513)
(264775, 0.92919513)
(380763, 0.92919513)
(347256, 0.92919513)
(270075, 0.92919513)
(374177, 0.92919513)
(369807, 0.92919513)
(30057, 0.92919513)
(107697, 0.92919513)
(276390, 0.92919513)
(218890, 0.92919505)
(55818, 0.92919505)
(186820, 0.92919505)
(403308, 0.92919505)
(35604, 0.92919505)
(177453, 0.92919505)
(316533, 0.92919505)
(63008, 0.92919505)
(317810, 0.92919505)
(147433, 0.92919505)
(229361, 0.92919505)
(116612, 0.92919505)
(354420, 0.92919505)
(73854, 0.92919505)
(20559, 0.92919505)
(156728, 0.92919505)
(192498, 0.92919505)
(82286, 0.92919505)
(350340, 0.92919505)
(78749, 0.92919505)
(332677, 0.92919505)
(286794, 0.92919505)
(352026, 0.92919505)
(17126, 0.92919505)
(285442, 0.92919505)
(112352, 0.92919505)
(346674, 0.92919505)
(191061, 0.92919505)
(230881, 0.92919505)
(317571, 0.92919505)
(251008, 0.92919497)
(244686, 0.92919497)
(244808, 0.92919497)
(61839, 0.92919497)
(161137, 0.92918817)
(191381, 0.92918817)
(381699, 0.92918817)
(60356, 0.92918817)
(299528, 0.92918817)
(7759, 0.92918817)
(22398, 0.92918817)
(396977, 0.92918817)
(204355, 0.92918817)
(41531, 0.92918809)
(88003, 0.92918809)
(93727, 0.92918809)
(44838, 0.92918809)
(394577, 0.92918809)
(419132, 0.92918809)
(287344, 0.92918809)
(104754, 0.92918809)
(253029, 0.92918809)
(163323, 0.92918809)
(51655, 0.92918809)
(159830, 0.92918809)
(108361, 0.92918809)
(360435, 0.92918809)
(162259, 0.92918809)
(4334, 0.92918809)
(206450, 0.92918809)
(145502, 0.92918809)
(200295, 0.92918809)
(133773, 0.92918809)
(313161, 0.92918809)
(195460, 0.92918809)
(276055, 0.92918809)
(407459, 0.92918809)
(84280, 0.92918809)
(168170, 0.92918809)
(258855, 0.92918809)
(49697, 0.92918809)
(310824, 0.92918809)
(332483, 0.92918809)
(351143, 0.92918809)
(239995, 0.92918809)
(78129, 0.92918809)
(130816, 0.92918801)
(384982, 0.92918801)
(380970, 0.92918801)
(194855, 0.92918801)
(384554, 0.92918801)
(166520, 0.92918801)
(299834, 0.92918801)
(174029, 0.92918801)
(356729, 0.92918801)
(277507, 0.92918121)
(366313, 0.92918121)
(219994, 0.92918121)
(76803, 0.92918113)
(55591, 0.92918113)
(59780, 0.92918113)
(259217, 0.92918113)
(369582, 0.92918113)
(142446, 0.92918113)
(208103, 0.92918113)
(234445, 0.92918113)
(180769, 0.92918113)
(333897, 0.92918113)
(334328, 0.92918113)
(218230, 0.92918113)
(89391, 0.92918113)
(379400, 0.92918113)
(37799, 0.92918113)
(13714, 0.92918113)
(337765, 0.92918113)
(282812, 0.92918113)
(76346, 0.92918113)
(274281, 0.92918113)
(331422, 0.92918113)
(354164, 0.92918113)
(190730, 0.92918113)
(310466, 0.92918113)
(115427, 0.92918113)
(124640, 0.92918113)
(335587, 0.92918113)
(339374, 0.92918113)
(111962, 0.92918113)
(31041, 0.92918113)
(172583, 0.92918113)
(100877, 0.92918113)
(19041, 0.92918113)
(400122, 0.92918113)
(72953, 0.92918113)
(292025, 0.92918113)
(377419, 0.92918113)
(21766, 0.92918105)
(216609, 0.92918105)
(46539, 0.92918105)
(408426, 0.92918105)
(246114, 0.92918105)
(284968, 0.92918105)
(266680, 0.92918105)
(190594, 0.92918105)
(333446, 0.92918105)
(332344, 0.92918105)
(44675, 0.92918105)
(331649, 0.92918105)
(150020, 0.92918105)
(314484, 0.92918105)
(228142, 0.92918105)
(240851, 0.92918105)
(78547, 0.92918105)
(25159, 0.92918105)
(366119, 0.92918105)
(50612, 0.92918105)
(300220, 0.92918105)
(161495, 0.92918105)
(162747, 0.92918105)
(389213, 0.92918105)
(363480, 0.92918105)
(111008, 0.92918105)
(219674, 0.92918096)
(114348, 0.92918096)
(215746, 0.92917425)
(64435, 0.92917425)
(323862, 0.92917417)
(66863, 0.92917417)
(380720, 0.92917417)
(345010, 0.92917417)
(258632, 0.92917417)
(18835, 0.92917417)
(102217, 0.92917417)
(217312, 0.92917417)
(325473, 0.92917417)
(17381, 0.92917417)
(152264, 0.92917417)
(243860, 0.92917408)
(274421, 0.92917408)
(76926, 0.92917408)
(169422, 0.92917408)
(170854, 0.92917408)
(200997, 0.92917408)
(2146, 0.92917408)
(142379, 0.92917408)
(153652, 0.92917408)
(355087, 0.92917408)
(352287, 0.92917408)
(344856, 0.92917408)
(236021, 0.92917408)
(416145, 0.92917408)
(6668, 0.92917408)
(417986, 0.92917408)
(402828, 0.92917408)
(150144, 0.92917408)
(55506, 0.92917408)
(280490, 0.92917408)
(388125, 0.92917408)
(84313, 0.92917408)
(134239, 0.929174)
(30464, 0.929174)
(108309, 0.929174)
(54169, 0.929174)
(289495, 0.929174)
(59978, 0.92916721)
(56943, 0.92916721)
(413564, 0.92916721)
(295979, 0.92916721)
(240520, 0.92916721)
(323673, 0.92916712)
(79746, 0.92916712)
(39946, 0.92916712)
(294844, 0.92916712)
(120502, 0.92916712)
(74990, 0.92916712)
(145642, 0.92916712)
(417764, 0.92916712)
(373759, 0.92916712)
(175088, 0.92916712)
(323366, 0.92916712)
(94020, 0.92916712)
(136318, 0.92916712)
(374795, 0.92916712)
(398644, 0.92916712)
(18222, 0.92916712)
(379429, 0.92916712)
(130793, 0.92916712)
(352884, 0.92916712)
(227184, 0.92916704)
(306279, 0.92916704)
(15992, 0.92916704)
(101034, 0.92916704)
(305516, 0.92916704)
(291655, 0.92916704)
(227679, 0.92916704)
(231946, 0.92916704)
(292966, 0.92916704)
(192212, 0.92916704)
(353847, 0.92916704)
(77003, 0.92916704)
(75539, 0.92916704)
(11042, 0.92916704)
(66993, 0.92916704)
(8772, 0.92916704)
(53830, 0.92916696)
(111486, 0.92916696)
(29718, 0.92916696)
(89, 0.92916024)
(208310, 0.92916016)
(186980, 0.92916016)
(159181, 0.92916016)
(117159, 0.92916016)
(414060, 0.92916016)
(245454, 0.92916016)
(425, 0.92916016)
(247568, 0.92916016)
(382407, 0.92916016)
(305256, 0.92916016)
(41441, 0.92916016)
(85242, 0.92916008)
(97841, 0.92916008)
(250414, 0.92916008)
(56856, 0.92916008)
(224518, 0.92916008)
(37740, 0.92916008)
(59698, 0.92916008)
(45552, 0.92916008)
(151067, 0.92916008)
(88171, 0.92916008)
(216828, 0.92916008)
(142886, 0.92916008)
(254123, 0.92916008)
(322464, 0.92916008)
(85676, 0.92916008)
(315621, 0.92916008)
(262024, 0.92916008)
(86128, 0.92916008)
(161572, 0.92916)
(330855, 0.92916)
(52065, 0.92916)
(186558, 0.92916)
(382834, 0.92916)
(37706, 0.92916)
(397330, 0.9291532)
(78124, 0.9291532)
(313104, 0.9291532)
(177527, 0.9291532)
(320234, 0.92915312)
(264030, 0.92915312)
(55799, 0.92915312)
(147744, 0.92915312)
(73699, 0.92915312)
(69597, 0.92915303)
(334387, 0.92915303)
(86703, 0.92915303)
(92129, 0.92915303)
(96304, 0.92915303)
(155228, 0.92914616)
(290593, 0.92914616)
(97212, 0.92914616)
(92526, 0.92914616)
(290004, 0.92914607)
(266799, 0.92914607)
(180643, 0.92914607)
(17308, 0.92914607)
(387301, 0.92913928)
(13010, 0.92913919)
(402710, 0.92913911)
(308349, 0.92913911)
(64992, 0.92913903)
(253628, 0.92913215)
(217026, 0.92804659)
(38122, 0.92804659)
(146062, 0.92803963)
(293390, 0.92803963)
(258438, 0.92803963)
(391600, 0.92803963)
(101241, 0.92803963)
(376430, 0.92803955)
(383312, 0.92803955)
(59908, 0.92803955)
(48755, 0.92803267)
(256942, 0.92803267)
(375005, 0.92803259)
(194820, 0.92803259)
(252096, 0.92803259)
(201489, 0.92803259)
(85345, 0.92803259)
(300257, 0.92803259)
(341870, 0.92803259)
(378925, 0.92803259)
(8076, 0.9280325)
(153074, 0.9280325)
(227439, 0.92802571)
(113718, 0.92802571)
(315312, 0.92802562)
(403973, 0.92802562)
(337060, 0.92802562)
(250314, 0.92802562)
(286853, 0.92802562)
(118843, 0.92802562)
(245492, 0.92802562)
(285771, 0.92802562)
(59595, 0.92802562)
(92834, 0.92802562)
(320587, 0.92802562)
(170996, 0.92802562)
(412322, 0.92802562)
(200127, 0.92802562)
(339939, 0.92802554)
(392301, 0.92802554)
(227973, 0.92802554)
(159756, 0.92802554)
(98464, 0.92802554)
(104468, 0.92802554)
(417529, 0.92802554)
(398588, 0.92801875)
(168906, 0.92801866)
(289374, 0.92801866)
(325972, 0.92801866)
(226749, 0.92801866)
(285001, 0.92801866)
(24532, 0.92801866)
(115714, 0.92801866)
(105243, 0.92801866)
(319534, 0.92801866)
(335112, 0.92801866)
(8482, 0.92801866)
(89129, 0.92801866)
(142333, 0.92801866)
(294600, 0.92801866)
(390204, 0.92801858)
(114325, 0.92801858)
(410259, 0.92801858)
(9017, 0.92801858)
(280272, 0.92801858)
(408056, 0.92801858)
(51463, 0.92801858)
(349202, 0.92801858)
(304055, 0.92801858)
(412326, 0.92801858)
(236146, 0.92801858)
(36620, 0.92801858)
(330094, 0.92801858)
(405035, 0.92801858)
(28999, 0.92801858)
(378706, 0.92801858)
(189536, 0.92801858)
(6901, 0.92801858)
(156730, 0.92801858)
(130036, 0.92801858)
(239525, 0.9280185)
(173013, 0.9280185)
(9145, 0.9280185)
(254062, 0.9280185)
(156065, 0.9280185)
(57152, 0.9280185)
(356574, 0.9280117)
(179207, 0.9280117)
(77802, 0.9280117)
(184197, 0.9280117)
(273422, 0.9280117)
(378786, 0.9280117)
(400715, 0.9280117)
(296175, 0.9280117)
(400870, 0.9280117)
(72127, 0.9280117)
(110260, 0.9280117)
(94699, 0.9280117)
(419929, 0.9280117)
(91777, 0.9280117)
(32900, 0.9280117)
(160012, 0.9280117)
(225220, 0.92801162)
(91900, 0.92801162)
(116630, 0.92801162)
(284618, 0.92801162)
(180365, 0.92801162)
(49185, 0.92801162)
(185866, 0.92801162)
(150734, 0.92801162)
(11046, 0.92801162)
(234392, 0.92801162)
(21462, 0.92801162)
(97434, 0.92801162)
(91270, 0.92801162)
(138523, 0.92801162)
(274633, 0.92801162)
(253041, 0.92801162)
(338560, 0.92801162)
(115316, 0.92801162)
(208298, 0.92801162)
(239281, 0.92801162)
(160379, 0.92801162)
(327434, 0.92801162)
(131906, 0.92801162)
(170017, 0.92801162)
(333424, 0.92801154)
(50587, 0.92801154)
(110969, 0.92801154)
(315594, 0.92801154)
(273454, 0.92801154)
(364979, 0.92801154)
(416192, 0.92801154)
(54973, 0.92801154)
(327793, 0.92800474)
(227208, 0.92800466)
(90966, 0.92800466)
(360356, 0.92800466)
(416267, 0.92800466)
(274910, 0.92800466)
(218723, 0.92800466)
(171853, 0.92800466)
(34665, 0.92800466)
(10939, 0.92800466)
(9268, 0.92800466)
(188658, 0.92800466)
(184027, 0.92800466)
(192322, 0.92800466)
(173060, 0.92800466)
(256001, 0.92800466)
(334513, 0.92800466)
(160269, 0.92800466)
(386308, 0.92800466)
(292679, 0.92800466)
(383423, 0.92800466)
(361321, 0.92800466)
(143017, 0.92800466)
(346973, 0.92800466)
(351365, 0.92800466)
(339550, 0.92800466)
(371932, 0.92800466)
(202116, 0.92800466)
(202324, 0.92800457)
(275923, 0.92800457)
(407728, 0.92800457)
(51388, 0.92800457)
(115722, 0.92800457)
(344263, 0.92800457)
(364764, 0.92800457)
(84367, 0.92800457)
(315444, 0.92800457)
(319653, 0.92800457)
(155796, 0.92800457)
(378823, 0.92800457)
(259784, 0.92800457)
(325295, 0.92800457)
(102725, 0.92799778)
(230169, 0.92799778)
(296778, 0.9279977)
(6479, 0.9279977)
(68720, 0.9279977)
(94414, 0.9279977)
(412781, 0.9279977)
(173740, 0.9279977)
(257830, 0.9279977)
(210096, 0.9279977)
(274001, 0.9279977)
(390385, 0.9279977)
(133114, 0.9279977)
(167814, 0.9279977)
(381941, 0.9279977)
(103817, 0.9279977)
(328647, 0.92799761)
(29872, 0.92799761)
(377897, 0.92799761)
(260715, 0.92799761)
(18030, 0.92799761)
(119668, 0.92799761)
(183761, 0.92799761)
(240874, 0.92799761)
(255264, 0.92799761)
(396103, 0.92799761)
(346848, 0.92799761)
(337174, 0.92799761)
(277233, 0.92799761)
(331503, 0.92799761)
(69635, 0.92799761)
(24842, 0.92799761)
(53322, 0.92799761)
(294491, 0.92799761)
(365684, 0.92799761)
(218023, 0.92799761)
(191284, 0.92799761)
(389941, 0.92799761)
(224202, 0.92799761)
(342767, 0.92799761)
(105372, 0.92799761)
(6809, 0.92799761)
(346853, 0.92799761)
(253414, 0.92799761)
(108497, 0.92799761)
(362669, 0.92799761)
(312811, 0.92799761)
(394803, 0.92799761)
(114634, 0.92799761)
(402463, 0.92799761)
(336529, 0.92799761)
(125126, 0.92799761)
(325101, 0.92799761)
(17671, 0.92799761)
(149989, 0.92799761)
(16016, 0.92799761)
(118575, 0.92799753)
(30848, 0.92799753)
(340911, 0.92799753)
(114510, 0.92799753)
(115595, 0.92799753)
(79762, 0.92799073)
(276447, 0.92799073)
(136472, 0.92799073)
(22936, 0.92799073)
(158507, 0.92799073)
(317041, 0.92799073)
(4039, 0.92799073)
(283001, 0.92799073)
(69543, 0.92799073)
(136774, 0.92799073)
(289115, 0.92799073)
(214763, 0.92799073)
(412873, 0.92799065)
(270329, 0.92799065)
(42584, 0.92799065)
(248308, 0.92799065)
(31010, 0.92799065)
(10510, 0.92799065)
(296922, 0.92799065)
(402374, 0.92799065)
(63403, 0.92799065)
(269146, 0.92799065)
(181948, 0.92799065)
(414399, 0.92799065)
(157365, 0.92799065)
(17038, 0.92799065)
(75093, 0.92799065)
(222343, 0.92799065)
(253874, 0.92799057)
(251785, 0.92799057)
(363740, 0.92799057)
(90694, 0.92799057)
(336177, 0.92799057)
(303784, 0.92799057)
(166772, 0.92799057)
(212117, 0.92799057)
(292551, 0.92799057)
(344015, 0.92799049)
(393871, 0.92799049)
(287465, 0.92799049)
(357572, 0.92798377)
(24278, 0.92798377)
(105204, 0.92798377)
(274443, 0.92798369)
(179230, 0.92798369)
(248682, 0.92798369)
(383342, 0.92798369)
(7618, 0.92798369)
(103235, 0.92798369)
(188847, 0.92798369)
(81739, 0.92798361)
(43154, 0.92798361)
(84274, 0.92798361)
(200798, 0.92798361)
(201576, 0.92798361)
(339944, 0.92798361)
(271762, 0.92798361)
(94799, 0.92798361)
(350836, 0.92798361)
(352717, 0.92798361)
(351649, 0.92798361)
(135974, 0.92798361)
(35423, 0.92798361)
(350669, 0.92798361)
(263389, 0.92798361)
(123074, 0.92798361)
(88551, 0.92798352)
(410627, 0.92798352)
(250323, 0.92797673)
(411099, 0.92797673)
(54761, 0.92797673)
(311556, 0.92797673)
(278306, 0.92797665)
(253365, 0.92797665)
(215519, 0.92797665)
(8708, 0.92797665)
(291501, 0.92797665)
(91446, 0.92797665)
(398211, 0.92797665)
(109969, 0.92797665)
(365687, 0.92797665)
(158765, 0.92797656)
(252928, 0.92797656)
(8261, 0.92797656)
(165387, 0.92797656)
(219935, 0.92797656)
(110436, 0.92796977)
(385600, 0.92796968)
(249108, 0.92796968)
(305776, 0.92796968)
(204300, 0.9279696)
(350193, 0.92796952)
(229675, 0.92796272)
(368288, 0.92796264)
(321910, 0.92796264)
(252753, 0.92796264)
(208055, 0.92796264)
(248885, 0.92796264)
(120841, 0.92796256)
(339035, 0.92795568)
(212601, 0.92795568)
(294023, 0.92794864)
(107316, 0.92687708)
(68571, 0.92686316)
(229382, 0.92686316)
(238561, 0.92686316)
(362520, 0.92686316)
(134532, 0.92686316)
(257293, 0.92686316)
(374358, 0.92686308)
(274619, 0.92686308)
(271811, 0.92686308)
(264995, 0.9268562)
(284026, 0.9268562)
(54714, 0.9268562)
(314786, 0.9268562)
(343593, 0.9268562)
(76119, 0.9268562)
(20629, 0.9268562)
(186384, 0.9268562)
(186518, 0.92685612)
(201132, 0.92685612)
(257652, 0.92685612)
(328138, 0.92685612)
(309781, 0.92685612)
(228925, 0.92685612)
(144543, 0.92685612)
(344457, 0.92685612)
(226200, 0.92685612)
(273727, 0.92685612)
(30795, 0.92685612)
(39102, 0.92685612)
(327200, 0.92684924)
(31213, 0.92684924)
(283094, 0.92684915)
(91635, 0.92684915)
(346866, 0.92684915)
(158844, 0.92684915)
(87350, 0.92684915)
(89519, 0.92684915)
(201960, 0.92684915)
(403354, 0.92684915)
(328064, 0.92684915)
(221812, 0.92684907)
(141436, 0.92684907)
(127984, 0.92684907)
(260796, 0.92684907)
(189270, 0.92684899)
(297460, 0.92684228)
(156417, 0.92684219)
(199163, 0.92684219)
(178767, 0.92684219)
(383656, 0.92684219)
(389406, 0.92684219)
(282239, 0.92684219)
(151636, 0.92684219)
(271093, 0.92684219)
(5479, 0.92684219)
(299103, 0.92684219)
(160398, 0.92684219)
(100575, 0.92684219)
(149954, 0.92684219)
(293650, 0.92684211)
(273022, 0.92684211)
(368257, 0.92684211)
(390049, 0.92684211)
(267268, 0.92684211)
(390626, 0.92684211)
(25847, 0.92684211)
(95329, 0.92684211)
(340515, 0.92684211)
(113991, 0.92684211)
(372103, 0.92684211)
(404330, 0.92684211)
(25503, 0.92684211)
(105996, 0.92684211)
(235665, 0.92684211)
(187736, 0.92684211)
(273017, 0.92684211)
(313054, 0.92684211)
(239538, 0.92684203)
(352953, 0.92683523)
(59172, 0.92683523)
(144463, 0.92683523)
(361079, 0.92683523)
(52697, 0.92683523)
(1371, 0.92683523)
(338805, 0.92683523)
(303881, 0.92683523)
(32064, 0.92683523)
(209329, 0.92683523)
(209470, 0.92683515)
(94905, 0.92683515)
(87693, 0.92683515)
(65334, 0.92683515)
(200925, 0.92683515)
(262935, 0.92683515)
(170196, 0.92683515)
(272479, 0.92683515)
(227835, 0.92683515)
(225889, 0.92683515)
(399553, 0.92683515)
(129721, 0.92683515)
(59454, 0.92683515)
(316909, 0.92683515)
(210935, 0.92683515)
(222667, 0.92683515)
(67083, 0.92683515)
(280167, 0.92683515)
(207305, 0.92683515)
(209288, 0.92683515)
(6280, 0.92683507)
(416978, 0.92683507)
(195402, 0.92683507)
(68349, 0.92683507)
(272859, 0.92683507)
(250796, 0.92683507)
(35889, 0.92683507)
(165267, 0.92683507)
(301118, 0.92682827)
(313601, 0.92682827)
(221357, 0.92682819)
(350635, 0.92682819)
(11802, 0.92682819)
(315806, 0.92682819)
(300067, 0.92682819)
(138996, 0.92682819)
(287570, 0.92682819)
(54212, 0.92682819)
(205243, 0.92682819)
(105978, 0.92682819)
(228102, 0.92682819)
(56113, 0.92682819)
(249313, 0.92682819)
(374889, 0.92682819)
(413889, 0.92682819)
(342931, 0.92682819)
(177189, 0.92682819)
(19857, 0.92682819)
(182857, 0.92682819)
(391942, 0.92682819)
(173846, 0.92682819)
(361595, 0.92682819)
(239415, 0.9268281)
(180783, 0.9268281)
(323501, 0.9268281)
(155274, 0.9268281)
(150222, 0.9268281)
(312849, 0.9268281)
(197642, 0.9268281)
(234117, 0.9268281)
(361146, 0.9268281)
(412232, 0.9268281)
(341673, 0.9268281)
(204975, 0.9268281)
(355293, 0.9268281)
(125962, 0.9268281)
(303729, 0.9268281)
(316315, 0.9268281)
(179443, 0.9268281)
(38780, 0.9268281)
(73161, 0.92682802)
(373851, 0.92682802)
(56241, 0.92682131)
(335593, 0.92682131)
(212104, 0.92682131)
(228250, 0.92682131)
(3253, 0.92682123)
(160676, 0.92682123)
(308636, 0.92682123)
(269739, 0.92682123)
(104254, 0.92682123)
(327021, 0.92682123)
(26531, 0.92682123)
(21133, 0.92682123)
(156166, 0.92682123)
(341143, 0.92682123)
(261864, 0.92682123)
(68908, 0.92682123)
(328774, 0.92682123)
(358066, 0.92682123)
(74647, 0.92682123)
(328782, 0.92682123)
(259517, 0.92682123)
(68647, 0.92682123)
(9796, 0.92682123)
(97678, 0.92682123)
(327011, 0.92682114)
(298072, 0.92682114)
(339784, 0.92682114)
(383797, 0.92682114)
(43268, 0.92682114)
(46580, 0.92682114)
(325229, 0.92682114)
(188158, 0.92682114)
(26964, 0.92682114)
(14647, 0.92682114)
(231065, 0.92682114)
(53340, 0.92682114)
(213668, 0.92682114)
(319512, 0.92682114)
(176757, 0.92682114)
(108987, 0.92682114)
(346105, 0.92682114)
(79988, 0.92682114)
(275807, 0.92682114)
(223139, 0.92682114)
(216149, 0.92682114)
(409894, 0.92682114)
(18973, 0.92682114)
(190294, 0.92682114)
(216033, 0.92682114)
(328128, 0.92682114)
(235912, 0.92682114)
(299372, 0.92682114)
(98192, 0.92682114)
(74371, 0.92682114)
(228236, 0.92682114)
(100929, 0.92682106)
(229477, 0.92682106)
(212575, 0.92682106)
(186476, 0.92682106)
(352004, 0.92682106)
(280474, 0.92681435)
(34515, 0.92681435)
(162075, 0.92681426)
(323574, 0.92681426)
(324926, 0.92681426)
(308240, 0.92681426)
(148578, 0.92681426)
(95466, 0.92681426)
(102803, 0.92681426)
(297630, 0.92681426)
(10187, 0.92681426)
(394120, 0.92681426)
(39758, 0.92681426)
(341829, 0.92681426)
(325466, 0.92681426)
(6032, 0.92681426)
(367224, 0.92681426)
(354585, 0.92681418)
(198445, 0.92681418)
(224875, 0.92681418)
(406696, 0.92681418)
(188420, 0.92681418)
(395405, 0.92681418)
(77042, 0.92681418)
(18648, 0.92681418)
(31825, 0.92681418)
(291609, 0.92681418)
(374431, 0.92681418)
(387064, 0.92681418)
(193217, 0.92681418)
(98154, 0.92681418)
(350006, 0.92681418)
(212249, 0.92681418)
(401084, 0.92681418)
(417719, 0.92681418)
(327312, 0.92681418)
(384213, 0.9268141)
(150129, 0.9268141)
(220318, 0.9268141)
(53030, 0.9268141)
(11576, 0.9268141)
(368550, 0.9268141)
(412600, 0.9268141)
(390427, 0.9268141)
(113778, 0.9268141)
(284006, 0.92681402)
(296691, 0.92680722)
(360144, 0.92680722)
(220067, 0.92680722)
(408167, 0.92680722)
(374695, 0.92680722)
(309683, 0.92680722)
(264020, 0.92680722)
(87578, 0.92680722)
(369084, 0.92680722)
(145680, 0.92680722)
(246351, 0.92680722)
(49345, 0.92680722)
(262541, 0.92680722)
(106607, 0.92680714)
(372457, 0.92680714)
(408329, 0.92680714)
(183477, 0.92680714)
(293657, 0.92680714)
(58595, 0.92680714)
(346611, 0.92680714)
(233774, 0.92680714)
(204982, 0.92680714)
(254980, 0.92680714)
(199497, 0.92680714)
(76634, 0.92680714)
(257569, 0.92680714)
(332113, 0.92680714)
(291220, 0.92680714)
(175808, 0.92680714)
(97696, 0.92680714)
(5830, 0.92680714)
(308238, 0.92680714)
(44324, 0.92680705)
(47973, 0.92680705)
(88836, 0.92680705)
(340185, 0.92680026)
(400231, 0.92680026)
(217407, 0.92680026)
(403409, 0.92680026)
(186142, 0.92680018)
(117155, 0.92680018)
(118697, 0.92680018)
(167765, 0.92680018)
(278267, 0.92680018)
(79714, 0.92680018)
(254494, 0.92680018)
(204453, 0.92680018)
(374924, 0.92680018)
(345368, 0.92680018)
(174669, 0.92680018)
(305996, 0.92680018)
(274436, 0.92680018)
(57266, 0.92680018)
(244569, 0.92680018)
(113039, 0.92680018)
(383930, 0.92680009)
(208673, 0.9267933)
(98520, 0.9267933)
(48513, 0.9267933)
(36854, 0.92679321)
(44594, 0.92679321)
(44772, 0.92679321)
(184111, 0.92679321)
(410433, 0.92679321)
(355616, 0.92679313)
(287972, 0.92679313)
(420085, 0.92679313)
(142904, 0.92679313)
(331688, 0.92679313)
(166098, 0.92679313)
(267516, 0.92679313)
(301821, 0.92679313)
(260770, 0.92679313)
(44882, 0.92679313)
(9021, 0.92679313)
(306974, 0.92679313)
(45431, 0.92679313)
(418974, 0.92679305)
(128281, 0.92679305)
(331630, 0.92679305)
(234178, 0.92678625)
(365338, 0.92678617)
(145086, 0.92678617)
(272011, 0.92678617)
(82727, 0.92678617)
(251610, 0.92678617)
(302054, 0.92678609)
(248856, 0.92678609)
(361584, 0.92677929)
(372849, 0.92677921)
(125132, 0.92677913)
(52558, 0.92677216)
(391394, 0.9267652)
(313199, 0.92676512)
(256153, 0.92675824)
(35103, 0.92569365)
(93581, 0.92569365)
(357871, 0.92568669)
(45789, 0.92568669)
(78488, 0.92568669)
(173956, 0.92568652)
(122299, 0.92567973)
(196858, 0.92567973)
(207232, 0.92567964)
(295420, 0.92567964)
(111105, 0.92567964)
(48973, 0.92567964)
(235990, 0.92567964)
(344762, 0.92567964)
(340700, 0.92567956)
(56164, 0.92567277)
(297845, 0.92567277)
(205538, 0.92567268)
(386612, 0.92567268)
(169985, 0.92567268)
(113786, 0.92567268)
(89130, 0.92567268)
(291703, 0.92567268)
(306015, 0.92567268)
(38862, 0.92567268)
(227592, 0.92567268)
(127666, 0.9256726)
(400530, 0.9256726)
(69350, 0.92566572)
(261526, 0.92566572)
(397806, 0.92566572)
(257017, 0.92566572)
(229794, 0.92566572)
(410582, 0.92566572)
(260849, 0.92566572)
(227607, 0.92566572)
(18656, 0.92566564)
(19297, 0.92566564)
(181494, 0.92566564)
(70475, 0.92566564)
(200588, 0.92566564)
(118293, 0.92566564)
(180540, 0.92566564)
(11207, 0.92566564)
(363830, 0.92566564)
(261416, 0.92565884)
(305839, 0.92565884)
(95170, 0.92565876)
(71582, 0.92565876)
(278332, 0.92565876)
(80051, 0.92565876)
(96646, 0.92565876)
(417975, 0.92565876)
(163511, 0.92565876)
(61800, 0.92565876)
(160713, 0.92565876)
(326199, 0.92565876)
(324439, 0.92565868)
(267224, 0.92565868)
(264941, 0.92565868)
(390272, 0.92565868)
(92630, 0.92565868)
(251747, 0.92565868)
(268941, 0.92565868)
(378890, 0.92565868)
(250707, 0.92565868)
(309096, 0.92565868)
(196171, 0.92565868)
(195063, 0.92565868)
(318253, 0.92565868)
(341589, 0.92565868)
(130475, 0.92565868)
(167435, 0.92565859)
(299900, 0.92565859)
(295889, 0.92565859)
(311846, 0.92565859)
(60759, 0.92565859)
(121934, 0.92565859)
(223554, 0.92565859)
(234832, 0.92565188)
(10785, 0.9256518)
(56915, 0.9256518)
(419050, 0.9256518)
(62171, 0.9256518)
(73446, 0.9256518)
(310859, 0.92565172)
(416948, 0.92565172)
(83349, 0.92565172)
(66011, 0.92565172)
(206032, 0.92565172)
(9968, 0.92565172)
(291968, 0.92565172)
(89913, 0.92565172)
(25222, 0.92565172)
(221576, 0.92565172)
(334664, 0.92565172)
(418525, 0.92565172)
(63898, 0.92565172)
(78296, 0.92565172)
(244618, 0.92565172)
(343701, 0.92565172)
(98667, 0.92565172)
(326544, 0.92565163)
(407314, 0.92565163)
(233962, 0.92565163)
(17570, 0.92565163)
(135096, 0.92565163)
(163267, 0.92565163)
(3311, 0.92565163)
(203839, 0.92565163)
(235623, 0.92565163)
(271689, 0.92565163)
(393901, 0.92565163)
(187762, 0.92565163)
(55420, 0.92565163)
(150049, 0.92565163)
(161807, 0.92565163)
(226987, 0.92565163)
(367402, 0.92565163)
(142885, 0.92565163)
(144149, 0.92565163)
(21125, 0.92565163)
(132046, 0.92565163)
(23919, 0.92565155)
(281040, 0.92565155)
(25321, 0.92565155)
(407675, 0.92565155)
(33071, 0.92564484)
(299218, 0.92564484)
(152222, 0.92564475)
(111836, 0.92564475)
(349621, 0.92564475)
(191075, 0.92564475)
(38924, 0.92564475)
(208519, 0.92564475)
(146690, 0.92564475)
(264353, 0.92564475)
(40339, 0.92564475)
(86749, 0.92564475)
(19616, 0.92564475)
(310929, 0.92564475)
(386549, 0.92564475)
(183227, 0.92564475)
(67650, 0.92564467)
(318177, 0.92564467)
(367710, 0.92564467)
(18038, 0.92564467)
(358589, 0.92564467)
(275731, 0.92564467)
(228628, 0.92564467)
(356759, 0.92564467)
(166376, 0.92564467)
(388416, 0.92564467)
(389574, 0.92564467)
(55609, 0.92564467)
(179234, 0.92564467)
(369735, 0.92564467)
(94006, 0.92564467)
(284591, 0.92564467)
(301775, 0.92564467)
(73478, 0.92564467)
(20497, 0.92564467)
(367541, 0.92564467)
(63636, 0.92564467)
(418997, 0.92564467)
(40304, 0.92564467)
(29999, 0.92564467)
(413011, 0.92564467)
(121027, 0.92564459)
(415105, 0.92564459)
(107561, 0.92564459)
(49064, 0.92564459)
(244700, 0.92564459)
(114401, 0.92563779)
(55047, 0.92563779)
(193241, 0.92563779)
(357693, 0.92563779)
(312408, 0.92563779)
(51875, 0.92563771)
(70461, 0.92563771)
(326240, 0.92563771)
(115764, 0.92563771)
(355834, 0.92563771)
(334193, 0.92563771)
(9561, 0.92563771)
(183792, 0.92563771)
(210463, 0.92563771)
(296339, 0.92563771)
(257679, 0.92563771)
(54696, 0.92563771)
(365629, 0.92563771)
(391148, 0.92563771)
(301307, 0.92563771)
(55662, 0.92563771)
(171670, 0.92563771)
(44086, 0.92563771)
(262045, 0.92563771)
(246720, 0.92563771)
(88577, 0.92563771)
(146371, 0.92563763)
(23786, 0.92563763)
(128706, 0.92563763)
(156966, 0.92563763)
(107770, 0.92563763)
(16305, 0.92563763)
(144479, 0.92563763)
(11474, 0.92563763)
(316795, 0.92563763)
(367289, 0.92563763)
(71045, 0.92563763)
(321100, 0.92563754)
(133649, 0.92563092)
(127870, 0.92563083)
(279653, 0.92563075)
(56531, 0.92563075)
(419182, 0.92563075)
(21599, 0.92563075)
(161851, 0.92563075)
(189920, 0.92563075)
(205826, 0.92563075)
(124008, 0.92563075)
(241950, 0.92563067)
(32441, 0.92563067)
(107539, 0.92563067)
(158455, 0.92563067)
(171529, 0.92563067)
(105911, 0.92563067)
(151513, 0.92563067)
(237890, 0.92563067)
(50449, 0.92563067)
(354899, 0.92563067)
(270848, 0.92563067)
(333199, 0.92563058)
(90209, 0.92563058)
(163787, 0.92563058)
(247593, 0.92562387)
(133029, 0.92562387)
(139145, 0.92562387)
(75017, 0.92562379)
(347803, 0.92562379)
(322184, 0.92562379)
(151020, 0.92562371)
(242212, 0.92562371)
(138608, 0.92562371)
(52974, 0.92562371)
(223969, 0.92562371)
(124449, 0.92562371)
(662, 0.92562371)
(47696, 0.92562371)
(296466, 0.92562371)
(411368, 0.92562371)
(406068, 0.92562371)
(73063, 0.92562362)
(113497, 0.92562362)
(105118, 0.92562362)
(100450, 0.92562362)
(247563, 0.92562362)
(214439, 0.92562362)
(333756, 0.92562362)
(418320, 0.92562354)
(410995, 0.92562354)
(367545, 0.92561683)
(89478, 0.92561683)
(347805, 0.92561683)
(409587, 0.92561674)
(131681, 0.92561674)
(224787, 0.92561674)
(349722, 0.92561674)
(44491, 0.92561666)
(342453, 0.92561666)
(364720, 0.92561666)
(105424, 0.92561666)
(87724, 0.92561666)
(380803, 0.92560978)
(261660, 0.92560978)
(229722, 0.92560978)
(321351, 0.9256097)
(105066, 0.9256097)
(256399, 0.9256097)
(286973, 0.9256097)
(416825, 0.9256097)
(231903, 0.9256097)
(60713, 0.9256097)
(189828, 0.9256097)
(8937, 0.9256097)
(413671, 0.9256097)
(97639, 0.92560962)
(372408, 0.92560962)
(375041, 0.92560962)
(19739, 0.92560962)
(244538, 0.92560962)
(284704, 0.92560962)
(375782, 0.92560274)
(99403, 0.92560274)
(269435, 0.92560274)
(173943, 0.92560274)
(153321, 0.92560274)
(420314, 0.92560266)
(274856, 0.92560266)
(398520, 0.92560266)
(255404, 0.92560266)
(399363, 0.92559586)
(24375, 0.92559569)
(394626, 0.92559569)
(222019, 0.92559569)
(363325, 0.92558177)
(213106, 0.92558169)
(111096, 0.92452414)
(299395, 0.9245171)
(155834, 0.9245171)
(336281, 0.92451022)
(299578, 0.92451014)
(341295, 0.92451014)
(137166, 0.92450326)
(342823, 0.92450317)
(98839, 0.92450317)
(10050, 0.92450317)
(362990, 0.92450317)
(236748, 0.92450317)
(399675, 0.9244963)
(398820, 0.9244963)
(74895, 0.92449621)
(320015, 0.92449621)
(319549, 0.92449621)
(419425, 0.92449621)
(370442, 0.92449613)
(345442, 0.92449613)
(182640, 0.92449613)
(213128, 0.92449613)
(1058, 0.92449613)
(216852, 0.92448925)
(75281, 0.92448925)
(333039, 0.92448925)
(2923, 0.92448925)
(339855, 0.92448925)
(369535, 0.92448925)
(327295, 0.92448925)
(237874, 0.92448925)
(81131, 0.92448917)
(223228, 0.92448917)
(105732, 0.92448917)
(99591, 0.92448917)
(318195, 0.92448917)
(273998, 0.92448917)
(57497, 0.92448917)
(297122, 0.92448917)
(368351, 0.92448917)
(16808, 0.92448917)
(203544, 0.92448917)
(221111, 0.92448229)
(51473, 0.92448229)
(183610, 0.92448229)
(373214, 0.92448229)
(386453, 0.92448229)
(349934, 0.92448229)
(76990, 0.92448229)
(402598, 0.92448229)
(168897, 0.92448229)
(388579, 0.92448221)
(275308, 0.92448221)
(30596, 0.92448221)
(264371, 0.92448221)
(296320, 0.92448221)
(317894, 0.92448221)
(11056, 0.92448221)
(81383, 0.92448221)
(112949, 0.92448221)
(210589, 0.92448221)
(185076, 0.92448221)
(344396, 0.92448221)
(285199, 0.92448221)
(375933, 0.92448221)
(272535, 0.92448221)
(248502, 0.92448221)
(5598, 0.92448212)
(167567, 0.92448212)
(334084, 0.92447541)
(8927, 0.92447533)
(302988, 0.92447533)
(175462, 0.92447533)
(163906, 0.92447533)
(398173, 0.92447533)
(46071, 0.92447525)
(321992, 0.92447525)
(2693, 0.92447525)
(343571, 0.92447525)
(136965, 0.92447525)
(238564, 0.92447525)
(105318, 0.92447525)
(137684, 0.92447525)
(347763, 0.92447525)
(294943, 0.92447525)
(308416, 0.92447525)
(47849, 0.92447525)
(305098, 0.92447525)
(371883, 0.92447525)
(338147, 0.92447525)
(110623, 0.92447525)
(355415, 0.92447525)
(355929, 0.92447525)
(90599, 0.92447525)
(159804, 0.92447516)
(52411, 0.92447516)
(18124, 0.92447516)
(123861, 0.92447516)
(76964, 0.92447516)
(110066, 0.92447516)
(320372, 0.92447516)
(266994, 0.92447516)
(123476, 0.92447516)
(355195, 0.92446837)
(87386, 0.92446837)
(265685, 0.92446837)
(199158, 0.92446837)
(75741, 0.92446828)
(387737, 0.92446828)
(254538, 0.92446828)
(76222, 0.92446828)
(103998, 0.92446828)
(161672, 0.92446828)
(86396, 0.92446828)
(90468, 0.92446828)
(191783, 0.92446828)
(91677, 0.92446828)
(128654, 0.92446828)
(228814, 0.92446828)
(169882, 0.92446828)
(335732, 0.92446828)
(368838, 0.92446828)
(73023, 0.92446828)
(238272, 0.92446828)
(153763, 0.92446828)
(418178, 0.92446828)
(293539, 0.92446828)
(156298, 0.9244682)
(122602, 0.9244682)
(64107, 0.9244682)
(269141, 0.9244682)
(54729, 0.9244682)
(356533, 0.9244682)
(325677, 0.9244682)
(280042, 0.9244682)
(92289, 0.9244682)
(113179, 0.9244682)
(237072, 0.9244682)
(199832, 0.9244682)
(247350, 0.9244682)
(314465, 0.9244682)
(175052, 0.9244682)
(42691, 0.9244682)
(128788, 0.9244682)
(396023, 0.9244682)
(222401, 0.9244682)
(340679, 0.9244682)
(93743, 0.92446812)
(106654, 0.92446812)
(159299, 0.92446812)
(151799, 0.92446812)
(95871, 0.92446141)
(116464, 0.92446141)
(149978, 0.92446132)
(235677, 0.92446132)
(273417, 0.92446132)
(161922, 0.92446132)
(373268, 0.92446132)
(413139, 0.92446132)
(65604, 0.92446132)
(339455, 0.92446132)
(351775, 0.92446132)
(203416, 0.92446124)
(168397, 0.92446124)
(127938, 0.92446124)
(396872, 0.92446124)
(239731, 0.92446124)
(201418, 0.92446124)
(221200, 0.92446124)
(151940, 0.92446124)
(281075, 0.92446124)
(347559, 0.92446124)
(272658, 0.92446124)
(82764, 0.92446124)
(223243, 0.92446124)
(404104, 0.92446124)
(283704, 0.92446124)
(361610, 0.92446124)
(402630, 0.92446124)
(4646, 0.92446124)
(297338, 0.92446124)
(312234, 0.92446116)
(293649, 0.92446116)
(147697, 0.92446116)
(27045, 0.92446116)
(123075, 0.92446116)
(290361, 0.92446116)
(419714, 0.92446116)
(327669, 0.92446116)
(140269, 0.92446116)
(115969, 0.92446116)
(319462, 0.92446116)
(262960, 0.92446116)
(118830, 0.92446116)
(380904, 0.92446116)
(56416, 0.92446116)
(347753, 0.92446116)
(335169, 0.92446116)
(131415, 0.92446107)
(107798, 0.92445444)
(212566, 0.92445436)
(357011, 0.92445436)
(411474, 0.92445436)
(114276, 0.92445436)
(302725, 0.92445428)
(378826, 0.92445428)
(13344, 0.92445428)
(222306, 0.92445428)
(150183, 0.92445428)
(188556, 0.92445428)
(179761, 0.92445428)
(169733, 0.92445428)
(372466, 0.92445428)
(318694, 0.92445428)
(42216, 0.92445428)
(279605, 0.92445428)
(356468, 0.9244542)
(378283, 0.9244542)
(118369, 0.9244542)
(2145, 0.9244542)
(216584, 0.9244542)
(230775, 0.9244542)
(239067, 0.9244542)
(81129, 0.9244542)
(182234, 0.9244542)
(390248, 0.9244542)
(131545, 0.9244542)
(29036, 0.9244542)
(115331, 0.9244542)
(79411, 0.9244542)
(157590, 0.9244542)
(213705, 0.9244542)
(250217, 0.9244542)
(288277, 0.92445411)
(198663, 0.92444732)
(266191, 0.92444732)
(22108, 0.92444732)
(21736, 0.92444732)
(156693, 0.92444732)
(2211, 0.92444732)
(51834, 0.92444732)
(335297, 0.92444732)
(81979, 0.92444732)
(147392, 0.92444732)
(85031, 0.92444723)
(266247, 0.92444723)
(282637, 0.92444723)
(405793, 0.92444723)
(325578, 0.92444723)
(91648, 0.92444723)
(384782, 0.92444723)
(318396, 0.92444723)
(17060, 0.92444723)
(338942, 0.92444723)
(202220, 0.92444723)
(162152, 0.92444715)
(147541, 0.92444715)
(357962, 0.92444715)
(216887, 0.92444715)
(414397, 0.92444715)
(241182, 0.92444715)
(133500, 0.92444715)
(229494, 0.92444715)
(374869, 0.92444036)
(78355, 0.92444036)
(129050, 0.92444036)
(410560, 0.92444036)
(169461, 0.92444027)
(399037, 0.92444027)
(246205, 0.92444027)
(387548, 0.92444027)
(243978, 0.92444027)
(111087, 0.92444027)
(99746, 0.92444027)
(28539, 0.92444027)
(145820, 0.92444027)
(29582, 0.92444027)
(36371, 0.92444027)
(57171, 0.92444027)
(133008, 0.92444027)
(165139, 0.92444027)
(295893, 0.92444019)
(97774, 0.92444019)
(274695, 0.92444019)
(185217, 0.92444019)
(321437, 0.92444019)
(144999, 0.92444019)
(157831, 0.92444019)
(304352, 0.92444011)
(131273, 0.92444011)
(153092, 0.92443331)
(370751, 0.92443331)
(33362, 0.92443331)
(234583, 0.92443331)
(295247, 0.92443331)
(146715, 0.92443331)
(62350, 0.92443323)
(10169, 0.92443323)
(354090, 0.92443323)
(370284, 0.92443323)
(322978, 0.92443323)
(418264, 0.92443323)
(271099, 0.92443323)
(92101, 0.92443315)
(143649, 0.92443315)
(322146, 0.92442627)
(127535, 0.92442627)
(120206, 0.92442627)
(319679, 0.92442627)
(385039, 0.92442627)
(188898, 0.92442618)
(150256, 0.92442618)
(129726, 0.92441931)
(305945, 0.92441922)
(92610, 0.92441914)
(223205, 0.9244053)
(408545, 0.92439826)
(366940, 0.92439817)
(236263, 0.92333375)
(185734, 0.92333375)
(354734, 0.92333375)
(192934, 0.92333375)
(349151, 0.92333366)
(398102, 0.92332679)
(307769, 0.92331982)
(360840, 0.92331974)
(392919, 0.92331974)
(96378, 0.92331974)
(162809, 0.92331974)
(112992, 0.92331966)
(299329, 0.92331966)
(271168, 0.92331286)
(322684, 0.92331286)
(76555, 0.92331278)
(328418, 0.92331278)
(385633, 0.92331278)
(153855, 0.92331278)
(179898, 0.92331278)
(311049, 0.92331278)
(108733, 0.92331278)
(341301, 0.92331278)
(360300, 0.9233127)
(371359, 0.9233127)
(300546, 0.9233127)
(159030, 0.9233127)
(103625, 0.92331261)
(80680, 0.92331261)
(363814, 0.92331261)
(143851, 0.9233059)
(297327, 0.9233059)
(62557, 0.92330582)
(337029, 0.92330582)
(250123, 0.92330582)
(203317, 0.92330582)
(366810, 0.92330582)
(218291, 0.92330574)
(112586, 0.92330574)
(375985, 0.92330574)
(410625, 0.92330574)
(81472, 0.92330574)
(47549, 0.92330574)
(396403, 0.92330574)
(102999, 0.92330574)
(373315, 0.92330574)
(342074, 0.92330574)
(364781, 0.92330574)
(313493, 0.92330574)
(255532, 0.92330574)
(300369, 0.92330574)
(419448, 0.92330574)
(412547, 0.92330565)
(264292, 0.92329878)
(182306, 0.92329878)
(416697, 0.92329878)
(61394, 0.92329878)
(274548, 0.92329878)
(114064, 0.92329878)
(55501, 0.92329878)
(262944, 0.92329878)
(415702, 0.92329878)
(186754, 0.92329869)
(120870, 0.92329869)
(317753, 0.92329869)
(174044, 0.92329869)
(126853, 0.92329869)
(210795, 0.92329869)
(221828, 0.92329869)
(257309, 0.92329861)
(347513, 0.9232919)
(247613, 0.9232919)
(207362, 0.9232919)
(65923, 0.9232919)
(112944, 0.92329181)
(52561, 0.92329181)
(402909, 0.92329181)
(260994, 0.92329181)
(137232, 0.92329181)
(83019, 0.92329181)
(702, 0.92329181)
(190574, 0.92329181)
(251942, 0.92329181)
(194867, 0.92329181)
(357256, 0.92329181)
(183093, 0.92329181)
(203708, 0.92329181)
(157651, 0.92329173)
(332628, 0.92329173)
(28547, 0.92329173)
(24939, 0.92329173)
(393556, 0.92329173)
(324322, 0.92329173)
(360606, 0.92329173)
(171944, 0.92329173)
(396820, 0.92329173)
(399130, 0.92329173)
(117560, 0.92329173)
(5260, 0.92329173)
(248079, 0.92329173)
(365391, 0.92329173)
(79046, 0.92329165)
(206940, 0.92329165)
(397259, 0.92329165)
(117154, 0.92328485)
(305042, 0.92328485)
(205935, 0.92328485)
(257378, 0.92328485)
(98787, 0.92328485)
(21626, 0.92328485)
(130258, 0.92328485)
(301861, 0.92328485)
(36435, 0.92328477)
(381239, 0.92328477)
(3990, 0.92328477)
(27480, 0.92328477)
(412887, 0.92328477)
(54740, 0.92328477)
(40421, 0.92328477)
(345132, 0.92328477)
(207538, 0.92328477)
(128242, 0.92328477)
(329515, 0.92328477)
(65819, 0.92328477)
(198959, 0.92328477)
(57528, 0.92328477)
(371685, 0.92328477)
(236398, 0.92328477)
(57600, 0.92328469)
(151521, 0.92328469)
(63968, 0.92328469)
(357415, 0.92328469)
(166382, 0.92327797)
(225466, 0.92327797)
(54348, 0.92327789)
(382689, 0.92327789)
(197408, 0.92327789)
(250485, 0.92327789)
(98099, 0.92327781)
(201424, 0.92327781)
(106895, 0.92327781)
(102461, 0.92327781)
(285376, 0.92327781)
(69137, 0.92327781)
(242689, 0.92327781)
(420347, 0.92327781)
(221760, 0.92327781)
(211310, 0.92327781)
(38620, 0.92327781)
(119130, 0.92327781)
(182467, 0.92327773)
(231983, 0.92327773)
(98263, 0.92327773)
(128928, 0.92327773)
(82280, 0.92327773)
(22319, 0.92327773)
(288995, 0.92327773)
(90893, 0.92327773)
(18276, 0.92327773)
(292233, 0.92327773)
(110152, 0.92327773)
(9276, 0.92327773)
(239361, 0.92327773)
(201382, 0.92327773)
(26830, 0.92327773)
(340528, 0.92327773)
(10151, 0.92327773)
(40082, 0.92327773)
(91467, 0.92327773)
(332300, 0.92327764)
(161887, 0.92327764)
(300655, 0.92327085)
(204031, 0.92327085)
(43969, 0.92327085)
(348495, 0.92327085)
(339293, 0.92327085)
(303293, 0.92327085)
(160082, 0.92327085)
(289069, 0.92327085)
(80643, 0.92327085)
(142901, 0.92327085)
(278790, 0.92327085)
(269174, 0.92327085)
(153709, 0.92327085)
(169426, 0.92327076)
(357633, 0.92327076)
(27438, 0.92327076)
(35181, 0.92327076)
(50594, 0.92327076)
(317643, 0.92327076)
(174435, 0.92327076)
(17486, 0.92327076)
(72350, 0.92327076)
(122576, 0.92327076)
(214753, 0.92327076)
(311449, 0.92327076)
(106880, 0.92327076)
(270995, 0.92327076)
(17565, 0.92327076)
(193370, 0.92327068)
(56609, 0.92327068)
(416649, 0.92326389)
(264078, 0.92326389)
(194356, 0.9232638)
(77314, 0.9232638)
(221056, 0.9232638)
(82479, 0.9232638)
(214161, 0.9232638)
(385209, 0.9232638)
(253267, 0.9232638)
(200199, 0.9232638)
(91332, 0.92326372)
(316670, 0.92326372)
(25751, 0.92326372)
(380759, 0.92326372)
(237959, 0.92326372)
(23695, 0.92326372)
(159569, 0.92326372)
(143053, 0.92326372)
(243214, 0.92326364)
(414008, 0.92325701)
(361442, 0.92325684)
(269506, 0.92325684)
(143994, 0.92325684)
(365242, 0.92325684)
(356010, 0.92325684)
(27939, 0.92325684)
(254745, 0.92325684)
(88137, 0.92325676)
(393946, 0.92325676)
(310129, 0.92325676)
(21890, 0.92325676)
(49289, 0.92325676)
(407448, 0.92325676)
(199117, 0.92325676)
(140846, 0.92325676)
(197420, 0.92325676)
(173073, 0.92325676)
(168423, 0.92325668)
(391896, 0.92325668)
(378225, 0.92324988)
(413903, 0.92324988)
(81954, 0.92324988)
(297087, 0.9232498)
(357229, 0.9232498)
(245190, 0.9232498)
(81829, 0.9232498)
(82481, 0.9232498)
(209691, 0.9232498)
(41641, 0.92324971)
(397200, 0.92324971)
(334653, 0.92324971)
(369319, 0.92324292)
(385608, 0.92324284)
(197051, 0.92324284)
(101626, 0.92324275)
(226095, 0.92324275)
(329021, 0.92324275)
(261666, 0.92324275)
(323108, 0.92324275)
(348942, 0.92324275)
(380866, 0.92323587)
(117507, 0.92323587)
(205545, 0.92323587)
(179253, 0.92323571)
(301244, 0.92323571)
(73125, 0.92322883)
(411493, 0.92322883)
(219309, 0.92322875)
(262634, 0.92322187)
(187885, 0.92322179)
(78351, 0.92215719)
(302500, 0.92215719)
(295595, 0.92215023)
(102595, 0.92215023)
(57135, 0.92214335)
(146356, 0.92214327)
(145791, 0.92213631)
(153117, 0.92213631)
(133993, 0.92213631)
(330581, 0.92213631)
(317386, 0.92213631)
(114208, 0.92213631)
(23541, 0.92213623)
(173590, 0.92213623)
(176840, 0.92213623)
(276868, 0.92213623)
(144674, 0.92213623)
(328950, 0.92212935)
(195678, 0.92212935)
(167823, 0.92212935)
(262566, 0.92212927)
(43671, 0.92212927)
(116129, 0.92212927)
(352916, 0.92212927)
(156792, 0.92212927)
(166034, 0.92212927)
(30113, 0.92212927)
(387042, 0.92212918)
(382003, 0.92212918)
(351191, 0.92212918)
(68033, 0.92212239)
(280125, 0.92212239)
(69899, 0.92212239)
(184008, 0.92212239)
(30399, 0.92212239)
(359871, 0.92212239)
(354025, 0.92212239)
(310727, 0.92212239)
(353193, 0.9221223)
(360956, 0.9221223)
(335114, 0.9221223)
(305535, 0.9221223)
(201394, 0.9221223)
(381435, 0.9221223)
(402734, 0.9221223)
(116420, 0.9221223)
(107594, 0.9221223)
(77974, 0.92212222)
(246748, 0.92212222)
(58747, 0.92212222)
(58218, 0.92212222)
(347537, 0.92212222)
(226602, 0.92212222)
(296380, 0.92212222)
(332672, 0.92212222)
(113300, 0.92212222)
(51794, 0.92211543)
(188582, 0.92211534)
(410810, 0.92211534)
(124589, 0.92211534)
(354972, 0.92211534)
(120858, 0.92211534)
(122949, 0.92211534)
(153197, 0.92211534)
(279765, 0.92211526)
(100191, 0.92211526)
(363373, 0.92211526)
(267882, 0.92211526)
(159388, 0.92211526)
(176335, 0.92211526)
(85799, 0.92211526)
(244935, 0.92211526)
(315467, 0.92211526)
(378612, 0.92211518)
(184664, 0.92211518)
(370163, 0.92211518)
(390000, 0.92211518)
(226732, 0.92211518)
(388887, 0.92210846)
(86407, 0.92210838)
(365095, 0.92210838)
(125192, 0.92210838)
(367073, 0.92210838)
(310833, 0.92210838)
(108219, 0.92210838)
(141184, 0.92210838)
(262048, 0.92210838)
(46620, 0.9221083)
(146047, 0.9221083)
(327100, 0.9221083)
(7718, 0.9221083)
(154915, 0.9221083)
(245247, 0.9221083)
(318865, 0.9221083)
(8564, 0.9221083)
(365297, 0.9221083)
(27179, 0.9221083)
(417217, 0.92210822)
(244223, 0.92210822)
(96888, 0.92210822)
(288655, 0.92210142)
(244896, 0.92210142)
(131308, 0.92210142)
(100104, 0.92210142)
(391204, 0.92210142)
(108596, 0.92210142)
(85891, 0.92210142)
(239161, 0.92210134)
(394154, 0.92210134)
(302641, 0.92210134)
(20084, 0.92210134)
(17269, 0.92210134)
(302329, 0.92210134)
(394077, 0.92210134)
(120276, 0.92210134)
(22823, 0.92210134)
(276838, 0.92210134)
(184759, 0.92210134)
(349106, 0.92210125)
(206017, 0.92210125)
(64987, 0.92210125)
(81369, 0.92210125)
(391798, 0.92210125)
(349774, 0.92210125)
(95503, 0.92210117)
(335933, 0.92209438)
(242562, 0.92209438)
(377554, 0.92209438)
(167815, 0.92209438)
(382144, 0.92209438)
(89243, 0.92209438)
(303495, 0.92209438)
(270616, 0.92209438)
(380725, 0.92209429)
(163359, 0.92209429)
(99303, 0.92209429)
(52562, 0.92209429)
(244890, 0.92209429)
(147835, 0.92209429)
(345071, 0.92209429)
(233974, 0.92209429)
(273822, 0.92209429)
(106664, 0.92209429)
(202721, 0.92209429)
(208709, 0.92209421)
(157169, 0.92209421)
(92826, 0.92209413)
(360953, 0.9220875)
(168661, 0.92208741)
(146638, 0.92208741)
(415110, 0.92208733)
(172827, 0.92208733)
(77205, 0.92208733)
(289195, 0.92208733)
(40584, 0.92208733)
(316502, 0.92208733)
(173466, 0.92208725)
(86734, 0.92208725)
(122610, 0.92208725)
(41495, 0.92208725)
(378307, 0.92208725)
(31995, 0.92208037)
(176391, 0.92208037)
(384804, 0.92208037)
(313477, 0.92208037)
(105502, 0.92208037)
(361032, 0.92208037)
(286932, 0.92208029)
(200545, 0.92208029)
(226356, 0.92208029)
(178826, 0.92208029)
(63159, 0.92208029)
(334080, 0.92208029)
(36035, 0.92208029)
(156611, 0.92208029)
(259991, 0.92208029)
(368123, 0.92208029)
(240860, 0.92208029)
(165171, 0.9220802)
(248785, 0.92207341)
(197723, 0.92207341)
(214932, 0.92207341)
(92804, 0.92207333)
(330672, 0.92207333)
(202169, 0.92207333)
(360148, 0.92207333)
(3526, 0.92207333)
(322860, 0.92207324)
(386973, 0.92207324)
(309331, 0.92207316)
(378975, 0.92206653)
(286021, 0.92206645)
(396353, 0.92206637)
(32070, 0.92206637)
(26407, 0.92206637)
(387807, 0.9220662)
(358709, 0.9220662)
(119252, 0.92205949)
(345098, 0.9220594)
(296176, 0.9220594)
(325869, 0.9220594)
(224981, 0.92205924)
(12264, 0.92205236)
(150633, 0.92204532)
(337897, 0.92203819)
(316838, 0.92202435)
(155884, 0.92098072)
(297730, 0.92095992)
(282666, 0.92095992)
(143410, 0.92095984)
(78990, 0.92095984)
(47168, 0.92095984)
(79304, 0.92095976)
(207797, 0.92095976)
(196357, 0.92095288)
(166927, 0.92095288)
(116230, 0.9209528)
(334228, 0.9209528)
(64902, 0.9209528)
(67026, 0.92095271)
(152238, 0.92094592)
(66006, 0.92094592)
(219576, 0.92094583)
(139752, 0.92094583)
(314996, 0.92094575)
(186523, 0.92094575)
(141306, 0.92094575)
(301688, 0.92094575)
(222887, 0.92094575)
(386265, 0.92094575)
(53658, 0.92093896)
(177222, 0.92093896)
(365773, 0.92093887)
(102055, 0.92093887)
(53034, 0.92093887)
(183362, 0.92093887)
(332108, 0.92093879)
(328476, 0.92093879)
(177502, 0.92093879)
(32780, 0.92093879)
(50312, 0.92093879)
(350344, 0.92093879)
(368051, 0.92093879)
(34690, 0.92093879)
(166619, 0.92093879)
(297025, 0.92093871)
(131793, 0.92093199)
(157903, 0.92093199)
(18540, 0.92093191)
(363349, 0.92093191)
(340986, 0.92093191)
(301599, 0.92093191)
(196066, 0.92093183)
(194992, 0.92093183)
(126089, 0.92093183)
(243138, 0.92093183)
(95551, 0.92093183)
(389955, 0.92093183)
(336784, 0.92093183)
(130312, 0.92093183)
(162858, 0.92093183)
(386364, 0.92093183)
(387414, 0.92093183)
(94250, 0.92093175)
(150741, 0.92093175)
(92232, 0.92093175)
(40857, 0.92092495)
(225991, 0.92092487)
(346146, 0.92092487)
(171454, 0.92092487)
(49915, 0.92092487)
(235893, 0.92092487)
(361386, 0.92092487)
(305588, 0.92092487)
(405251, 0.92092487)
(57386, 0.92092478)
(379857, 0.92092478)
(56806, 0.92092478)
(415997, 0.92092478)
(102347, 0.92092478)
(90271, 0.92092478)
(116599, 0.92092478)
(84848, 0.92092478)
(325886, 0.92091807)
(229588, 0.92091807)
(56293, 0.92091791)
(318721, 0.92091791)
(222964, 0.92091791)
(198995, 0.92091791)
(95997, 0.92091791)
(202975, 0.92091791)
(80352, 0.92091791)
(123963, 0.92091791)
(138317, 0.92091791)
(401972, 0.92091782)
(56271, 0.92091782)
(18569, 0.92091782)
(356622, 0.92091782)
(83673, 0.92091782)
(215937, 0.92091774)
(85063, 0.92091774)
(263227, 0.92091774)
(280995, 0.92091774)
(218754, 0.92091103)
(179055, 0.92091103)
(355911, 0.92091103)
(414732, 0.92091094)
(49608, 0.92091094)
(138386, 0.92091094)
(18051, 0.92091094)
(284121, 0.92091086)
(238846, 0.92091086)
(111565, 0.92091086)
(113744, 0.92091086)
(322555, 0.92091086)
(392280, 0.92091086)
(262705, 0.92091086)
(412302, 0.92091086)
(17837, 0.92091078)
(72803, 0.92091078)
(13238, 0.92091078)
(55925, 0.92091078)
(392613, 0.92090398)
(228468, 0.9209039)
(205711, 0.9209039)
(238506, 0.9209039)
(388007, 0.9209039)
(84746, 0.9209039)
(265025, 0.92090382)
(246398, 0.92090382)
(110592, 0.92090382)
(386355, 0.92090382)
(291672, 0.92090382)
(48828, 0.92090373)
(78975, 0.92089702)
(198576, 0.92089694)
(399370, 0.92089694)
(351796, 0.92089694)
(167924, 0.92089686)
(210850, 0.92089686)
(236052, 0.92089686)
(146844, 0.92089686)
(367674, 0.92089686)
(82034, 0.92089677)
(319250, 0.92089677)
(146392, 0.92088998)
(327735, 0.92088989)
(31505, 0.92088989)
(284752, 0.92088989)
(341882, 0.92088989)
(327821, 0.92088989)
(442, 0.92088981)
(373799, 0.92088981)
(417622, 0.92088981)
(140355, 0.92088981)
(34460, 0.92088981)
(311234, 0.92088973)
(209763, 0.92088285)
(360079, 0.92088285)
(407721, 0.92088285)
(275469, 0.92088285)
(148384, 0.92088277)
(386492, 0.92088277)
(400262, 0.92088277)
(60858, 0.92087605)
(376656, 0.92087597)
(128401, 0.92087581)
(168909, 0.92086884)
(381483, 0.92086188)
(105711, 0.91979737)
(158043, 0.91979737)
(319983, 0.91979033)
(139648, 0.91978337)
(251617, 0.91978337)
(322256, 0.91977641)
(230994, 0.91977632)
(128076, 0.91976945)
(323957, 0.91976945)
(10748, 0.91976945)
(328094, 0.91976936)
(324365, 0.91976936)
(306105, 0.91976936)
(99244, 0.91976936)
(202884, 0.91976936)
(136671, 0.91976928)
(216271, 0.91976928)
(297902, 0.91976928)
(4899, 0.9197624)
(89900, 0.9197624)
(43431, 0.91976232)
(102644, 0.91976232)
(212866, 0.91976232)
(400259, 0.91976232)
(390876, 0.91976232)
(89747, 0.91976232)
(86633, 0.91975552)
(326775, 0.91975544)
(7753, 0.91975544)
(375955, 0.91975536)
(185753, 0.91975536)
(94888, 0.91975536)
(156247, 0.91975536)
(165175, 0.91975536)
(197775, 0.91975536)
(361817, 0.91975527)
(241224, 0.91975527)
(242133, 0.91975527)
(141972, 0.91974848)
(415390, 0.91974848)
(22540, 0.9197484)
(346128, 0.9197484)
(367399, 0.9197484)
(396810, 0.9197484)
(259318, 0.9197484)
(210835, 0.91974831)
(236773, 0.91974831)
(40705, 0.91974831)
(385616, 0.91974831)
(132448, 0.91974831)
(232450, 0.91974831)
(124349, 0.91974831)
(318754, 0.91974823)
(87722, 0.91974144)
(384130, 0.91974144)
(290979, 0.91974144)
(61761, 0.91974144)
(27859, 0.91974144)
(358437, 0.91974144)
(348322, 0.91974135)
(76238, 0.91974135)
(4050, 0.91974135)
(314750, 0.91974135)
(127270, 0.91974135)
(135965, 0.91974135)
(149798, 0.91974135)
(75732, 0.91974135)
(281850, 0.91974135)
(391262, 0.91974135)
(41805, 0.91974127)
(8102, 0.91974127)
(172772, 0.91974127)
(398955, 0.91973456)
(33311, 0.91973447)
(88336, 0.91973447)
(330248, 0.91973447)
(71040, 0.91973439)
(72313, 0.91973439)
(148251, 0.91973439)
(390930, 0.91973439)
(5469, 0.91973439)
(104315, 0.91973431)
(332227, 0.91973431)
(324874, 0.91973431)
(240881, 0.91972751)
(150470, 0.91972751)
(26214, 0.91972751)
(386940, 0.91972743)
(115069, 0.91972743)
(66414, 0.91972743)
(176503, 0.91972743)
(278413, 0.91972735)
(56397, 0.91972735)
(83873, 0.91972735)
(307661, 0.91972735)
(147585, 0.91972726)
(211059, 0.91972055)
(197186, 0.91972047)
(152231, 0.91972039)
(229275, 0.91972039)
(318632, 0.91972039)
(302885, 0.91972039)
(113510, 0.9197203)
(42444, 0.9197203)
(82989, 0.9197203)
(372265, 0.91971351)
(254005, 0.91971351)
(181033, 0.91971342)
(277670, 0.91971342)
(307689, 0.91971342)
(340838, 0.91971342)
(6620, 0.91971334)
(245850, 0.91971334)
(272710, 0.91971334)
(85477, 0.91971334)
(35611, 0.91970646)
(26253, 0.91970646)
(303557, 0.91970638)
(305979, 0.9197063)
(372196, 0.9196995)
(324132, 0.9196995)
(187264, 0.91969942)
(126203, 0.91969934)
(152010, 0.91969246)
(212848, 0.91967837)
(224671, 0.9186277)
(177533, 0.9186209)
(135371, 0.91862082)
(76794, 0.91860698)
(35084, 0.9186069)
(200660, 0.91860682)
(247290, 0.91859985)
(201806, 0.91859289)
(353846, 0.91859289)
(342335, 0.91859289)
(38760, 0.91859289)
(351677, 0.91859289)
(166421, 0.91858601)
(83558, 0.91858593)
(322100, 0.91858593)
(118972, 0.91858593)
(113048, 0.91858593)
(50028, 0.91858585)
(108613, 0.91858585)
(191876, 0.91858585)
(278378, 0.91858577)
(154702, 0.91858577)
(212271, 0.91857905)
(331045, 0.91857905)
(196623, 0.91857897)
(64886, 0.91857897)
(292166, 0.91857897)
(134529, 0.91857897)
(218323, 0.91857889)
(270187, 0.91857889)
(40728, 0.9185788)
(111670, 0.91857872)
(98832, 0.91857201)
(284131, 0.91857193)
(69001, 0.91857193)
(215837, 0.91857193)
(94173, 0.91857193)
(138591, 0.91857193)
(199913, 0.91857193)
(49656, 0.91857184)
(259933, 0.91857184)
(223333, 0.91857184)
(417023, 0.91857184)
(392339, 0.91857184)
(214885, 0.91856496)
(317112, 0.91856496)
(73654, 0.91856496)
(391867, 0.91856496)
(288157, 0.91856488)
(37776, 0.91856488)
(340967, 0.91856488)
(324891, 0.91856488)
(233100, 0.9185648)
(92230, 0.9185648)
(310063, 0.91855809)
(238609, 0.918558)
(271217, 0.918558)
(203449, 0.91855792)
(318637, 0.91855792)
(245704, 0.91855792)
(290535, 0.91855784)
(168210, 0.91855775)
(52908, 0.91855775)
(229615, 0.91855104)
(416189, 0.91855104)
(222752, 0.91855104)
(417097, 0.91855104)
(35950, 0.91855096)
(291895, 0.91855096)
(322826, 0.91855096)
(333495, 0.91855088)
(13678, 0.91855088)
(199788, 0.91855079)
(396481, 0.91854416)
(266290, 0.91854408)
(20787, 0.918544)
(250768, 0.918544)
(399195, 0.918544)
(264767, 0.918544)
(245737, 0.918544)
(272949, 0.91854391)
(24031, 0.91854391)
(157970, 0.91854391)
(35523, 0.91854383)
(25665, 0.91853704)
(26199, 0.91853695)
(323994, 0.91853695)
(160926, 0.91853695)
(342261, 0.91853695)
(187909, 0.91853687)
(112505, 0.91853016)
(236, 0.91853007)
(247024, 0.91852999)
(396888, 0.91852999)
(337393, 0.91852991)
(190620, 0.91852991)
(90995, 0.91852991)
(159067, 0.91852983)
(61689, 0.91852278)
(121608, 0.9185159)
(412461, 0.9184951)
(401608, 0.91848101)
(384506, 0.91743043)
(211863, 0.91743034)
(354825, 0.91742338)
(416485, 0.91742338)
(366339, 0.91741642)
(227149, 0.91740946)
(281448, 0.9174025)
(236950, 0.9174025)
(295890, 0.91740242)
(339210, 0.91740242)
(153615, 0.91740242)
(401663, 0.91740242)
(277661, 0.91740242)
(281009, 0.91740242)
(386645, 0.91740233)
(46446, 0.91740233)
(108453, 0.91740225)
(371589, 0.91739554)
(186930, 0.91739554)
(396947, 0.91739546)
(2136, 0.91739546)
(353113, 0.91739546)
(138336, 0.91739546)
(361702, 0.91739546)
(8149, 0.91739546)
(265796, 0.91739537)
(118622, 0.91739537)
(412861, 0.91739537)
(235578, 0.91739537)
(302586, 0.91738849)
(212308, 0.91738841)
(307373, 0.91738841)
(332521, 0.91738841)
(192663, 0.91738162)
(178590, 0.91738153)
(30567, 0.91738145)
(392346, 0.91738137)
(58065, 0.91738137)
(96881, 0.91737457)
(419394, 0.91737449)
(217763, 0.91737449)
(67606, 0.91737449)
(227264, 0.91737449)
(82119, 0.91736761)
(45115, 0.91736753)
(165886, 0.91736753)
(244953, 0.91736736)
(94972, 0.91736736)
(160467, 0.91736736)
(42188, 0.91736048)
(369573, 0.91736048)
(141308, 0.9173604)
(204739, 0.9173604)
(298479, 0.9173604)
(402323, 0.91735352)
(384150, 0.91735344)
(405307, 0.91734656)
(136453, 0.91734648)
(82323, 0.91734648)
(258776, 0.91734639)
(11904, 0.9173396)
(216292, 0.9173396)
(237692, 0.91733952)
(216452, 0.91733943)
(243264, 0.91733943)
(132506, 0.91733935)
(386086, 0.91733935)
(843, 0.91733255)
(225853, 0.91733247)
(256246, 0.91732568)
(308699, 0.91732551)
(79312, 0.91729742)
(169056, 0.91624003)
(25861, 0.91623995)
(65579, 0.91622611)
(400076, 0.91622603)
(252554, 0.91622595)
(142770, 0.91622595)
(41537, 0.91621907)
(58482, 0.91621907)
(33210, 0.91621907)
(12577, 0.91621898)
(215864, 0.9162189)
(105261, 0.91621202)
(308635, 0.91621202)
(90276, 0.91621202)
(340021, 0.91621202)
(190140, 0.91621202)
(148548, 0.91621194)
(95978, 0.91621186)
(161286, 0.91621186)
(126032, 0.91620506)
(38250, 0.91620506)
(605, 0.91620506)
(276745, 0.91620498)
(45452, 0.91620498)
(323446, 0.9161981)
(60867, 0.9161981)
(27945, 0.91619802)
(397801, 0.91619793)
(19241, 0.91619785)
(117850, 0.91619114)
(338754, 0.91619097)
(196795, 0.91619097)
(82009, 0.91619097)
(152280, 0.91619097)
(27878, 0.91619089)
(407606, 0.91618409)
(10779, 0.91618401)
(161489, 0.91618393)
(159858, 0.91618393)
(5393, 0.91617705)
(321122, 0.91617705)
(273052, 0.91617697)
(297777, 0.91617009)
(280734, 0.91617001)
(330225, 0.91613512)
(330947, 0.9150634)
(225374, 0.91505644)
(211490, 0.91505644)
(403437, 0.91504964)
(222574, 0.91504956)
(278700, 0.91503555)
(345203, 0.91503547)
(371755, 0.91503539)
(342499, 0.91502859)
(97830, 0.91502851)
(74763, 0.91502851)
(288144, 0.91502851)
(318618, 0.91502834)
(118880, 0.91502171)
(276568, 0.91502163)
(228902, 0.91502155)
(196179, 0.91502146)
(417885, 0.91501459)
(111629, 0.91501442)
(141669, 0.91500754)
(206382, 0.91500754)
(59679, 0.91500746)
(25342, 0.91500738)
(384436, 0.91500066)
(183967, 0.91500058)
(44070, 0.9150005)
(390145, 0.91499362)
(209809, 0.91499362)
(52382, 0.91498641)
(338652, 0.91497953)
(183688, 0.91497265)
(382967, 0.91390798)
(176861, 0.91389397)
(193257, 0.91387997)
(19125, 0.91387309)
(336761, 0.91387292)
(395141, 0.91386613)
(140599, 0.91386588)
(189871, 0.91386588)
(267184, 0.91385908)
(254739, 0.91385892)
(151754, 0.91385883)
(50452, 0.91385204)
(203442, 0.91385204)
(27350, 0.91385204)
(156431, 0.91383812)
(28701, 0.91383803)
(99786, 0.91383803)
(226257, 0.91383803)
(119589, 0.91383803)
(43874, 0.91383107)
(47966, 0.91383099)
(80681, 0.91383091)
(173377, 0.91382403)
(387230, 0.91382403)
(186496, 0.91381715)
(276874, 0.91381707)
(164585, 0.91267548)
(195265, 0.91266869)
(282293, 0.91266164)
(244649, 0.9126546)
(196146, 0.91265452)
(241779, 0.9126478)
(59088, 0.91264764)
(404744, 0.91264756)
(199443, 0.91264068)
(353700, 0.91263372)
(165912, 0.91263355)
(56418, 0.91261963)
(405605, 0.91152006)
(39955, 0.91150614)
(254825, 0.91149222)
(70344, 0.91148526)
(265310, 0.91144341)
(49990, 0.91142915)
(351219, 0.9103087)
(352886, 0.91028782)
(230818, 0.91028757)
(280506, 0.91023868)
(357949, 0.91023859)
(69500, 0.90913223)
